0 0.329797 0.128662 0.033562 0.039316
0 0.108953 0.300752 0.039094 0.041230
0 0.118602 0.367432 0.038453 0.042441
0 0.099336 0.461533 0.036391 0.036816
0 0.098078 0.600059 0.038437 0.034766
0 0.278711 0.484707 0.033547 0.032734
0 0.263664 0.752754 0.029859 0.034258
0 0.501180 0.475996 0.029047 0.029141
0 0.440602 0.771699 0.032734 0.033242
0 0.303211 0.454854 0.031484 0.036309
0 0.290875 0.335586 0.036406 0.033750
0 0.457711 0.501172 0.033953 0.034805
0 0.639422 0.518037 0.036406 0.038848
0 0.692672 0.442627 0.028625 0.027676
0 0.612211 0.780742 0.031891 0.037422
0 0.864328 0.338662 0.032875 0.034355
0 0.809930 0.669189 0.037797 0.034980
0 0.781742 0.798926 0.035828 0.033750
0 0.577016 0.131289 0.034125 0.034062
0 0.320805 0.154941 0.036797 0.034961
0 0.305773 0.177520 0.030891 0.036875
0 0.544102 0.151680 0.035359 0.035742
0 0.516953 0.167803 0.032844 0.032520
0 0.786789 0.142520 0.038609 0.039219
0 0.406789 0.311836 0.032891 0.034961
0 0.663828 0.368936 0.037312 0.035645
0 0.759547 0.172979 0.037250 0.034395
0 0.541125 0.324463 0.033875 0.034355
0 0.995953 0.171855 0.008094 0.039336
0 0.498820 0.194453 0.029953 0.034375
0 0.417695 0.200986 0.030922 0.034004
0 0.721094 0.192695 0.036094 0.035547
0 0.876484 0.381787 0.035937 0.037637
0 0.844859 0.529043 0.034750 0.036797
0 0.987398 0.182695 0.025203 0.034609
0 0.967594 0.195420 0.036062 0.039199
0 0.554828 0.210781 0.038125 0.035703
0 0.343727 0.099014 0.044859 0.041348
0 0.107859 0.131465 0.037500 0.036016
0 0.689648 0.212832 0.030547 0.030859
0 0.922773 0.213223 0.037172 0.038320
0 0.115836 0.104746 0.040453 0.038984
0 0.122938 0.070674 0.045031 0.034590
0 0.963602 0.971709 0.027422 0.031152
0 0.990344 0.840078 0.016500 0.039766
0 0.078727 0.739336 0.035172 0.037852