0 0.259125 0.129062 0.037188 0.042578
0 0.092281 0.300088 0.039094 0.041230
0 0.117578 0.370205 0.038437 0.042441
0 0.104750 0.459795 0.036406 0.036816
0 0.122195 0.597920 0.035984 0.032520
0 0.295539 0.459102 0.031641 0.030234
0 0.308898 0.734336 0.029859 0.034258
0 0.501180 0.475996 0.029047 0.029141
0 0.482328 0.735293 0.032719 0.033242
0 0.310383 0.443877 0.031484 0.036309
0 0.297109 0.298926 0.036406 0.033750
0 0.482430 0.447529 0.033953 0.034824
0 0.664875 0.446035 0.036406 0.038867
0 0.692672 0.442627 0.028625 0.027676
0 0.652852 0.731270 0.031891 0.037422
0 0.865211 0.339023 0.032891 0.034375
0 0.840102 0.600547 0.037797 0.034961
0 0.829273 0.731113 0.035828 0.033750
0 0.470281 0.123311 0.033844 0.033730
0 0.277617 0.134893 0.036797 0.034980
0 0.286336 0.140840 0.030891 0.036875
0 0.474844 0.132715 0.035344 0.035742
0 0.472141 0.130166 0.032844 0.032520
0 0.682492 0.117686 0.034734 0.036426
0 0.417430 0.251934 0.032891 0.034961
0 0.668070 0.297451 0.037297 0.035645
0 0.682602 0.124238 0.033109 0.031602
0 0.552039 0.252061 0.033859 0.034355
0 0.912180 0.116963 0.040578 0.039316
0 0.479625 0.136992 0.029938 0.034375
0 0.419461 0.134678 0.030922 0.034004
0 0.674531 0.131055 0.029719 0.035547
0 0.859281 0.304717 0.035937 0.039785
0 0.848953 0.458975 0.034750 0.036816
0 0.985766 0.182695 0.028469 0.034609
0 0.895125 0.129492 0.036062 0.039180
0 0.553398 0.136133 0.038109 0.035703
0 0.239039 0.117490 0.044859 0.041348
0 0.064625 0.129453 0.037000 0.036016
0 0.674063 0.136230 0.030531 0.030859
0 0.876094 0.130889 0.037156 0.034043
0 0.037422 0.122529 0.035562 0.038965
0 0.012719 0.114043 0.022500 0.041719
0 0.127961 0.734189 0.035172 0.037832