0 0.281281 0.128926 0.035937 0.041445
0 0.097508 0.300088 0.039078 0.041230
0 0.118055 0.369014 0.038453 0.042441
0 0.102141 0.460088 0.036406 0.036816
0 0.112312 0.599297 0.034281 0.030937
0 0.292703 0.460576 0.033531 0.032715
0 0.292992 0.740859 0.029859 0.034258
0 0.501180 0.475996 0.029047 0.029141
0 0.468797 0.748057 0.032719 0.033223
0 0.307031 0.449004 0.031500 0.036289
0 0.294687 0.311406 0.036406 0.033750
0 0.474359 0.465635 0.033937 0.034824
0 0.656953 0.470977 0.036406 0.038867
0 0.692672 0.442627 0.028625 0.027676
0 0.638828 0.747969 0.031906 0.037422
0 0.864805 0.338857 0.032891 0.034355
0 0.829883 0.624668 0.037797 0.034961
0 0.811961 0.755645 0.035828 0.033750
0 0.508625 0.123535 0.033844 0.033711
0 0.292727 0.141914 0.036797 0.034961
0 0.291961 0.153379 0.030891 0.036875
0 0.498891 0.138809 0.035344 0.035742
0 0.487734 0.144131 0.032844 0.032520
0 0.719391 0.124414 0.036813 0.037930
0 0.413875 0.272949 0.032875 0.034961
0 0.665602 0.323018 0.037297 0.035645
0 0.711344 0.142354 0.035344 0.033105
0 0.550320 0.274902 0.033859 0.034375
0 0.948734 0.132461 0.040313 0.039336
0 0.486500 0.156396 0.029938 0.034355
0 0.418680 0.156553 0.030922 0.034004
0 0.689695 0.152148 0.033141 0.035547
0 0.865391 0.331836 0.035937 0.038789
0 0.847641 0.483506 0.034750 0.036816
0 0.986992 0.182695 0.026016 0.034609
0 0.920414 0.150586 0.036078 0.039180
0 0.553867 0.161582 0.038109 0.035703
0 0.274352 0.109580 0.044859 0.041348
0 0.079320 0.130176 0.037016 0.036016
0 0.678937 0.162266 0.030531 0.030859
0 0.892273 0.158457 0.037172 0.034062
0 0.064703 0.115850 0.037469 0.038965
0 0.049750 0.098037 0.037656 0.034316
0 0.993086 0.931455 0.013828 0.041230
0 0.109437 0.735967 0.035187 0.037832