0 0.284453 0.128906 0.035750 0.041289
0 0.098250 0.300088 0.039094 0.041230
0 0.118117 0.368838 0.038453 0.042441
0 0.101766 0.460127 0.036406 0.036816
0 0.110898 0.599502 0.034016 0.030723
0 0.291508 0.462549 0.033547 0.032715
0 0.290711 0.741797 0.029859 0.034258
0 0.501180 0.475996 0.029047 0.029141
0 0.466859 0.749883 0.032719 0.033242
0 0.306562 0.449736 0.031500 0.036309
0 0.294344 0.313184 0.036406 0.033750
0 0.473211 0.468223 0.033953 0.034805
0 0.655820 0.474541 0.036391 0.038848
0 0.692672 0.442627 0.028625 0.027676
0 0.636828 0.750352 0.031906 0.037422
0 0.864742 0.338828 0.032891 0.034375
0 0.828414 0.628115 0.037797 0.034980
0 0.809484 0.759150 0.035844 0.033730
0 0.514094 0.123574 0.033844 0.033711
0 0.294891 0.142910 0.036813 0.034961
0 0.292773 0.155176 0.030891 0.036875
0 0.502328 0.139678 0.035344 0.035723
0 0.489953 0.146123 0.032844 0.032520
0 0.724656 0.125381 0.037125 0.038145
0 0.413367 0.275947 0.032891 0.034980
0 0.665242 0.326670 0.037297 0.035645
0 0.715453 0.144941 0.035656 0.033320
0 0.550078 0.278164 0.033875 0.034375
0 0.953961 0.134980 0.040234 0.039336
0 0.487484 0.159170 0.029937 0.034355
0 0.418570 0.159678 0.030922 0.034004
0 0.691867 0.155176 0.033641 0.035547
0 0.866258 0.335703 0.035922 0.038633
0 0.847453 0.487021 0.034750 0.036816
0 0.987172 0.182695 0.025656 0.034609
0 0.924094 0.153838 0.036063 0.039199
0 0.553937 0.165215 0.038125 0.035703
0 0.279508 0.108486 0.044859 0.041348
0 0.081422 0.130273 0.037000 0.036016
0 0.679625 0.165996 0.030531 0.030859
0 0.894586 0.162402 0.037172 0.034062
0 0.068602 0.114893 0.037734 0.038965
0 0.055305 0.095811 0.038328 0.034316
0 0.992508 0.934404 0.014984 0.041230
0 0.106789 0.736221 0.035172 0.037832