0 0.274953 0.128955 0.036281 0.041777
0 0.096016 0.300088 0.039094 0.041230
0 0.117914 0.369346 0.038453 0.042441
0 0.102891 0.460000 0.036406 0.036797
0 0.115133 0.598906 0.034766 0.031367
0 0.293516 0.460146 0.033000 0.032012
0 0.297539 0.739004 0.029859 0.034258
0 0.501180 0.475996 0.029047 0.029141
0 0.472664 0.744404 0.032734 0.033223
0 0.307992 0.447539 0.031484 0.036289
0 0.295383 0.307832 0.036391 0.033750
0 0.476664 0.460459 0.033953 0.034824
0 0.659219 0.463848 0.036406 0.038867
0 0.692672 0.442627 0.028625 0.027676
0 0.642844 0.743193 0.031906 0.037441
0 0.864914 0.338896 0.032891 0.034355
0 0.832805 0.617773 0.037797 0.034961
0 0.816906 0.748633 0.035844 0.033750
0 0.497672 0.123477 0.033844 0.033711
0 0.288414 0.139912 0.036797 0.034980
0 0.290352 0.149805 0.030891 0.036875
0 0.492023 0.137070 0.035359 0.035742
0 0.483281 0.140146 0.032844 0.032520
0 0.708844 0.122500 0.036219 0.037500
0 0.414891 0.266943 0.032875 0.034980
0 0.666305 0.315713 0.037297 0.035645
0 0.703133 0.137178 0.034703 0.032676
0 0.550812 0.268369 0.033875 0.034355
0 0.938305 0.127432 0.040453 0.039316
0 0.484539 0.150850 0.029953 0.034355
0 0.418898 0.150303 0.030922 0.034004
0 0.685367 0.146133 0.032172 0.035547
0 0.863641 0.324082 0.035937 0.039062
0 0.848016 0.476504 0.034750 0.036797
0 0.986641 0.182695 0.026719 0.034609
0 0.913047 0.144082 0.036063 0.039180
0 0.553734 0.154307 0.038125 0.035723
0 0.264062 0.111768 0.044875 0.041348
0 0.075117 0.129971 0.037016 0.036035
0 0.677547 0.154824 0.030531 0.030859
0 0.887648 0.150586 0.037172 0.034062
0 0.056914 0.117764 0.036922 0.038965
0 0.038648 0.102480 0.036328 0.034336
0 0.994250 0.925576 0.011500 0.041230
0 0.114727 0.735459 0.035172 0.037832