0 0.171781 0.136074 0.043969 0.047305
0 0.076883 0.300088 0.039078 0.041230
0 0.117617 0.372803 0.038453 0.042441
0 0.115703 0.458467 0.036406 0.036816
0 0.017633 0.942607 0.032203 0.038848
0 0.162516 0.594883 0.038438 0.034766
0 0.302008 0.459219 0.033203 0.032266
0 0.366492 0.704277 0.029859 0.034258
0 0.501180 0.475996 0.029047 0.029141
0 0.537906 0.690020 0.032719 0.033242
0 0.338687 0.401143 0.031500 0.036309
0 0.302977 0.255264 0.036391 0.033730
0 0.510930 0.381729 0.033953 0.034824
0 0.691969 0.359863 0.036406 0.038867
0 0.696875 0.442627 0.028625 0.027676
0 0.709109 0.665000 0.031906 0.037422
0 0.866805 0.339688 0.032891 0.034375
0 0.876766 0.508135 0.037781 0.034980
0 0.885680 0.644941 0.035828 0.033750
0 0.323664 0.122793 0.042203 0.042891
0 0.222648 0.116650 0.039766 0.034980
0 0.264117 0.103037 0.039266 0.036855
0 0.376242 0.111533 0.044672 0.041777
0 0.415719 0.093115 0.037875 0.032520
0 0.550508 0.094756 0.043078 0.036816
0 0.432437 0.181621 0.032875 0.034961
0 0.666516 0.208115 0.037312 0.035645
0 0.585508 0.083652 0.034828 0.036133
0 0.560562 0.163389 0.033875 0.034355
0 0.769320 0.069883 0.040578 0.039336
0 0.453031 0.069121 0.029937 0.034375
0 0.408914 0.067373 0.030922 0.034004
0 0.609750 0.061641 0.038625 0.035547
0 0.831695 0.206064 0.035922 0.041230
0 0.851891 0.367549 0.034750 0.036816
0 0.990195 0.183340 0.019609 0.034609
0 0.563859 0.987998 0.031438 0.024004
0 0.735891 0.976553 0.038875 0.038027
0 0.909188 0.961582 0.033438 0.034453
0 0.800062 0.055977 0.036063 0.039180
0 0.545758 0.048711 0.038109 0.035703
0 0.112422 0.159033 0.044875 0.041348
0 0.021922 0.139395 0.037437 0.036016
0 0.644828 0.043926 0.030531 0.030859
0 0.990781 0.027998 0.018437 0.036621
0 0.809969 0.032109 0.038625 0.034063
0 0.193773 0.727998 0.035172 0.037832