0 0.278117 0.128945 0.036109 0.041602
0 0.096758 0.300088 0.039078 0.041230
0 0.117992 0.369189 0.038453 0.042441
0 0.102516 0.460049 0.036406 0.036816
0 0.113727 0.599102 0.034516 0.031172
0 0.293109 0.460361 0.033281 0.032363
0 0.295258 0.739922 0.029859 0.034258
0 0.501180 0.475996 0.029047 0.029141
0 0.470734 0.746230 0.032719 0.033242
0 0.307516 0.448271 0.031500 0.036309
0 0.295039 0.309619 0.036391 0.033730
0 0.475508 0.463047 0.033953 0.034805
0 0.658078 0.467412 0.036406 0.038848
0 0.692672 0.442627 0.028625 0.027676
0 0.640836 0.745586 0.031891 0.037422
0 0.864859 0.338877 0.032875 0.034355
0 0.831336 0.621221 0.037797 0.034980
0 0.814430 0.752148 0.035828 0.033750
0 0.503141 0.123496 0.033844 0.033711
0 0.290570 0.140908 0.036797 0.034980
0 0.291164 0.151602 0.030891 0.036875
0 0.495461 0.137939 0.035359 0.035723
0 0.485500 0.142139 0.032844 0.032520
0 0.714117 0.123467 0.036516 0.037715
0 0.414383 0.269951 0.032891 0.034980
0 0.665953 0.319365 0.037312 0.035645
0 0.707242 0.139766 0.035016 0.032891
0 0.550563 0.271631 0.033875 0.034355
0 0.943516 0.129951 0.040375 0.039316
0 0.485516 0.153623 0.029938 0.034355
0 0.418789 0.153428 0.030922 0.034004
0 0.687531 0.149141 0.032656 0.035547
0 0.864516 0.327959 0.035937 0.038926
0 0.847828 0.480010 0.034750 0.036816
0 0.986820 0.182695 0.026359 0.034609
0 0.916734 0.147334 0.036063 0.039199
0 0.553797 0.157949 0.038125 0.035703
0 0.269211 0.110674 0.044859 0.041348
0 0.077219 0.130068 0.037000 0.036035
0 0.678234 0.158555 0.030531 0.030859
0 0.889961 0.154521 0.037172 0.034043
0 0.060813 0.116807 0.037187 0.038965
0 0.044203 0.100254 0.037000 0.034336
0 0.993672 0.928525 0.012656 0.041230
0 0.112086 0.735713 0.035172 0.037832