0 0.252797 0.129092 0.037562 0.042910
0 0.090789 0.300088 0.039078 0.041230
0 0.117445 0.370537 0.038453 0.042441
0 0.105500 0.459697 0.036406 0.036816
0 0.125023 0.597520 0.036484 0.032969
0 0.296344 0.458682 0.031094 0.029512
0 0.313445 0.732461 0.029859 0.034258
0 0.501180 0.475996 0.029047 0.029141
0 0.486203 0.731641 0.032719 0.033242
0 0.311344 0.442412 0.031500 0.036309
0 0.297797 0.295371 0.036406 0.033750
0 0.484742 0.442354 0.033953 0.034824
0 0.667125 0.438906 0.036406 0.038867
0 0.692672 0.442627 0.028625 0.027676
0 0.656859 0.726504 0.031906 0.037422
0 0.865336 0.339072 0.032891 0.034355
0 0.843023 0.593652 0.037797 0.034961
0 0.834227 0.724102 0.035828 0.033750
0 0.459328 0.123242 0.033844 0.033711
0 0.273289 0.132891 0.036797 0.034961
0 0.284727 0.137246 0.030891 0.036875
0 0.467969 0.130967 0.035344 0.035723
0 0.467687 0.126182 0.032844 0.032520
0 0.671953 0.115762 0.034156 0.035977
0 0.418445 0.245928 0.032891 0.034980
0 0.668781 0.290146 0.037312 0.035645
0 0.674375 0.119062 0.032469 0.031172
0 0.552531 0.245537 0.033875 0.034355
0 0.901727 0.113330 0.040578 0.039316
0 0.477672 0.131445 0.029938 0.034375
0 0.419680 0.128428 0.030922 0.034004
0 0.670203 0.125020 0.028750 0.035547
0 0.857539 0.296973 0.035922 0.040078
0 0.849328 0.451963 0.034750 0.036816
0 0.985414 0.182695 0.029172 0.034609
0 0.888078 0.124111 0.036062 0.039199
0 0.553266 0.128848 0.038125 0.035703
0 0.229461 0.119912 0.044859 0.041348
0 0.061508 0.129453 0.034703 0.036016
0 0.672672 0.128789 0.030531 0.030859
0 0.871469 0.123008 0.037156 0.034063
0 0.032188 0.125400 0.035562 0.038965
0 0.009023 0.119873 0.016578 0.040488
0 0.133258 0.733682 0.035172 0.037832