0 0.317539 0.128721 0.034109 0.039824
0 0.105664 0.300361 0.039078 0.041230
0 0.118602 0.367568 0.038453 0.042441
0 0.099234 0.460869 0.036406 0.036816
0 0.101680 0.598857 0.038453 0.034785
0 0.281367 0.479678 0.033547 0.032715
0 0.270352 0.750098 0.029859 0.034258
0 0.501180 0.475996 0.029047 0.029141
0 0.448234 0.766270 0.032719 0.033242
0 0.303211 0.454854 0.031484 0.036309
0 0.291516 0.329629 0.036406 0.033750
0 0.462164 0.492266 0.033953 0.034805
0 0.644516 0.506904 0.036406 0.038848
0 0.692672 0.442627 0.028625 0.027676
0 0.618578 0.772529 0.031906 0.037441
0 0.864328 0.338662 0.032875 0.034355
0 0.814883 0.659014 0.037797 0.034980
0 0.787992 0.789785 0.035828 0.033750
0 0.561023 0.129062 0.033828 0.033711
0 0.314328 0.151934 0.036813 0.034961
0 0.302102 0.171836 0.030891 0.036875
0 0.533250 0.147520 0.035344 0.035742
0 0.509734 0.162373 0.032844 0.032520
0 0.771687 0.136006 0.038594 0.039238
0 0.408789 0.302969 0.032891 0.034961
0 0.663195 0.358916 0.037297 0.035645
0 0.749297 0.164805 0.037250 0.034414
0 0.543367 0.313193 0.033859 0.034355
0 0.989766 0.160078 0.020469 0.039336
0 0.495992 0.185117 0.029953 0.034375
0 0.417055 0.191143 0.030922 0.034004
0 0.713938 0.182305 0.036094 0.035547
0 0.874008 0.370410 0.035922 0.037617
0 0.845625 0.518545 0.034750 0.036816
0 0.987789 0.182695 0.024422 0.034609
0 0.956047 0.183350 0.036062 0.039199
0 0.554203 0.198672 0.038125 0.035703
0 0.327367 0.100908 0.044859 0.041348
0 0.100312 0.131191 0.037000 0.036016
0 0.686555 0.200352 0.030547 0.030859
0 0.917031 0.200293 0.037156 0.038320
0 0.103695 0.106309 0.040172 0.038984
0 0.105258 0.075791 0.044359 0.034316
0 0.973992 0.962246 0.027422 0.033711
0 0.992914 0.828936 0.012391 0.035371
0 0.084445 0.738545 0.035172 0.037832