0 0.203391 0.132646 0.043969 0.047285
0 0.081086 0.300088 0.039078 0.041230
0 0.117242 0.372314 0.038453 0.042441
0 0.111875 0.458936 0.036406 0.036816
0 0.004758 0.928516 0.009516 0.038867
0 0.148531 0.595371 0.038437 0.034766
0 0.300109 0.458838 0.032156 0.030918
0 0.347461 0.714258 0.029859 0.034258
0 0.501180 0.475996 0.029047 0.029141
0 0.518859 0.704053 0.032719 0.033223
0 0.328234 0.416836 0.031500 0.036289
0 0.301016 0.268115 0.036406 0.033730
0 0.502117 0.402998 0.033953 0.034824
0 0.682969 0.386650 0.036406 0.038848
0 0.694648 0.442627 0.028641 0.027676
0 0.690063 0.687617 0.031906 0.037422
0 0.866273 0.339463 0.032891 0.034355
0 0.866023 0.539512 0.037797 0.034961
0 0.869398 0.672891 0.035828 0.033750
0 0.369609 0.119590 0.042219 0.042891
0 0.241789 0.119971 0.039766 0.034980
0 0.277570 0.112480 0.039266 0.036875
0 0.408094 0.112783 0.040250 0.036934
0 0.439047 0.102568 0.032844 0.032520
0 0.592945 0.099082 0.040016 0.035898
0 0.427492 0.202129 0.032891 0.034961
0 0.668891 0.235498 0.037312 0.035645
0 0.617063 0.095361 0.032594 0.035449
0 0.557203 0.192295 0.033875 0.034355
0 0.818070 0.084307 0.040578 0.039316
0 0.460484 0.090840 0.029938 0.034375
0 0.411477 0.085537 0.030922 0.034004
0 0.628313 0.081270 0.038625 0.035547
0 0.841516 0.236572 0.035937 0.041230
0 0.851297 0.397920 0.034750 0.036816
0 0.987039 0.182695 0.025922 0.034609
0 0.712422 0.987412 0.038875 0.025176
0 0.884172 0.980557 0.033438 0.025566
0 0.831742 0.080996 0.036078 0.039180
0 0.550984 0.072793 0.038125 0.035703
0 0.157781 0.143701 0.044875 0.041348
0 0.035914 0.134277 0.037422 0.036016
0 0.655336 0.072637 0.030547 0.030859
0 0.834477 0.060000 0.037172 0.034062
0 0.172523 0.729385 0.035172 0.037832