0 0.192453 0.133164 0.043969 0.047305
0 0.079687 0.300088 0.039094 0.041230
0 0.117367 0.372480 0.038453 0.042422
0 0.113156 0.458779 0.036406 0.036816
0 0.007227 0.924980 0.014453 0.038867
0 0.153109 0.595156 0.038438 0.034766
0 0.300742 0.458965 0.032516 0.031367
0 0.353398 0.710234 0.029859 0.034258
0 0.501180 0.475996 0.029047 0.029141
0 0.525305 0.699170 0.032734 0.033223
0 0.331625 0.411318 0.031500 0.036309
0 0.301180 0.263242 0.036391 0.033750
0 0.505164 0.396006 0.033953 0.034824
0 0.685508 0.377744 0.036391 0.038848
0 0.695391 0.442627 0.028625 0.027676
0 0.696516 0.680195 0.031906 0.037422
0 0.866445 0.339541 0.032891 0.034355
0 0.870258 0.529541 0.037797 0.034980
0 0.875164 0.664189 0.035828 0.033730
0 0.352359 0.120645 0.042219 0.042891
0 0.235273 0.119180 0.039766 0.034961
0 0.272305 0.110117 0.039266 0.036875
0 0.396633 0.112256 0.042141 0.039004
0 0.431156 0.099678 0.034313 0.032520
0 0.578344 0.097471 0.041719 0.036348
0 0.429359 0.194707 0.032875 0.034961
0 0.667875 0.225947 0.037312 0.035645
0 0.606141 0.092109 0.033563 0.036172
0 0.558227 0.182119 0.033859 0.034355
0 0.801727 0.078965 0.040578 0.039336
0 0.457969 0.083213 0.029938 0.034355
0 0.410633 0.079756 0.030922 0.034004
0 0.621781 0.074434 0.038625 0.035547
0 0.838125 0.225537 0.035937 0.041230
0 0.851469 0.388174 0.034750 0.036816
0 0.988414 0.182695 0.023172 0.034609
0 0.546078 0.990801 0.029312 0.018398
0 0.719953 0.984902 0.038875 0.030195
0 0.892172 0.975332 0.033438 0.029375
0 0.821266 0.072910 0.036062 0.039180
0 0.549625 0.064004 0.038125 0.035703
0 0.142633 0.149209 0.044859 0.041348
0 0.030594 0.135635 0.037437 0.036035
0 0.652180 0.063164 0.030547 0.030859
0 0.826664 0.049297 0.037453 0.034063
0 0.179305 0.728545 0.035172 0.037832