0 0.233805 0.129229 0.038641 0.043887
0 0.086312 0.300088 0.039094 0.041230
0 0.117039 0.371553 0.038453 0.042441
0 0.107742 0.459443 0.036391 0.036816
0 0.133492 0.596338 0.037953 0.034316
0 0.297992 0.458418 0.031016 0.029414
0 0.327086 0.726875 0.029859 0.034258
0 0.501180 0.475996 0.029047 0.029141
0 0.497797 0.720703 0.032719 0.033242
0 0.316891 0.434678 0.031500 0.036309
0 0.299875 0.284687 0.036406 0.033750
0 0.491664 0.426826 0.033953 0.034824
0 0.673922 0.417529 0.036406 0.038848
0 0.692672 0.442627 0.028625 0.027676
0 0.668875 0.712187 0.031906 0.037422
0 0.865680 0.339219 0.032891 0.034375
0 0.851789 0.572979 0.037797 0.034980
0 0.849070 0.703076 0.035828 0.033730
0 0.426469 0.123047 0.033844 0.033711
0 0.260336 0.126885 0.036797 0.034980
0 0.279898 0.126504 0.030891 0.036875
0 0.447352 0.125752 0.035359 0.035723
0 0.454328 0.114209 0.032844 0.032520
0 0.640336 0.110000 0.032359 0.034688
0 0.421500 0.227920 0.032875 0.034980
0 0.670898 0.268232 0.037297 0.035645
0 0.649734 0.103535 0.030563 0.029883
0 0.554000 0.225957 0.033875 0.034375
0 0.870352 0.102441 0.040578 0.039336
0 0.471781 0.114814 0.029937 0.034355
0 0.420352 0.109697 0.030922 0.034004
0 0.657211 0.106934 0.025797 0.035547
0 0.852313 0.273711 0.035937 0.040938
0 0.850469 0.430947 0.034750 0.036816
0 0.984359 0.182695 0.031281 0.034609
0 0.866953 0.107939 0.036063 0.039199
0 0.552859 0.107598 0.038125 0.035703
0 0.200734 0.127158 0.044875 0.041348
0 0.052914 0.130332 0.036328 0.036016
0 0.668508 0.106465 0.030547 0.030859
0 0.857594 0.099375 0.037156 0.034063
0 0.018313 0.134717 0.029906 0.038965
0 0.149133 0.732158 0.035172 0.037832