0 0.104500 0.157012 0.043969 0.047305
0 0.071406 0.310352 0.039094 0.041211
0 0.119438 0.380615 0.038437 0.042441
0 0.129930 0.464775 0.036391 0.036816
0 0.015453 0.840439 0.027625 0.035332
0 0.076867 0.962637 0.040484 0.038867
0 0.198328 0.594590 0.038437 0.034766
0 0.303133 0.464297 0.033547 0.032734
0 0.414805 0.686309 0.029859 0.034258
0 0.498789 0.483115 0.029047 0.029160
0 0.581141 0.651875 0.032719 0.033242
0 0.369445 0.372119 0.031484 0.036309
0 0.309312 0.228955 0.036406 0.033730
0 0.537977 0.337588 0.033953 0.034824
0 0.711562 0.294482 0.036406 0.038848
0 0.697047 0.446328 0.028625 0.027656
0 0.749750 0.613174 0.031906 0.037441
0 0.867586 0.347197 0.032891 0.034355
0 0.891039 0.438506 0.037797 0.034980
0 0.923281 0.579209 0.035844 0.033730
0 0.229094 0.145098 0.042219 0.042891
0 0.186641 0.108115 0.039750 0.034980
0 0.245984 0.080469 0.039281 0.036875
0 0.301031 0.111221 0.044656 0.041777
0 0.370312 0.069092 0.040250 0.032520
0 0.440375 0.090225 0.048094 0.036816
0 0.444352 0.137959 0.032891 0.034980
0 0.666234 0.140361 0.037312 0.035645
0 0.506961 0.061289 0.039766 0.040508
0 0.566703 0.107061 0.033875 0.034355
0 0.657836 0.041650 0.047609 0.039316
0 0.433844 0.033018 0.029938 0.034355
0 0.401820 0.028896 0.030922 0.032441
0 0.562172 0.023760 0.038625 0.034160
0 0.805648 0.136709 0.035922 0.041230
0 0.972406 0.130820 0.032344 0.042656
0 0.851750 0.290596 0.034750 0.036816
0 0.989594 0.194033 0.020813 0.034590
0 0.994102 0.305879 0.011797 0.027773
0 0.620570 0.974238 0.034641 0.029141
0 0.790906 0.940225 0.038875 0.039746
0 0.963484 0.908418 0.033438 0.034453
0 0.711117 0.016719 0.036078 0.029492
0 0.018492 0.201377 0.034734 0.041348
0 0.004359 0.159492 0.008281 0.030742
0 0.244773 0.723584 0.035172 0.037832