0 0.156813 0.140918 0.043969 0.047305
0 0.075203 0.301035 0.039094 0.041211
0 0.118320 0.373779 0.038453 0.042441
0 0.117914 0.458779 0.036391 0.036816
0 0.029281 0.947793 0.040500 0.038867
0 0.170289 0.594883 0.038453 0.034766
0 0.302687 0.459824 0.033531 0.032734
0 0.378133 0.701621 0.029859 0.034258
0 0.500992 0.476582 0.029047 0.029141
0 0.547406 0.682510 0.032719 0.033223
0 0.345047 0.394541 0.031500 0.036309
0 0.305234 0.250469 0.036406 0.033750
0 0.516117 0.370654 0.033953 0.034824
0 0.697703 0.345078 0.036406 0.038867
0 0.697617 0.442979 0.028641 0.027676
0 0.718516 0.652813 0.031906 0.037422
0 0.867102 0.339814 0.032891 0.034355
0 0.879352 0.490635 0.037797 0.034980
0 0.893313 0.628154 0.035844 0.033730
0 0.306930 0.126133 0.042203 0.042891
0 0.214023 0.113506 0.039766 0.034980
0 0.260273 0.095254 0.039266 0.036875
0 0.362266 0.111299 0.044656 0.041777
0 0.404859 0.086826 0.040250 0.032520
0 0.528969 0.091826 0.043750 0.036816
0 0.434258 0.172588 0.032891 0.034980
0 0.666328 0.194316 0.037312 0.035664
0 0.571023 0.077539 0.035484 0.036719
0 0.562133 0.150830 0.033859 0.034355
0 0.746555 0.063857 0.041516 0.039316
0 0.448687 0.060049 0.029938 0.034355
0 0.407273 0.056963 0.030922 0.034004
0 0.600719 0.053027 0.038625 0.035547
0 0.826758 0.192314 0.035922 0.041230
0 0.852281 0.349189 0.034750 0.036816
0 0.990062 0.184932 0.019875 0.034590
0 0.577031 0.985537 0.034625 0.027363
0 0.749250 0.966484 0.038875 0.039766
0 0.923438 0.947051 0.033438 0.034453
0 0.780766 0.043584 0.036063 0.039199
0 0.542203 0.037441 0.037281 0.034531
0 0.089203 0.166357 0.044875 0.041348
0 0.018188 0.143711 0.034687 0.035430
0 0.637828 0.029346 0.030531 0.031074
0 0.978625 0.019268 0.042750 0.035176
0 0.799852 0.019834 0.039203 0.029668
0 0.205758 0.728174 0.035172 0.037832