0 0.067734 0.173213 0.043969 0.047285
0 0.069477 0.325313 0.039078 0.041211
0 0.114711 0.389707 0.037203 0.040937
0 0.143344 0.473018 0.036406 0.036816
0 0.035836 0.859932 0.040109 0.035371
0 0.112984 0.974121 0.040500 0.038867
0 0.221375 0.596689 0.037250 0.030957
0 0.303344 0.474053 0.033531 0.032715
0 0.443820 0.676738 0.029859 0.034258
0 0.499352 0.494160 0.029047 0.029141
0 0.606406 0.632764 0.032719 0.033223
0 0.388859 0.358896 0.031500 0.036309
0 0.316984 0.221953 0.036406 0.033750
0 0.549117 0.317236 0.033953 0.034824
0 0.725891 0.262139 0.036406 0.038848
0 0.693148 0.457461 0.028641 0.027656
0 0.771680 0.584883 0.031891 0.037422
0 0.866141 0.363525 0.032875 0.034355
0 0.898766 0.398643 0.037781 0.034980
0 0.940758 0.539668 0.035828 0.033750
0 0.168359 0.158086 0.042219 0.042891
0 0.162539 0.113672 0.039766 0.034961
0 0.243539 0.072832 0.039266 0.036875
0 0.255586 0.112891 0.042859 0.040273
0 0.344359 0.063682 0.040250 0.032520
0 0.374750 0.096377 0.046875 0.036816
0 0.452828 0.119092 0.032875 0.034980
0 0.668438 0.108975 0.037312 0.035645
0 0.460398 0.053232 0.039766 0.040488
0 0.575695 0.078330 0.033859 0.034355
0 0.586000 0.030312 0.047625 0.039336
0 0.426812 0.018076 0.029938 0.029941
0 0.400117 0.014365 0.030922 0.027715
0 0.531891 0.008311 0.032531 0.016621
0 0.785547 0.103623 0.035937 0.041230
0 0.930727 0.093799 0.037703 0.040488
0 0.848531 0.257080 0.034750 0.036816
0 0.988617 0.207178 0.022766 0.034590
0 0.983898 0.263369 0.031922 0.041973
0 0.657891 0.960986 0.034625 0.029160
0 0.821594 0.915576 0.038875 0.039746
0 0.988016 0.881816 0.019437 0.034453
0 0.494055 0.994297 0.038172 0.011406
0 0.280898 0.722939 0.035172 0.037832