0 0.268625 0.129004 0.036656 0.042109
0 0.094523 0.300088 0.039078 0.041230
0 0.117781 0.369697 0.038438 0.042441
0 0.103641 0.459912 0.036406 0.036816
0 0.117961 0.598516 0.035266 0.031836
0 0.294320 0.459736 0.032453 0.031309
0 0.302070 0.737129 0.029859 0.034258
0 0.501180 0.475996 0.029047 0.029141
0 0.476531 0.740762 0.032719 0.033242
0 0.308953 0.446074 0.031500 0.036289
0 0.296078 0.304277 0.036406 0.033750
0 0.478977 0.455283 0.033953 0.034824
0 0.661477 0.456729 0.036391 0.038848
0 0.692672 0.442627 0.028625 0.027676
0 0.646844 0.738418 0.031906 0.037422
0 0.865039 0.338955 0.032891 0.034355
0 0.835727 0.610879 0.037797 0.034961
0 0.821852 0.741621 0.035828 0.033750
0 0.486719 0.123408 0.033844 0.033730
0 0.284094 0.137900 0.036813 0.034980
0 0.288742 0.146211 0.030891 0.036875
0 0.485148 0.135322 0.035359 0.035723
0 0.478828 0.136152 0.032844 0.032500
0 0.698305 0.120576 0.035641 0.037051
0 0.415906 0.260938 0.032875 0.034961
0 0.667008 0.308408 0.037297 0.035645
0 0.694922 0.132002 0.034062 0.032246
0 0.551297 0.261846 0.033875 0.034355
0 0.927867 0.122402 0.040578 0.039336
0 0.482578 0.145303 0.029938 0.034355
0 0.419117 0.144053 0.030922 0.034004
0 0.681031 0.140098 0.031187 0.035547
0 0.861898 0.316338 0.035922 0.039355
0 0.848391 0.469502 0.034750 0.036816
0 0.986289 0.182695 0.027422 0.034609
0 0.905687 0.137578 0.036062 0.039180
0 0.553602 0.147031 0.038109 0.035703
0 0.253766 0.113975 0.044875 0.041348
0 0.070922 0.129766 0.037000 0.036016
0 0.676156 0.147383 0.030531 0.030859
0 0.883023 0.142705 0.037172 0.034043
0 0.049109 0.119668 0.036375 0.038984
0 0.027547 0.106934 0.034969 0.034336
0 0.120023 0.734951 0.035172 0.037832