0 0.290781 0.128857 0.035375 0.040957
0 0.099742 0.300088 0.039078 0.041230
0 0.118258 0.368506 0.038453 0.042441
0 0.101031 0.460205 0.036406 0.036816
0 0.108078 0.599893 0.033531 0.030254
0 0.289117 0.466475 0.033547 0.032715
0 0.286164 0.743662 0.029859 0.034238
0 0.501180 0.475996 0.029047 0.029141
0 0.462992 0.753525 0.032734 0.033223
0 0.305602 0.451201 0.031484 0.036309
0 0.293656 0.316738 0.036406 0.033750
0 0.470898 0.473389 0.033953 0.034824
0 0.653562 0.481670 0.036406 0.038848
0 0.692672 0.442627 0.028625 0.027676
0 0.632828 0.755117 0.031906 0.037422
0 0.864625 0.338779 0.032875 0.034355
0 0.825492 0.635000 0.037797 0.034961
0 0.804539 0.766162 0.035828 0.033730
0 0.524750 0.124277 0.033844 0.033711
0 0.299211 0.144922 0.036797 0.034961
0 0.294383 0.158770 0.030891 0.036875
0 0.509203 0.141426 0.035344 0.035742
0 0.494406 0.150107 0.032844 0.032520
0 0.735203 0.127314 0.037719 0.038574
0 0.412352 0.281953 0.032891 0.034961
0 0.664539 0.333975 0.037297 0.035645
0 0.723664 0.150117 0.036297 0.033750
0 0.549586 0.284697 0.033859 0.034355
0 0.964398 0.140010 0.040109 0.039316
0 0.489453 0.164717 0.029937 0.034355
0 0.418336 0.165908 0.030922 0.034004
0 0.696195 0.161191 0.034609 0.035547
0 0.868000 0.343457 0.035937 0.038359
0 0.847078 0.494033 0.034750 0.036816
0 0.987523 0.182695 0.024953 0.034609
0 0.931453 0.160342 0.036062 0.039199
0 0.554070 0.172480 0.038109 0.035703
0 0.289797 0.106279 0.044875 0.041348
0 0.085617 0.130479 0.037016 0.036035
0 0.681016 0.173438 0.030531 0.030859
0 0.899203 0.170273 0.037156 0.034063
0 0.076398 0.112988 0.038266 0.038984
0 0.066398 0.091367 0.039672 0.034336
0 0.988961 0.940303 0.022078 0.041230
0 0.101500 0.736738 0.035187 0.037852