0 0.109281 0.154971 0.043969 0.047285
0 0.072055 0.309287 0.039078 0.041230
0 0.120289 0.380127 0.038453 0.042441
0 0.127969 0.463799 0.036406 0.036816
0 0.013531 0.838096 0.024594 0.035332
0 0.072234 0.961260 0.040500 0.038848
0 0.195102 0.594688 0.038453 0.034766
0 0.303086 0.463828 0.033547 0.032734
0 0.410945 0.687578 0.029859 0.034258
0 0.499117 0.482207 0.029047 0.029141
0 0.577453 0.654434 0.032719 0.033242
0 0.366828 0.374482 0.031500 0.036309
0 0.308172 0.230508 0.036406 0.033750
0 0.536414 0.340693 0.033953 0.034824
0 0.709391 0.298838 0.036406 0.038848
0 0.697234 0.445977 0.028625 0.027656
0 0.746687 0.617197 0.031906 0.037441
0 0.867680 0.344834 0.032891 0.034355
0 0.890008 0.444395 0.037797 0.034961
0 0.920641 0.584043 0.035844 0.033750
0 0.237273 0.143623 0.042203 0.042871
0 0.189852 0.107871 0.039766 0.034961
0 0.246258 0.081309 0.039266 0.036875
0 0.307758 0.110732 0.044672 0.041777
0 0.374273 0.070146 0.040234 0.032520
0 0.448758 0.089990 0.048109 0.036816
0 0.443023 0.140322 0.032891 0.034980
0 0.665859 0.145068 0.037312 0.035645
0 0.512898 0.062236 0.039766 0.040488
0 0.565383 0.111182 0.033859 0.034355
0 0.666789 0.043184 0.047609 0.039336
0 0.434508 0.035137 0.029953 0.034375
0 0.402008 0.030850 0.030922 0.032949
0 0.566469 0.026738 0.038625 0.035547
0 0.808188 0.140947 0.035937 0.041230
0 0.976813 0.135654 0.031156 0.043145
0 0.852133 0.295068 0.034766 0.036816
0 0.989641 0.192383 0.020719 0.034609
0 0.995516 0.308242 0.008969 0.027773
0 0.615859 0.976006 0.034625 0.029160
0 0.786828 0.943457 0.038875 0.039766
0 0.960344 0.911855 0.033438 0.034453
0 0.716773 0.018789 0.036078 0.032734
0 0.532008 0.006748 0.030109 0.013496
0 0.022258 0.197139 0.041484 0.041348
0 0.006242 0.156309 0.011203 0.030742
0 0.240148 0.723584 0.035172 0.037832