0 0.309367 0.128760 0.034484 0.040137
0 0.103477 0.300088 0.039078 0.041230
0 0.118602 0.367656 0.038453 0.042422
0 0.099156 0.460420 0.036406 0.036816
0 0.104086 0.598066 0.038453 0.034766
0 0.283133 0.476318 0.033547 0.032715
0 0.274805 0.748320 0.029859 0.034258
0 0.501180 0.475996 0.029047 0.029141
0 0.453328 0.762646 0.032719 0.033223
0 0.303211 0.454854 0.031484 0.036309
0 0.291938 0.325645 0.036406 0.033750
0 0.465133 0.486328 0.033953 0.034805
0 0.647906 0.499482 0.036406 0.038848
0 0.692672 0.442627 0.028625 0.027676
0 0.622812 0.767051 0.031906 0.037422
0 0.864328 0.338662 0.032875 0.034355
0 0.818195 0.652236 0.037797 0.034980
0 0.792164 0.783691 0.035828 0.033750
0 0.550656 0.127695 0.033844 0.033711
0 0.310008 0.149932 0.036797 0.034980
0 0.299648 0.168047 0.030891 0.036875
0 0.526383 0.145771 0.035359 0.035723
0 0.505531 0.160088 0.032844 0.032520
0 0.761617 0.131660 0.038609 0.039219
0 0.409805 0.296963 0.032891 0.034980
0 0.662773 0.352236 0.037297 0.035645
0 0.742469 0.159365 0.037250 0.034395
0 0.545656 0.304404 0.033875 0.034355
0 0.984766 0.152715 0.030469 0.039336
0 0.494359 0.178574 0.029938 0.034375
0 0.417414 0.183936 0.030922 0.034004
0 0.709172 0.175391 0.036094 0.035547
0 0.872359 0.362822 0.035937 0.037637
0 0.846125 0.511553 0.034750 0.036816
0 0.988047 0.182695 0.023906 0.034609
0 0.947805 0.175986 0.036078 0.039199
0 0.554203 0.191113 0.038125 0.035703
0 0.316461 0.102178 0.044859 0.041348
0 0.096117 0.130986 0.037016 0.036035
0 0.684492 0.192031 0.030547 0.030859
0 0.913203 0.191680 0.037156 0.038320
0 0.095891 0.108213 0.039625 0.038965
0 0.094156 0.080244 0.043031 0.034316
0 0.982469 0.957998 0.025625 0.032441
0 0.088266 0.738008 0.035188 0.037852