0 0.083000 0.166221 0.043969 0.047285
0 0.068461 0.315137 0.039078 0.041211
0 0.115609 0.382822 0.038438 0.042441
0 0.138766 0.469209 0.036406 0.036816
0 0.024141 0.850947 0.041313 0.035332
0 0.097719 0.968818 0.040500 0.038848
0 0.212820 0.594141 0.038453 0.034766
0 0.303344 0.466416 0.033531 0.032715
0 0.432117 0.680566 0.029859 0.034258
0 0.497312 0.487168 0.029031 0.029141
0 0.597750 0.640391 0.032719 0.033242
0 0.381227 0.361436 0.031484 0.036309
0 0.314438 0.221953 0.036406 0.033750
0 0.545055 0.323604 0.033953 0.034824
0 0.721313 0.274863 0.036406 0.038867
0 0.696203 0.447930 0.028625 0.027656
0 0.763531 0.595059 0.031906 0.037422
0 0.867156 0.357803 0.032875 0.034355
0 0.895711 0.412002 0.037797 0.034980
0 0.935156 0.557471 0.035844 0.033730
0 0.192281 0.151719 0.042219 0.042891
0 0.172211 0.109219 0.039766 0.034961
0 0.244758 0.076660 0.039266 0.036875
0 0.270742 0.113408 0.044672 0.041777
0 0.352500 0.064326 0.040250 0.032520
0 0.402625 0.091289 0.048094 0.036797
0 0.450289 0.127354 0.032891 0.034980
0 0.667930 0.119160 0.037297 0.035664
0 0.480242 0.057041 0.039766 0.040488
0 0.572641 0.088506 0.033875 0.034355
0 0.617555 0.034766 0.047609 0.039336
0 0.430883 0.023467 0.029953 0.034355
0 0.400961 0.020098 0.030922 0.030078
0 0.541563 0.010840 0.038625 0.021680
0 0.794195 0.117627 0.035922 0.041230
0 0.952609 0.109072 0.037688 0.040488
0 0.850062 0.270439 0.034750 0.036816
0 0.989383 0.201455 0.021234 0.034590
0 0.988805 0.281182 0.022391 0.041973
0 0.641773 0.966279 0.034641 0.029160
0 0.809281 0.925645 0.038875 0.039766
0 0.977625 0.892949 0.033437 0.034453
0 0.477555 0.992646 0.038172 0.010293
0 0.687609 0.008584 0.034187 0.016309
0 0.265633 0.723584 0.035172 0.037832