0 0.246461 0.129141 0.037922 0.043242
0 0.089297 0.300088 0.039094 0.041230
0 0.117305 0.370879 0.038453 0.042422
0 0.106250 0.459619 0.036406 0.036816
0 0.127844 0.597129 0.036969 0.033398
0 0.297148 0.458252 0.030547 0.028809
0 0.317992 0.730605 0.029859 0.034258
0 0.501180 0.475996 0.029047 0.029141
0 0.490062 0.727998 0.032719 0.033223
0 0.312297 0.440947 0.031500 0.036309
0 0.298484 0.291807 0.036406 0.033730
0 0.487047 0.437178 0.033937 0.034824
0 0.669391 0.431777 0.036406 0.038867
0 0.692672 0.442627 0.028625 0.027676
0 0.660859 0.721719 0.031906 0.037422
0 0.865445 0.339121 0.032891 0.034375
0 0.845945 0.586768 0.037797 0.034980
0 0.839172 0.717090 0.035844 0.033750
0 0.448375 0.123184 0.033844 0.033711
0 0.268977 0.130889 0.036797 0.034980
0 0.283117 0.133672 0.030891 0.036875
0 0.461102 0.129229 0.035359 0.035723
0 0.463234 0.122197 0.032844 0.032520
0 0.661414 0.113848 0.033547 0.035547
0 0.419461 0.239932 0.032891 0.034980
0 0.669484 0.282842 0.037313 0.035645
0 0.666164 0.113887 0.031828 0.030742
0 0.553016 0.239014 0.033875 0.034355
0 0.891273 0.109707 0.040578 0.039336
0 0.475703 0.125898 0.029937 0.034375
0 0.419898 0.122178 0.030922 0.034004
0 0.665875 0.118984 0.027750 0.035547
0 0.855797 0.289209 0.035937 0.040371
0 0.849711 0.444961 0.034766 0.036797
0 0.985063 0.182695 0.029875 0.034609
0 0.881039 0.118721 0.036078 0.039199
0 0.553133 0.121582 0.038109 0.035703
0 0.219883 0.122314 0.044859 0.041348
0 0.058539 0.129629 0.034109 0.036016
0 0.671281 0.121348 0.030531 0.030859
0 0.866844 0.115137 0.037156 0.034063
0 0.027312 0.128408 0.034437 0.038965
0 0.005320 0.125703 0.010641 0.039258
0 0.138547 0.733174 0.035188 0.037832