0 0.062641 0.175547 0.043969 0.047305
0 0.069820 0.328711 0.039078 0.041211
0 0.114414 0.391992 0.036766 0.040430
0 0.144875 0.474287 0.036406 0.036816
0 0.039727 0.862939 0.039703 0.035371
0 0.118078 0.975889 0.040500 0.038848
0 0.224234 0.597539 0.036844 0.029688
0 0.303344 0.476592 0.033531 0.032715
0 0.447727 0.675469 0.029859 0.034258
0 0.500023 0.496494 0.029047 0.029160
0 0.609281 0.630215 0.032719 0.033242
0 0.391406 0.358047 0.031500 0.036289
0 0.317844 0.221953 0.036406 0.033750
0 0.550477 0.315117 0.033953 0.034805
0 0.727422 0.257900 0.036406 0.038848
0 0.692133 0.460645 0.028641 0.027656
0 0.774391 0.581484 0.031906 0.037422
0 0.865805 0.365439 0.032891 0.034355
0 0.899789 0.394189 0.037797 0.034980
0 0.942617 0.533730 0.035828 0.033750
0 0.160383 0.160195 0.042203 0.042891
0 0.159320 0.115156 0.039766 0.034961
0 0.243133 0.071563 0.039266 0.036875
0 0.249258 0.114307 0.042234 0.039785
0 0.341641 0.063477 0.040250 0.032500
0 0.365453 0.098076 0.046469 0.036816
0 0.453680 0.116338 0.032891 0.034980
0 0.668609 0.105596 0.037312 0.035645
0 0.453781 0.051963 0.039750 0.040488
0 0.576711 0.074941 0.033859 0.034375
0 0.575484 0.028828 0.047625 0.039336
0 0.425453 0.016289 0.029938 0.028477
0 0.399836 0.013721 0.030922 0.026934
0 0.528672 0.007471 0.030500 0.014941
0 0.782664 0.098955 0.035922 0.041230
0 0.923430 0.088711 0.037703 0.040508
0 0.848023 0.252627 0.034766 0.036816
0 0.988359 0.209082 0.023281 0.034609
0 0.982266 0.257432 0.035094 0.041973
0 0.663258 0.959219 0.034641 0.029141
0 0.825688 0.912217 0.038875 0.039746
0 0.991477 0.878105 0.014797 0.034453
0 0.498469 0.993467 0.038156 0.013066
0 0.285984 0.722725 0.035187 0.037832