0 0.124672 0.149346 0.043969 0.047285
0 0.073648 0.306221 0.039078 0.041230
0 0.121430 0.378311 0.038453 0.042441
0 0.123094 0.461367 0.036406 0.036797
0 0.007734 0.831084 0.015469 0.035332
0 0.057781 0.956865 0.040500 0.038848
0 0.185836 0.594883 0.038453 0.034766
0 0.302945 0.462412 0.033547 0.032715
0 0.399383 0.691895 0.029859 0.034258
0 0.499961 0.479824 0.029047 0.029141
0 0.566578 0.663066 0.032719 0.033242
0 0.359047 0.381592 0.031500 0.036309
0 0.304719 0.236211 0.036406 0.033750
0 0.530633 0.350566 0.033953 0.034805
0 0.703930 0.313330 0.036391 0.038848
0 0.697617 0.444922 0.028641 0.027656
0 0.737172 0.629492 0.031906 0.037422
0 0.867742 0.340078 0.032891 0.034375
0 0.886617 0.461475 0.037797 0.034980
0 0.911977 0.599004 0.035828 0.033750
0 0.261828 0.138437 0.042219 0.042891
0 0.198992 0.108320 0.039766 0.034961
0 0.248867 0.084902 0.039266 0.036875
0 0.327539 0.110010 0.044672 0.041777
0 0.385672 0.074521 0.040250 0.032520
0 0.475297 0.089873 0.047438 0.036816
0 0.439445 0.149268 0.032891 0.034980
0 0.665289 0.160625 0.037297 0.035664
0 0.531891 0.066182 0.039094 0.039902
0 0.562648 0.124268 0.033859 0.034355
0 0.694211 0.048955 0.046672 0.039316
0 0.437812 0.042549 0.029937 0.034355
0 0.403133 0.038174 0.030922 0.034004
0 0.578562 0.036016 0.038625 0.035547
0 0.815352 0.156025 0.035922 0.041230
0 0.987734 0.151387 0.024531 0.039570
0 0.852797 0.310967 0.034750 0.036816
0 0.989781 0.188447 0.020438 0.034590
0 0.601914 0.980459 0.034641 0.028887
0 0.774141 0.952490 0.038875 0.039746
0 0.949359 0.923086 0.033437 0.034453
0 0.736187 0.026104 0.036062 0.039199
0 0.535609 0.014014 0.032625 0.028027
0 0.044109 0.186455 0.044875 0.041348
0 0.010625 0.151279 0.019563 0.032207
0 0.625188 0.010635 0.030531 0.018691
0 0.927102 0.006670 0.038547 0.013066
0 0.227016 0.724287 0.035188 0.037832