0 0.240141 0.129180 0.038281 0.043555
0 0.087805 0.300088 0.039078 0.041230
0 0.117172 0.371221 0.038438 0.042441
0 0.107000 0.459541 0.036406 0.036816
0 0.130672 0.596738 0.037469 0.033867
0 0.297578 0.458340 0.030781 0.029102
0 0.322539 0.728730 0.029859 0.034258
0 0.501180 0.475996 0.029047 0.029141
0 0.493938 0.724346 0.032719 0.033223
0 0.314594 0.437812 0.031500 0.036289
0 0.299172 0.288242 0.036406 0.033750
0 0.489352 0.432002 0.033953 0.034824
0 0.671656 0.424648 0.036406 0.038867
0 0.692672 0.442627 0.028625 0.027676
0 0.664867 0.716953 0.031891 0.037422
0 0.865570 0.339170 0.032891 0.034355
0 0.848867 0.579873 0.037797 0.034980
0 0.844117 0.710088 0.035828 0.033730
0 0.437422 0.123125 0.033844 0.033711
0 0.264656 0.128887 0.036813 0.034961
0 0.281508 0.130078 0.030891 0.036875
0 0.454227 0.127490 0.035359 0.035723
0 0.458781 0.118213 0.032844 0.032520
0 0.650867 0.111914 0.032953 0.035117
0 0.420484 0.233926 0.032875 0.034961
0 0.670195 0.275537 0.037297 0.035645
0 0.657953 0.108711 0.031187 0.030313
0 0.553508 0.232490 0.033859 0.034355
0 0.880805 0.106074 0.040578 0.039336
0 0.473742 0.120361 0.029953 0.034355
0 0.420125 0.115947 0.030937 0.034004
0 0.661547 0.112969 0.026781 0.035547
0 0.854055 0.281465 0.035922 0.040664
0 0.850094 0.437959 0.034750 0.036816
0 0.984711 0.182695 0.030578 0.034609
0 0.874000 0.113330 0.036062 0.039199
0 0.553000 0.114590 0.038125 0.035703
0 0.210305 0.124736 0.044859 0.041348
0 0.055727 0.129980 0.035203 0.036016
0 0.669891 0.113906 0.030531 0.030859
0 0.862219 0.107266 0.037156 0.034062
0 0.022820 0.131562 0.032172 0.038984
0 0.143836 0.732666 0.035172 0.037832