0 0.064344 0.174766 0.043969 0.047305
0 0.069703 0.327578 0.039094 0.041211
0 0.114516 0.391240 0.036906 0.040605
0 0.144359 0.473867 0.036406 0.036797
0 0.038430 0.861943 0.039828 0.035371
0 0.116383 0.975293 0.040484 0.038867
0 0.223281 0.597256 0.037000 0.030098
0 0.303344 0.475752 0.033531 0.032715
0 0.446414 0.675898 0.029859 0.034258
0 0.499805 0.495723 0.029047 0.029141
0 0.608328 0.631064 0.032719 0.033223
0 0.390555 0.358330 0.031484 0.036309
0 0.317555 0.221953 0.036391 0.033750
0 0.550023 0.315830 0.033953 0.034824
0 0.726906 0.259316 0.036406 0.038867
0 0.692469 0.459590 0.028625 0.027656
0 0.773484 0.582617 0.031906 0.037422
0 0.865914 0.364795 0.032891 0.034355
0 0.899445 0.395674 0.037797 0.034980
0 0.941992 0.535703 0.035828 0.033750
0 0.163047 0.159492 0.042219 0.042891
0 0.160391 0.114668 0.039750 0.034961
0 0.243273 0.071992 0.039266 0.036875
0 0.251367 0.113838 0.042453 0.039941
0 0.342547 0.063545 0.040250 0.032520
0 0.368547 0.097510 0.046594 0.036816
0 0.453398 0.117256 0.032891 0.034980
0 0.668555 0.106719 0.037297 0.035664
0 0.455984 0.052383 0.039750 0.040508
0 0.576375 0.076064 0.033875 0.034355
0 0.578992 0.029316 0.047609 0.039336
0 0.425906 0.016885 0.029938 0.028965
0 0.399930 0.013926 0.030922 0.027187
0 0.529750 0.007754 0.031187 0.015508
0 0.783625 0.100518 0.035937 0.041230
0 0.925859 0.090410 0.037688 0.040508
0 0.848188 0.254111 0.034750 0.036816
0 0.988445 0.208457 0.023109 0.034609
0 0.982805 0.259404 0.034047 0.041973
0 0.661469 0.959814 0.034625 0.029160
0 0.824328 0.913340 0.038875 0.039766
0 0.990320 0.879355 0.016328 0.034453
0 0.496992 0.993750 0.038172 0.012500
0 0.284289 0.722803 0.035172 0.037832