0 0.215430 0.130947 0.041484 0.045762
0 0.082953 0.300088 0.039094 0.041230
0 0.117070 0.372109 0.038453 0.042422
0 0.110187 0.459150 0.036406 0.036816
0 0.142422 0.595664 0.038438 0.034766
0 0.299258 0.458672 0.031703 0.030312
0 0.339539 0.719629 0.029859 0.034258
0 0.501180 0.475996 0.029047 0.029141
0 0.510266 0.710547 0.032719 0.033242
0 0.323703 0.424189 0.031500 0.036309
0 0.300781 0.274619 0.036406 0.033730
0 0.498039 0.412334 0.033953 0.034824
0 0.679570 0.398525 0.036391 0.038848
0 0.693656 0.442627 0.028625 0.027676
0 0.681469 0.697520 0.031906 0.037422
0 0.866039 0.339365 0.032891 0.034355
0 0.860367 0.552803 0.037797 0.034980
0 0.861703 0.684473 0.035844 0.033750
0 0.390227 0.120332 0.042203 0.042891
0 0.248906 0.122422 0.038281 0.034961
0 0.277930 0.117695 0.035078 0.036875
0 0.425758 0.119668 0.036328 0.035977
0 0.443297 0.105010 0.032844 0.032520
0 0.611367 0.103574 0.035891 0.035078
0 0.425008 0.212021 0.032891 0.034980
0 0.670250 0.248213 0.037312 0.035645
0 0.629297 0.096855 0.031250 0.032461
0 0.555852 0.205859 0.033859 0.034375
0 0.838977 0.091563 0.040578 0.039336
0 0.465391 0.099424 0.029938 0.034355
0 0.417680 0.093311 0.030922 0.034004
0 0.640594 0.091094 0.031719 0.035547
0 0.846039 0.251260 0.035922 0.041230
0 0.851062 0.410928 0.034750 0.036816
0 0.985203 0.182695 0.029594 0.034609
0 0.701031 0.991729 0.038875 0.016543
0 0.873516 0.987529 0.033437 0.020488
0 0.845828 0.091768 0.036063 0.039199
0 0.551859 0.086699 0.038125 0.035703
0 0.174469 0.136631 0.044875 0.041348
0 0.043008 0.132480 0.037422 0.036016
0 0.661227 0.085820 0.030547 0.030859
0 0.843727 0.075742 0.037172 0.034063
0 0.008570 0.145479 0.017141 0.030840
0 0.163477 0.730518 0.035172 0.037832