0 0.243297 0.129160 0.038094 0.043398
0 0.088547 0.300088 0.039094 0.041230
0 0.117242 0.371045 0.038453 0.042441
0 0.106625 0.459580 0.036406 0.036816
0 0.129250 0.596934 0.037219 0.033633
0 0.297367 0.458291 0.030672 0.028965
0 0.320258 0.729668 0.029859 0.034258
0 0.501180 0.475996 0.029047 0.029141
0 0.492000 0.726172 0.032719 0.033242
0 0.313445 0.439385 0.031484 0.036309
0 0.298828 0.290020 0.036406 0.033750
0 0.488203 0.434590 0.033938 0.034805
0 0.670523 0.428213 0.036391 0.038848
0 0.692672 0.442627 0.028625 0.027676
0 0.662859 0.719336 0.031906 0.037422
0 0.865508 0.339150 0.032891 0.034355
0 0.847414 0.583311 0.037797 0.034980
0 0.841648 0.713594 0.035828 0.033750
0 0.442906 0.123145 0.033844 0.033711
0 0.266820 0.129883 0.036797 0.034961
0 0.282305 0.131875 0.030891 0.036875
0 0.457664 0.128359 0.035359 0.035742
0 0.461016 0.120205 0.032844 0.032520
0 0.656141 0.112881 0.033250 0.035332
0 0.419977 0.236924 0.032891 0.034980
0 0.669836 0.279189 0.037297 0.035645
0 0.662055 0.111299 0.031516 0.030527
0 0.553266 0.235752 0.033875 0.034355
0 0.886039 0.107891 0.040578 0.039336
0 0.474719 0.123135 0.029937 0.034355
0 0.420008 0.119072 0.030922 0.034004
0 0.663711 0.115977 0.027266 0.035547
0 0.854922 0.285342 0.035937 0.040527
0 0.849898 0.441455 0.034766 0.036816
0 0.984883 0.182695 0.030234 0.034609
0 0.877516 0.116025 0.036062 0.039199
0 0.553063 0.118086 0.038125 0.035703
0 0.215102 0.123525 0.044859 0.041348
0 0.057141 0.129805 0.034656 0.036016
0 0.670594 0.117617 0.030531 0.030859
0 0.864531 0.111191 0.037156 0.034063
0 0.025070 0.129990 0.033297 0.038965
0 0.141195 0.732920 0.035172 0.037832