0 0.111656 0.153945 0.043969 0.047305
0 0.072383 0.308760 0.039078 0.041230
0 0.120711 0.379873 0.038453 0.042441
0 0.126984 0.463311 0.036406 0.036816
0 0.012555 0.836924 0.023078 0.035332
0 0.069922 0.960576 0.040500 0.038848
0 0.193492 0.594727 0.038453 0.034766
0 0.303062 0.463594 0.033531 0.032734
0 0.409023 0.688223 0.029859 0.034258
0 0.499273 0.481758 0.029047 0.029141
0 0.575609 0.655703 0.032719 0.033242
0 0.365516 0.375674 0.031500 0.036309
0 0.307594 0.231289 0.036406 0.033750
0 0.535625 0.342256 0.033938 0.034824
0 0.708313 0.301016 0.036406 0.038867
0 0.697336 0.445801 0.028641 0.027656
0 0.745156 0.619209 0.031906 0.037441
0 0.867727 0.343662 0.032891 0.034355
0 0.889492 0.447344 0.037797 0.034961
0 0.919320 0.586445 0.035828 0.033750
0 0.241359 0.142891 0.042219 0.042891
0 0.191453 0.107744 0.039750 0.034980
0 0.246398 0.081738 0.039266 0.036875
0 0.311125 0.110498 0.044656 0.041777
0 0.376250 0.070693 0.040250 0.032520
0 0.452953 0.089873 0.048094 0.036816
0 0.442367 0.141494 0.032891 0.034980
0 0.665672 0.147432 0.037313 0.035645
0 0.515867 0.062705 0.039766 0.040488
0 0.564719 0.113252 0.033875 0.034355
0 0.671273 0.043945 0.047609 0.039336
0 0.434844 0.036191 0.029937 0.034375
0 0.402102 0.031826 0.030922 0.033223
0 0.568484 0.028281 0.038625 0.035547
0 0.809461 0.143076 0.035922 0.041230
0 0.979016 0.138076 0.030563 0.043379
0 0.852328 0.297295 0.034750 0.036816
0 0.989664 0.191562 0.020672 0.034609
0 0.996227 0.309414 0.007547 0.027773
0 0.613500 0.976885 0.034625 0.029160
0 0.784781 0.945078 0.038875 0.039766
0 0.958781 0.913574 0.033438 0.034453
0 0.719602 0.019814 0.036078 0.034355
0 0.532609 0.007959 0.030531 0.015918
0 0.024133 0.195010 0.044859 0.041348
0 0.007188 0.154727 0.012688 0.030742
0 0.237828 0.723584 0.035188 0.037832