0 0.188812 0.133340 0.043969 0.047305
0 0.079219 0.300088 0.039094 0.041230
0 0.117414 0.372529 0.038453 0.042441
0 0.113578 0.458721 0.036406 0.036816
0 0.008758 0.928799 0.017516 0.038848
0 0.154633 0.595098 0.038453 0.034766
0 0.300953 0.459014 0.032625 0.031504
0 0.355383 0.708887 0.029859 0.034258
0 0.501180 0.475996 0.029047 0.029141
0 0.527453 0.697549 0.032719 0.033223
0 0.332750 0.409482 0.031500 0.036309
0 0.301234 0.261621 0.036406 0.033750
0 0.506180 0.393662 0.033953 0.034824
0 0.686359 0.374775 0.036406 0.038848
0 0.695641 0.442627 0.028625 0.027676
0 0.698656 0.677734 0.031906 0.037422
0 0.866508 0.339561 0.032891 0.034355
0 0.871680 0.526221 0.037797 0.034980
0 0.877086 0.661289 0.035828 0.033750
0 0.346609 0.120996 0.042219 0.042891
0 0.233094 0.118916 0.039750 0.034980
0 0.270555 0.109336 0.039266 0.036875
0 0.392805 0.112070 0.042766 0.039688
0 0.428523 0.098701 0.034797 0.032520
0 0.573344 0.097217 0.042062 0.036465
0 0.429977 0.192227 0.032891 0.034961
0 0.667539 0.222764 0.037297 0.035645
0 0.602219 0.090664 0.033875 0.036172
0 0.558563 0.178721 0.033875 0.034355
0 0.795836 0.077246 0.040578 0.039336
0 0.457125 0.080674 0.029937 0.034355
0 0.410352 0.077822 0.030922 0.034004
0 0.619609 0.072148 0.038625 0.035547
0 0.836992 0.221865 0.035922 0.041230
0 0.851516 0.384912 0.034750 0.036816
0 0.988867 0.182695 0.022266 0.034609
0 0.549078 0.990361 0.029313 0.019277
0 0.722469 0.984072 0.038875 0.031855
0 0.894828 0.973584 0.033437 0.030645
0 0.817828 0.070205 0.036063 0.039199
0 0.549047 0.061348 0.038125 0.035703
0 0.137586 0.151064 0.044859 0.041348
0 0.028813 0.136084 0.037437 0.036035
0 0.651125 0.060020 0.030531 0.030859
0 0.823469 0.046475 0.037750 0.034043
0 0.181570 0.728252 0.035172 0.037832