0 0.099719 0.159062 0.043969 0.047305
0 0.070750 0.311416 0.039094 0.041230
0 0.118586 0.381104 0.038453 0.042441
0 0.131891 0.465771 0.036406 0.036816
0 0.017383 0.842764 0.030672 0.035332
0 0.081500 0.964004 0.040500 0.038867
0 0.201547 0.594492 0.038437 0.034766
0 0.303180 0.464775 0.033547 0.032715
0 0.418648 0.685020 0.029859 0.034258
0 0.498461 0.484014 0.029047 0.029160
0 0.584828 0.649326 0.032719 0.033223
0 0.372063 0.369736 0.031500 0.036309
0 0.310453 0.227402 0.036406 0.033750
0 0.539555 0.334482 0.033953 0.034824
0 0.713734 0.290117 0.036406 0.038867
0 0.696859 0.446689 0.028625 0.027676
0 0.752812 0.609141 0.031906 0.037422
0 0.867492 0.349561 0.032891 0.034355
0 0.892086 0.432617 0.037797 0.034961
0 0.925914 0.574375 0.035828 0.033750
0 0.220906 0.146562 0.042219 0.042891
0 0.183438 0.108359 0.039750 0.034961
0 0.245711 0.079629 0.039266 0.036875
0 0.294297 0.111709 0.044656 0.041777
0 0.366359 0.068037 0.040250 0.032520
0 0.431984 0.090459 0.048094 0.036816
0 0.445664 0.135605 0.032891 0.034961
0 0.666609 0.135654 0.037312 0.035645
0 0.501023 0.060342 0.039766 0.040488
0 0.568023 0.102939 0.033859 0.034355
0 0.648883 0.040117 0.047609 0.039336
0 0.433188 0.030889 0.029937 0.034355
0 0.401625 0.026943 0.030938 0.031895
0 0.557594 0.020889 0.038625 0.031387
0 0.803102 0.132471 0.035922 0.041230
0 0.968008 0.125996 0.033547 0.042188
0 0.851375 0.286104 0.034750 0.036816
0 0.989547 0.195684 0.020906 0.034609
0 0.992687 0.298818 0.013906 0.027754
0 0.625281 0.972471 0.034625 0.029160
0 0.795000 0.936982 0.038875 0.039746
0 0.966625 0.904980 0.033437 0.034453
0 0.705461 0.014658 0.036078 0.026270
0 0.014734 0.205615 0.027969 0.041348
0 0.249414 0.723584 0.035172 0.037832