0 0.074516 0.170107 0.043969 0.047285
0 0.069023 0.320791 0.039078 0.041230
0 0.115109 0.386641 0.037750 0.041602
0 0.141313 0.471318 0.036406 0.036816
0 0.030633 0.855938 0.040641 0.035352
0 0.106203 0.971758 0.040500 0.038867
0 0.217578 0.595557 0.037781 0.032637
0 0.303344 0.470654 0.033531 0.032715
0 0.438617 0.678438 0.029859 0.034258
0 0.498445 0.491055 0.029047 0.029141
0 0.602555 0.636152 0.032734 0.033242
0 0.385469 0.360029 0.031500 0.036309
0 0.315859 0.221953 0.036406 0.033750
0 0.547312 0.320068 0.033937 0.034824
0 0.723859 0.267793 0.036406 0.038867
0 0.694508 0.453223 0.028641 0.027656
0 0.768062 0.589404 0.031906 0.037441
0 0.866594 0.360986 0.032875 0.034355
0 0.897406 0.404580 0.037781 0.034980
0 0.938266 0.547578 0.035844 0.033750
0 0.178992 0.155254 0.042203 0.042891
0 0.166836 0.111699 0.039766 0.034961
0 0.244086 0.074531 0.039266 0.036875
0 0.264016 0.110996 0.043656 0.040938
0 0.347984 0.063975 0.040250 0.032520
0 0.387133 0.094111 0.047422 0.036816
0 0.451695 0.122764 0.032891 0.034980
0 0.668211 0.113506 0.037297 0.035645
0 0.469219 0.054932 0.039750 0.040488
0 0.574336 0.082861 0.033859 0.034355
0 0.600023 0.032285 0.047609 0.039336
0 0.428625 0.020479 0.029937 0.031895
0 0.400492 0.015215 0.030922 0.028750
0 0.536187 0.009434 0.035250 0.018867
0 0.789391 0.109854 0.035938 0.041230
0 0.940445 0.100586 0.037703 0.040508
0 0.849219 0.263018 0.034750 0.036816
0 0.988953 0.204629 0.022094 0.034609
0 0.986078 0.271279 0.027688 0.041973
0 0.650727 0.963340 0.034641 0.029141
0 0.816125 0.920049 0.038875 0.039746
0 0.983398 0.886768 0.025672 0.034473
0 0.487234 0.994219 0.038156 0.010313
0 0.676711 0.005342 0.031016 0.010449
0 0.274109 0.723232 0.035188 0.037832