0 0.321625 0.128701 0.033937 0.039668
0 0.106766 0.300488 0.039094 0.041211
0 0.118602 0.367529 0.038453 0.042441
0 0.099266 0.461084 0.036406 0.036816
0 0.100477 0.599258 0.038453 0.034766
0 0.280477 0.481348 0.033547 0.032734
0 0.268117 0.750977 0.029859 0.034258
0 0.501180 0.475996 0.029047 0.029141
0 0.445688 0.768076 0.032719 0.033223
0 0.303211 0.454854 0.031484 0.036309
0 0.291297 0.331621 0.036406 0.033750
0 0.460680 0.495234 0.033953 0.034805
0 0.642813 0.510615 0.036406 0.038848
0 0.692672 0.442627 0.028625 0.027676
0 0.616453 0.775273 0.031906 0.037422
0 0.864328 0.338662 0.032875 0.034355
0 0.813227 0.662412 0.037797 0.034980
0 0.785914 0.792832 0.035828 0.033750
0 0.566203 0.129736 0.033844 0.033730
0 0.316492 0.152939 0.036797 0.034980
0 0.303320 0.173730 0.030891 0.036875
0 0.536687 0.148389 0.035344 0.035723
0 0.511688 0.162686 0.032844 0.032520
0 0.776719 0.138184 0.038594 0.039219
0 0.408281 0.305967 0.032875 0.034980
0 0.663406 0.362256 0.037312 0.035645
0 0.752719 0.167529 0.037250 0.034395
0 0.542219 0.317598 0.033875 0.034375
0 0.992273 0.163750 0.015453 0.039336
0 0.496813 0.188389 0.029938 0.034355
0 0.416867 0.194756 0.030922 0.034004
0 0.716328 0.185781 0.036094 0.035547
0 0.874836 0.374199 0.035922 0.037617
0 0.845359 0.522041 0.034750 0.036816
0 0.987656 0.182695 0.024687 0.034609
0 0.960172 0.187031 0.036062 0.039180
0 0.554203 0.202461 0.038125 0.035703
0 0.332820 0.100283 0.044859 0.041348
0 0.102414 0.131299 0.037016 0.036035
0 0.687586 0.204512 0.030547 0.030859
0 0.918945 0.204609 0.037172 0.038320
0 0.107594 0.105352 0.040437 0.038984
0 0.110805 0.073574 0.045047 0.034336
0 0.970531 0.965391 0.027406 0.032852
0 0.992055 0.832656 0.013766 0.036836
0 0.082539 0.738799 0.035172 0.037832