0 0.199750 0.132822 0.043969 0.047285
0 0.080617 0.300088 0.039078 0.041230
0 0.117281 0.372373 0.038437 0.042441
0 0.112305 0.458887 0.036391 0.036797
0 0.004758 0.928516 0.009516 0.038867
0 0.150055 0.595312 0.038453 0.034766
0 0.300312 0.458887 0.032281 0.031055
0 0.349445 0.712910 0.029859 0.034258
0 0.501180 0.475996 0.029047 0.029141
0 0.521008 0.702422 0.032734 0.033242
0 0.329359 0.414990 0.031500 0.036309
0 0.301063 0.266484 0.036406 0.033750
0 0.503133 0.400664 0.033953 0.034805
0 0.683812 0.383682 0.036406 0.038848
0 0.694898 0.442627 0.028641 0.027676
0 0.692219 0.685146 0.031906 0.037441
0 0.866336 0.339482 0.032891 0.034355
0 0.867430 0.536191 0.037797 0.034961
0 0.871320 0.669980 0.035828 0.033750
0 0.363859 0.119941 0.042219 0.042891
0 0.239617 0.119707 0.039766 0.034961
0 0.275812 0.111699 0.039281 0.036875
0 0.404273 0.112617 0.040891 0.037617
0 0.436414 0.101592 0.033328 0.032520
0 0.588336 0.097959 0.041047 0.036113
0 0.428117 0.199648 0.032891 0.034961
0 0.668555 0.232314 0.037297 0.035645
0 0.614008 0.094980 0.032922 0.036211
0 0.557547 0.188896 0.033875 0.034355
0 0.812836 0.082490 0.040578 0.039316
0 0.459641 0.088291 0.029938 0.034355
0 0.411195 0.083604 0.030922 0.034004
0 0.626125 0.078984 0.038625 0.035547
0 0.840391 0.232881 0.035937 0.041230
0 0.851344 0.394678 0.034750 0.036816
0 0.987492 0.182695 0.025016 0.034609
0 0.714922 0.986572 0.038875 0.026855
0 0.886844 0.978809 0.033437 0.026836
0 0.828219 0.078301 0.036063 0.039180
0 0.550766 0.069316 0.038125 0.035703
0 0.152727 0.145537 0.044859 0.041348
0 0.034141 0.134727 0.037437 0.036016
0 0.654281 0.069473 0.030531 0.030859
0 0.832172 0.056055 0.037156 0.034063
0 0.174781 0.729102 0.035188 0.037852