0 0.060953 0.176328 0.043969 0.047305
0 0.069930 0.329834 0.039078 0.041230
0 0.114312 0.392764 0.036625 0.040254
0 0.145375 0.474717 0.036406 0.036816
0 0.041023 0.863936 0.039578 0.035371
0 0.119773 0.976475 0.040484 0.038848
0 0.225188 0.597812 0.036719 0.029258
0 0.303344 0.477441 0.033531 0.032734
0 0.449023 0.675049 0.029859 0.034238
0 0.500258 0.497266 0.029047 0.029141
0 0.610250 0.629365 0.032719 0.033223
0 0.392250 0.357764 0.031500 0.036309
0 0.318125 0.221953 0.036406 0.033750
0 0.550930 0.314404 0.033953 0.034824
0 0.727930 0.256484 0.036391 0.038867
0 0.691789 0.461709 0.028641 0.027676
0 0.775297 0.580361 0.031906 0.037441
0 0.865687 0.366064 0.032875 0.034355
0 0.900117 0.392705 0.037797 0.034980
0 0.943242 0.531738 0.035828 0.033750
0 0.157727 0.160908 0.042203 0.042871
0 0.158242 0.115654 0.039766 0.034980
0 0.243000 0.071133 0.039281 0.036875
0 0.247148 0.114775 0.042047 0.039590
0 0.340742 0.063408 0.040234 0.032520
0 0.362352 0.098643 0.046328 0.036816
0 0.453961 0.115420 0.032891 0.034980
0 0.668664 0.104463 0.037297 0.035645
0 0.451578 0.051533 0.039750 0.040488
0 0.577047 0.073809 0.033875 0.034375
0 0.571977 0.028330 0.047609 0.039316
0 0.425000 0.015684 0.029937 0.027969
0 0.399742 0.013506 0.030922 0.026660
0 0.527602 0.007188 0.029828 0.014375
0 0.781703 0.097412 0.035937 0.041230
0 0.921000 0.087021 0.037688 0.040488
0 0.847859 0.251143 0.034750 0.036816
0 0.988273 0.209727 0.023453 0.034609
0 0.981719 0.255449 0.036156 0.041953
0 0.665055 0.958623 0.034641 0.029160
0 0.827047 0.911094 0.038875 0.039766
0 0.992633 0.876875 0.013234 0.034453
0 0.499945 0.993193 0.038172 0.013613
0 0.287680 0.722666 0.035172 0.037832