0 0.148047 0.143223 0.043969 0.047305
0 0.074781 0.302451 0.039094 0.041230
0 0.119164 0.375020 0.038453 0.042422
0 0.119328 0.459482 0.036406 0.036816
0 0.037055 0.950264 0.040484 0.038848
0 0.174531 0.594883 0.038437 0.034766
0 0.302758 0.460527 0.033547 0.032734
0 0.383930 0.698965 0.029859 0.034258
0 0.500711 0.477471 0.029047 0.029160
0 0.552633 0.677207 0.032734 0.033242
0 0.348867 0.391006 0.031484 0.036309
0 0.305094 0.246582 0.036406 0.033750
0 0.520070 0.365166 0.033953 0.034824
0 0.699406 0.336416 0.036406 0.038848
0 0.697617 0.443516 0.028641 0.027656
0 0.723609 0.646445 0.031906 0.037422
0 0.867273 0.339883 0.032891 0.034375
0 0.881336 0.482686 0.037797 0.034980
0 0.898398 0.620195 0.035828 0.033750
0 0.294625 0.129492 0.042219 0.042891
0 0.209930 0.112090 0.039766 0.034961
0 0.257164 0.092441 0.039266 0.036875
0 0.352797 0.110947 0.044656 0.041777
0 0.399625 0.083467 0.040250 0.032520
0 0.514328 0.091289 0.044750 0.036797
0 0.435680 0.166230 0.032891 0.034961
0 0.666047 0.185127 0.037312 0.035645
0 0.560359 0.074434 0.036469 0.037578
0 0.562273 0.143584 0.033859 0.034355
0 0.732273 0.059795 0.042922 0.039316
0 0.445719 0.055283 0.029937 0.034355
0 0.406148 0.051846 0.030922 0.034004
0 0.594672 0.048379 0.038625 0.035547
0 0.823648 0.182412 0.035922 0.041230
0 0.996211 0.170967 0.007578 0.028223
0 0.852422 0.338770 0.034750 0.036797
0 0.989992 0.185889 0.020016 0.034590
0 0.583812 0.984150 0.034625 0.027793
0 0.756047 0.962666 0.038875 0.039746
0 0.930500 0.940518 0.033437 0.034473
0 0.768609 0.038818 0.036062 0.039199
0 0.540406 0.031064 0.036000 0.032754
0 0.076906 0.171846 0.044875 0.041348
0 0.016125 0.145781 0.030563 0.034570
0 0.634375 0.022383 0.030531 0.031406
0 0.964578 0.015830 0.041594 0.029160
0 0.793508 0.014658 0.040078 0.023066
0 0.211555 0.727119 0.035172 0.037832