0 0.174828 0.134971 0.043969 0.047285
0 0.077352 0.300088 0.039078 0.041230
0 0.117578 0.372744 0.038437 0.042441
0 0.115273 0.458516 0.036391 0.036797
0 0.015484 0.941426 0.029437 0.038867
0 0.160867 0.594883 0.038453 0.034766
0 0.301789 0.459180 0.033078 0.032109
0 0.363898 0.704570 0.029859 0.034258
0 0.501180 0.475996 0.029047 0.029141
0 0.535906 0.691348 0.032719 0.033242
0 0.337422 0.402559 0.031500 0.036289
0 0.302187 0.255996 0.036406 0.033750
0 0.510086 0.384189 0.033953 0.034824
0 0.690438 0.362861 0.036406 0.038848
0 0.696625 0.442627 0.028625 0.027676
0 0.707109 0.667656 0.031906 0.037422
0 0.866742 0.339658 0.032891 0.034355
0 0.876336 0.512197 0.037797 0.034980
0 0.884266 0.648770 0.035844 0.033750
0 0.326516 0.122422 0.042219 0.042891
0 0.224609 0.117393 0.039750 0.034980
0 0.264711 0.105000 0.039266 0.036875
0 0.378789 0.111533 0.044672 0.041777
0 0.418180 0.094463 0.037078 0.032520
0 0.554430 0.095615 0.043078 0.036816
0 0.432141 0.183213 0.032875 0.034980
0 0.666516 0.210674 0.037312 0.035645
0 0.587961 0.085000 0.034828 0.036133
0 0.560070 0.165967 0.033859 0.034355
0 0.773742 0.070986 0.040578 0.039316
0 0.453813 0.071084 0.029937 0.034355
0 0.409211 0.069717 0.030922 0.034004
0 0.611422 0.063477 0.038625 0.035547
0 0.832648 0.208447 0.035922 0.041230
0 0.851781 0.371357 0.034750 0.036816
0 0.990219 0.183008 0.019562 0.034609
0 0.560969 0.988516 0.030375 0.022969
0 0.732953 0.979053 0.038875 0.037441
0 0.906000 0.964961 0.033437 0.034453
0 0.803789 0.059043 0.036078 0.039180
0 0.546547 0.051035 0.038125 0.035703
0 0.117430 0.157803 0.044859 0.041348
0 0.022703 0.138418 0.037437 0.036016
0 0.646406 0.047227 0.030531 0.030859
0 0.993328 0.030146 0.013344 0.035762
0 0.811937 0.035059 0.038625 0.034063
0 0.191062 0.727705 0.035187 0.037832