0 0.130516 0.147813 0.043969 0.047305
0 0.073930 0.305273 0.039078 0.041211
0 0.120859 0.377490 0.038438 0.042441
0 0.122156 0.460889 0.036406 0.036816
0 0.005312 0.831084 0.010625 0.035332
0 0.052602 0.955215 0.040484 0.038867
0 0.183008 0.594883 0.038453 0.034766
0 0.302898 0.461943 0.033547 0.032715
0 0.395523 0.693672 0.029859 0.034258
0 0.500148 0.479238 0.029047 0.029141
0 0.563094 0.666602 0.032719 0.033242
0 0.356500 0.383945 0.031500 0.036289
0 0.304812 0.238809 0.036406 0.033750
0 0.527992 0.354219 0.033953 0.034805
0 0.702797 0.319102 0.036406 0.038867
0 0.697617 0.444570 0.028641 0.027656
0 0.733781 0.633730 0.031906 0.037422
0 0.867633 0.340029 0.032891 0.034355
0 0.885289 0.466777 0.037797 0.034961
0 0.908578 0.604297 0.035844 0.033750
0 0.270031 0.136201 0.042219 0.042871
0 0.201727 0.109268 0.039766 0.034980
0 0.250945 0.086777 0.039266 0.036875
0 0.333852 0.110244 0.044672 0.041777
0 0.389156 0.076748 0.040250 0.032520
0 0.485055 0.090225 0.046766 0.036816
0 0.438508 0.153506 0.032891 0.034980
0 0.665484 0.166748 0.037312 0.035645
0 0.539008 0.068242 0.038453 0.039336
0 0.562555 0.129092 0.033859 0.034355
0 0.703727 0.051660 0.045734 0.039336
0 0.439781 0.045732 0.029938 0.034355
0 0.403883 0.041592 0.030922 0.034004
0 0.582594 0.039102 0.038625 0.035547
0 0.817430 0.162627 0.035922 0.041230
0 0.989852 0.157461 0.020297 0.035039
0 0.852703 0.317920 0.034750 0.036816
0 0.989836 0.187812 0.020328 0.034609
0 0.597383 0.981387 0.034641 0.028594
0 0.769609 0.955029 0.038875 0.039746
0 0.944641 0.927441 0.033437 0.034453
0 0.744289 0.029277 0.036078 0.039180
0 0.536805 0.018281 0.033484 0.029219
0 0.052305 0.182803 0.044859 0.041348
0 0.012000 0.149912 0.022313 0.032793
0 0.627484 0.013330 0.030531 0.022363
0 0.936469 0.008965 0.039312 0.017109
0 0.223148 0.724990 0.035172 0.037832