0 0.079609 0.167773 0.043969 0.047305
0 0.068687 0.317402 0.039094 0.041211
0 0.115414 0.384355 0.038172 0.042109
0 0.139781 0.470049 0.036406 0.036816
0 0.026727 0.852939 0.041047 0.035332
0 0.101109 0.970000 0.040500 0.038867
0 0.214719 0.594717 0.038187 0.033926
0 0.303344 0.468115 0.033531 0.032715
0 0.434711 0.679707 0.029859 0.034258
0 0.497766 0.488721 0.029031 0.029160
0 0.599672 0.638701 0.032719 0.033223
0 0.382922 0.360869 0.031500 0.036309
0 0.315016 0.221953 0.036406 0.033750
0 0.545953 0.322178 0.033937 0.034824
0 0.722328 0.272041 0.036406 0.038848
0 0.695523 0.450039 0.028641 0.027656
0 0.765344 0.592793 0.031906 0.037422
0 0.866930 0.359072 0.032891 0.034355
0 0.896383 0.409033 0.037797 0.034980
0 0.936398 0.553516 0.035828 0.033750
0 0.186961 0.153135 0.042203 0.042871
0 0.170063 0.110215 0.039750 0.034961
0 0.244492 0.075801 0.039266 0.036875
0 0.270344 0.109570 0.044250 0.041445
0 0.350687 0.064189 0.040250 0.032520
0 0.396430 0.092412 0.047828 0.036816
0 0.450852 0.125518 0.032891 0.034980
0 0.668047 0.116904 0.037312 0.035645
0 0.475836 0.056201 0.039766 0.040488
0 0.573320 0.086250 0.033859 0.034375
0 0.610539 0.033770 0.047609 0.039336
0 0.429977 0.022275 0.029953 0.033379
0 0.400773 0.018154 0.030922 0.029551
0 0.539414 0.010283 0.037266 0.020566
0 0.792273 0.114521 0.035922 0.041230
0 0.947742 0.105674 0.037703 0.040488
0 0.849719 0.267471 0.034750 0.036816
0 0.989211 0.202725 0.021578 0.034590
0 0.987711 0.277217 0.024516 0.041973
0 0.645359 0.965107 0.034625 0.029160
0 0.812016 0.923408 0.038875 0.039746
0 0.979930 0.890479 0.030328 0.034473
0 0.481430 0.993271 0.038172 0.010293
0 0.683250 0.007295 0.032906 0.013965
0 0.269023 0.723437 0.035172 0.037852