0 0.145125 0.143984 0.043969 0.047305
0 0.074641 0.302920 0.039094 0.041230
0 0.119445 0.375430 0.038453 0.042422
0 0.119797 0.459717 0.036406 0.036816
0 0.039641 0.951094 0.040500 0.038867
0 0.175945 0.594883 0.038453 0.034766
0 0.302781 0.460762 0.033531 0.032734
0 0.385867 0.698086 0.029859 0.034258
0 0.500617 0.477764 0.029047 0.029160
0 0.554375 0.675439 0.032719 0.033223
0 0.350141 0.389834 0.031500 0.036309
0 0.305047 0.245273 0.036406 0.033750
0 0.521398 0.363350 0.033953 0.034824
0 0.699969 0.333535 0.036406 0.038867
0 0.697617 0.443691 0.028641 0.027656
0 0.725297 0.644336 0.031906 0.037422
0 0.867336 0.339912 0.032891 0.034355
0 0.881992 0.480029 0.037797 0.034980
0 0.900102 0.617559 0.035828 0.033750
0 0.290531 0.130605 0.042219 0.042891
0 0.208562 0.111621 0.039750 0.034961
0 0.256133 0.091484 0.039266 0.036875
0 0.349641 0.110830 0.044656 0.041777
0 0.397875 0.082354 0.040250 0.032520
0 0.509453 0.091113 0.045094 0.036797
0 0.436148 0.164111 0.032891 0.034980
0 0.665953 0.182061 0.037312 0.035645
0 0.556797 0.073408 0.036813 0.037871
0 0.562320 0.141162 0.033859 0.034355
0 0.727523 0.058438 0.043391 0.039336
0 0.444734 0.053682 0.029937 0.034355
0 0.405773 0.050146 0.030922 0.034004
0 0.592656 0.046836 0.038625 0.035547
0 0.822609 0.179111 0.035937 0.041230
0 0.996211 0.170967 0.007578 0.028223
0 0.852469 0.335293 0.034750 0.036797
0 0.989961 0.186211 0.020078 0.034609
0 0.586078 0.983682 0.034625 0.027910
0 0.758297 0.961387 0.038875 0.039766
0 0.932859 0.938340 0.033437 0.034453
0 0.764555 0.037236 0.036078 0.039199
0 0.539805 0.028936 0.035578 0.032168
0 0.072805 0.173662 0.044859 0.041348
0 0.015437 0.146465 0.029187 0.034258
0 0.633234 0.020059 0.030531 0.031523
0 0.959891 0.014688 0.041219 0.027148
0 0.791383 0.012939 0.040359 0.020879
0 0.213492 0.726758 0.035172 0.037852