0 0.249633 0.129121 0.037734 0.043086
0 0.090039 0.300088 0.039078 0.041230
0 0.117375 0.370713 0.038437 0.042441
0 0.105875 0.459658 0.036406 0.036816
0 0.126430 0.597324 0.036734 0.033203
0 0.296742 0.458467 0.030828 0.029160
0 0.315711 0.731533 0.029859 0.034238
0 0.501180 0.475996 0.029047 0.029141
0 0.488133 0.729824 0.032734 0.033242
0 0.311812 0.441680 0.031500 0.036289
0 0.298141 0.293594 0.036406 0.033750
0 0.485898 0.439766 0.033953 0.034805
0 0.668266 0.435342 0.036406 0.038848
0 0.692672 0.442627 0.028625 0.027676
0 0.658859 0.724111 0.031906 0.037441
0 0.865391 0.339092 0.032875 0.034355
0 0.844492 0.590205 0.037797 0.034980
0 0.836695 0.720605 0.035828 0.033750
0 0.453859 0.123213 0.033844 0.033730
0 0.271133 0.131895 0.036797 0.034961
0 0.283914 0.135469 0.030891 0.036875
0 0.464539 0.130107 0.035359 0.035723
0 0.465469 0.124189 0.032844 0.032520
0 0.666687 0.114795 0.033844 0.035762
0 0.418961 0.242930 0.032891 0.034961
0 0.669133 0.286494 0.037297 0.035645
0 0.670273 0.116475 0.032141 0.030957
0 0.552773 0.242275 0.033859 0.034355
0 0.896492 0.111523 0.040578 0.039336
0 0.476688 0.128672 0.029938 0.034375
0 0.419789 0.125303 0.030922 0.034004
0 0.668031 0.122012 0.028250 0.035547
0 0.856672 0.293086 0.035937 0.040234
0 0.849516 0.448467 0.034750 0.036816
0 0.985234 0.182695 0.029531 0.034609
0 0.884563 0.121416 0.036062 0.039199
0 0.553195 0.125215 0.038109 0.035703
0 0.224672 0.121123 0.044875 0.041348
0 0.059945 0.129453 0.033547 0.036016
0 0.671984 0.125059 0.030531 0.030859
0 0.869156 0.119072 0.037156 0.034043
0 0.029563 0.126826 0.035563 0.038965
0 0.007172 0.122793 0.013594 0.039883
0 0.135898 0.733428 0.035172 0.037832