0 0.196094 0.132998 0.043969 0.047285
0 0.080148 0.300088 0.039078 0.041230
0 0.117320 0.372432 0.038453 0.042441
0 0.112734 0.458838 0.036406 0.036816
0 0.005992 0.926748 0.011984 0.038848
0 0.151586 0.595234 0.038453 0.034766
0 0.300523 0.458926 0.032391 0.031211
0 0.351414 0.711582 0.029859 0.034258
0 0.501180 0.475996 0.029047 0.029141
0 0.523156 0.700801 0.032719 0.033242
0 0.330492 0.413154 0.031484 0.036309
0 0.301125 0.264863 0.036406 0.033750
0 0.504148 0.398330 0.033953 0.034824
0 0.684656 0.380713 0.036406 0.038848
0 0.695141 0.442627 0.028625 0.027676
0 0.694359 0.682676 0.031906 0.037422
0 0.866391 0.339521 0.032875 0.034355
0 0.868852 0.532871 0.037797 0.034961
0 0.873242 0.667090 0.035828 0.033750
0 0.358109 0.120293 0.042219 0.042891
0 0.237445 0.119443 0.039766 0.034980
0 0.274055 0.110898 0.039266 0.036875
0 0.400445 0.112432 0.041516 0.038301
0 0.433789 0.100635 0.033828 0.032520
0 0.583336 0.097705 0.041391 0.036230
0 0.428742 0.197178 0.032891 0.034980
0 0.668211 0.229131 0.037297 0.035645
0 0.610078 0.093545 0.033250 0.036191
0 0.557883 0.185498 0.033859 0.034355
0 0.807617 0.080684 0.040578 0.039336
0 0.458805 0.085752 0.029953 0.034355
0 0.410914 0.081689 0.030922 0.034004
0 0.623953 0.076719 0.038625 0.035547
0 0.839258 0.229209 0.035922 0.041230
0 0.851406 0.391416 0.034750 0.036816
0 0.987953 0.182695 0.024094 0.034609
0 0.546078 0.990801 0.029312 0.018398
0 0.717438 0.985742 0.038875 0.028516
0 0.889500 0.977070 0.033437 0.028125
0 0.824695 0.075605 0.036078 0.039180
0 0.550195 0.066660 0.038109 0.035703
0 0.147680 0.147373 0.044859 0.041348
0 0.032359 0.135186 0.037437 0.036035
0 0.653234 0.066328 0.030531 0.030859
0 0.829859 0.052109 0.037156 0.034062
0 0.177039 0.728818 0.035172 0.037832