0 0.090172 0.163145 0.043969 0.047305
0 0.069445 0.313545 0.039078 0.041230
0 0.116883 0.382080 0.038453 0.042441
0 0.135820 0.467725 0.036391 0.036816
0 0.021234 0.847432 0.036750 0.035332
0 0.090766 0.966758 0.040500 0.038867
0 0.207992 0.594297 0.038453 0.034766
0 0.303273 0.465713 0.033547 0.032715
0 0.426336 0.682480 0.029859 0.034258
0 0.497805 0.485820 0.029047 0.029141
0 0.592219 0.644219 0.032719 0.033242
0 0.377297 0.365000 0.031500 0.036289
0 0.312734 0.224297 0.036406 0.033750
0 0.542695 0.328262 0.033953 0.034805
0 0.718063 0.281406 0.036406 0.038867
0 0.696484 0.447393 0.028625 0.027676
0 0.758938 0.601094 0.031906 0.037422
0 0.867297 0.354268 0.032875 0.034355
0 0.894148 0.420840 0.037797 0.034961
0 0.931195 0.564717 0.035828 0.033730
0 0.204547 0.149512 0.042219 0.042891
0 0.177023 0.108857 0.039766 0.034980
0 0.245164 0.077930 0.039266 0.036875
0 0.280836 0.112676 0.044672 0.041797
0 0.358438 0.065908 0.040250 0.032520
0 0.415211 0.090928 0.048109 0.036816
0 0.448305 0.130889 0.032891 0.034980
0 0.667367 0.126221 0.037297 0.035645
0 0.489148 0.058467 0.039766 0.040488
0 0.570656 0.094697 0.033875 0.034355
0 0.630977 0.037061 0.047609 0.039316
0 0.431875 0.026650 0.029938 0.034355
0 0.401242 0.023027 0.030922 0.030859
0 0.548422 0.015146 0.038625 0.025840
0 0.798016 0.123984 0.035937 0.041250
0 0.959211 0.116328 0.035922 0.041211
0 0.850625 0.277158 0.034750 0.036816
0 0.989453 0.198984 0.021094 0.034609
0 0.990289 0.287520 0.018578 0.033438
0 0.634711 0.968936 0.034641 0.029160
0 0.803156 0.930508 0.038875 0.039766
0 0.972906 0.898105 0.033437 0.034453
0 0.694156 0.010518 0.036062 0.019824
0 0.007227 0.214092 0.014453 0.041348
0 0.258680 0.723584 0.035172 0.037832