0 0.077906 0.168545 0.043969 0.047285
0 0.068797 0.318525 0.039094 0.041230
0 0.115312 0.385117 0.038031 0.041953
0 0.140297 0.470479 0.036406 0.036816
0 0.028031 0.853936 0.040906 0.035332
0 0.102813 0.970586 0.040500 0.038867
0 0.215672 0.594990 0.038063 0.033496
0 0.303344 0.468965 0.033531 0.032734
0 0.436023 0.679297 0.029859 0.034258
0 0.497992 0.489492 0.029047 0.029141
0 0.600633 0.637852 0.032734 0.033242
0 0.383766 0.360596 0.031500 0.036309
0 0.315297 0.221953 0.036406 0.033750
0 0.546406 0.321475 0.033938 0.034824
0 0.722844 0.270625 0.036406 0.038867
0 0.695180 0.451104 0.028641 0.027676
0 0.766250 0.591670 0.031906 0.037441
0 0.866820 0.359707 0.032891 0.034375
0 0.896727 0.407549 0.037797 0.034980
0 0.937023 0.551533 0.035828 0.033730
0 0.184305 0.153848 0.042203 0.042891
0 0.168984 0.110703 0.039750 0.034961
0 0.244352 0.075371 0.039266 0.036875
0 0.268234 0.110049 0.044063 0.041270
0 0.349797 0.064111 0.040250 0.032520
0 0.393336 0.092979 0.047703 0.036816
0 0.451133 0.124600 0.032891 0.034980
0 0.668102 0.115771 0.037297 0.035645
0 0.473625 0.055771 0.039750 0.040488
0 0.573656 0.085127 0.033875 0.034355
0 0.607039 0.033281 0.047609 0.039336
0 0.429523 0.021680 0.029953 0.032891
0 0.400680 0.017168 0.030922 0.029297
0 0.538344 0.010000 0.036594 0.020000
0 0.791313 0.112959 0.035938 0.041230
0 0.945312 0.103975 0.037687 0.040488
0 0.849547 0.265986 0.034750 0.036816
0 0.989125 0.203359 0.021750 0.034609
0 0.987164 0.275244 0.025578 0.041973
0 0.647148 0.964521 0.034641 0.029160
0 0.813391 0.922285 0.038875 0.039766
0 0.981086 0.889238 0.028766 0.034453
0 0.483367 0.993584 0.038172 0.010293
0 0.681063 0.006650 0.032281 0.012793
0 0.270719 0.723369 0.035188 0.037832