0 0.142203 0.144756 0.043969 0.047285
0 0.074500 0.303389 0.039094 0.041230
0 0.119727 0.375850 0.038453 0.042441
0 0.120266 0.459951 0.036406 0.036816
0 0.042234 0.951914 0.040500 0.038867
0 0.177359 0.594883 0.038438 0.034766
0 0.302805 0.461006 0.033547 0.032715
0 0.387789 0.697207 0.029859 0.034258
0 0.500523 0.478066 0.029047 0.029141
0 0.556125 0.673672 0.032719 0.033242
0 0.351414 0.388652 0.031484 0.036289
0 0.305000 0.243984 0.036406 0.033750
0 0.522711 0.361514 0.033953 0.034824
0 0.700531 0.330645 0.036406 0.038867
0 0.697617 0.443867 0.028641 0.027656
0 0.727000 0.642207 0.031906 0.037422
0 0.867391 0.339932 0.032875 0.034355
0 0.882656 0.477383 0.037781 0.034961
0 0.901789 0.614902 0.035828 0.033750
0 0.286430 0.131719 0.042203 0.042891
0 0.207195 0.111152 0.039766 0.034961
0 0.255086 0.090547 0.039266 0.036875
0 0.346477 0.110713 0.044672 0.041777
0 0.396141 0.081221 0.040250 0.032520
0 0.504570 0.090938 0.045422 0.036797
0 0.436617 0.161992 0.032891 0.034961
0 0.665859 0.178994 0.037312 0.035645
0 0.553234 0.072383 0.037125 0.038164
0 0.562367 0.138760 0.033859 0.034355
0 0.722758 0.057090 0.043859 0.039336
0 0.443742 0.052100 0.029953 0.034355
0 0.405398 0.048428 0.030922 0.034004
0 0.590641 0.045293 0.038625 0.035547
0 0.821570 0.175811 0.035922 0.041230
0 0.994625 0.168760 0.010750 0.028223
0 0.852516 0.331826 0.034750 0.036816
0 0.989937 0.186523 0.020125 0.034609
0 0.588336 0.983223 0.034641 0.028047
0 0.760563 0.960117 0.038875 0.039766
0 0.935219 0.936152 0.033437 0.034453
0 0.760500 0.035635 0.036062 0.039199
0 0.539211 0.026797 0.035172 0.031563
0 0.068711 0.175498 0.044859 0.041348
0 0.014750 0.147158 0.027813 0.033965
0 0.632078 0.018711 0.030531 0.029687
0 0.955211 0.013545 0.040828 0.025137
0 0.789266 0.011211 0.040656 0.018672
0 0.215422 0.726406 0.035187 0.037852