0 0.069422 0.172432 0.043969 0.047285
0 0.069367 0.324180 0.039078 0.041211
0 0.114805 0.388945 0.037328 0.041094
0 0.142836 0.472588 0.036391 0.036816
0 0.034531 0.858936 0.040250 0.035371
0 0.111289 0.973535 0.040484 0.038867
0 0.220430 0.596406 0.037391 0.031367
0 0.303344 0.473203 0.033531 0.032734
0 0.442523 0.677168 0.029859 0.034258
0 0.499125 0.493379 0.029031 0.029141
0 0.605438 0.633613 0.032719 0.033242
0 0.388016 0.359180 0.031500 0.036289
0 0.316703 0.221953 0.036406 0.033750
0 0.548664 0.317939 0.033953 0.034824
0 0.725391 0.263555 0.036406 0.038867
0 0.693484 0.456406 0.028625 0.027656
0 0.770781 0.586016 0.031906 0.037422
0 0.866258 0.362891 0.032891 0.034375
0 0.898430 0.400127 0.037797 0.034980
0 0.940133 0.541641 0.035828 0.033750
0 0.171016 0.157383 0.042219 0.042891
0 0.163617 0.113184 0.039766 0.034961
0 0.243680 0.073262 0.039266 0.036875
0 0.257695 0.112412 0.043047 0.040449
0 0.345266 0.063760 0.040250 0.032520
0 0.377836 0.095811 0.047016 0.036816
0 0.452547 0.120010 0.032875 0.034980
0 0.668383 0.110107 0.037297 0.035645
0 0.462602 0.053662 0.039766 0.040488
0 0.575352 0.079463 0.033859 0.034355
0 0.589508 0.030801 0.047609 0.039336
0 0.427266 0.018682 0.029937 0.030449
0 0.400211 0.014570 0.030922 0.027969
0 0.532969 0.008594 0.033219 0.017188
0 0.786508 0.105186 0.035922 0.041230
0 0.933156 0.095498 0.037688 0.040488
0 0.848703 0.258564 0.034750 0.036816
0 0.988703 0.206543 0.022594 0.034609
0 0.984445 0.265342 0.030859 0.041973
0 0.656102 0.961572 0.034641 0.029160
0 0.820219 0.916689 0.038875 0.039746
0 0.986859 0.883066 0.021000 0.034453
0 0.492578 0.994570 0.038156 0.010859
0 0.279203 0.723018 0.035187 0.037832