0 0.066031 0.173994 0.043969 0.047285
0 0.069594 0.326445 0.039094 0.041211
0 0.114617 0.390469 0.037047 0.040781
0 0.143859 0.473447 0.036406 0.036816
0 0.037133 0.860938 0.039984 0.035352
0 0.114688 0.974707 0.040500 0.038867
0 0.222328 0.596963 0.037125 0.030527
0 0.303344 0.474902 0.033531 0.032734
0 0.445117 0.676328 0.029859 0.034258
0 0.499570 0.494941 0.029047 0.029141
0 0.607359 0.631914 0.032719 0.033242
0 0.389703 0.358613 0.031500 0.036289
0 0.317266 0.221953 0.036406 0.033750
0 0.549570 0.316533 0.033953 0.034824
0 0.726406 0.260732 0.036406 0.038848
0 0.692812 0.458525 0.028625 0.027676
0 0.772578 0.583750 0.031906 0.037422
0 0.866023 0.364160 0.032891 0.034375
0 0.899102 0.397158 0.037797 0.034980
0 0.941375 0.537676 0.035844 0.033750
0 0.165703 0.158789 0.042219 0.042891
0 0.161469 0.114170 0.039750 0.034980
0 0.243406 0.072402 0.039281 0.036875
0 0.253477 0.113359 0.042641 0.040117
0 0.343453 0.063623 0.040250 0.032520
0 0.371648 0.096943 0.046734 0.036816
0 0.453117 0.118174 0.032891 0.034980
0 0.668500 0.107842 0.037312 0.035645
0 0.458188 0.052803 0.039750 0.040488
0 0.576031 0.077197 0.033875 0.034355
0 0.582492 0.029814 0.047609 0.039316
0 0.426359 0.017480 0.029937 0.029453
0 0.400023 0.014141 0.030922 0.027461
0 0.530820 0.008037 0.031859 0.016074
0 0.784586 0.102080 0.035922 0.041230
0 0.928289 0.092100 0.037703 0.040488
0 0.848359 0.255596 0.034750 0.036816
0 0.988531 0.207813 0.022937 0.034609
0 0.983352 0.261387 0.032984 0.041953
0 0.659680 0.960400 0.034641 0.029160
0 0.822953 0.914453 0.038875 0.039766
0 0.989164 0.880586 0.017891 0.034453
0 0.495523 0.994023 0.038172 0.011953
0 0.282594 0.722871 0.035188 0.037852