0 0.287609 0.128877 0.035562 0.041113
0 0.099000 0.300088 0.039094 0.041230
0 0.118195 0.368672 0.038453 0.042422
0 0.101398 0.460166 0.036391 0.036816
0 0.109484 0.599697 0.033781 0.030488
0 0.290313 0.464512 0.033531 0.032734
0 0.288445 0.742734 0.029859 0.034258
0 0.501180 0.475996 0.029047 0.029141
0 0.464922 0.751699 0.032719 0.033242
0 0.306078 0.450469 0.031500 0.036289
0 0.294000 0.314961 0.036406 0.033750
0 0.472055 0.470811 0.033953 0.034824
0 0.654687 0.478105 0.036406 0.038867
0 0.692672 0.442627 0.028625 0.027676
0 0.634828 0.752734 0.031906 0.037422
0 0.864680 0.338799 0.032891 0.034355
0 0.826961 0.631553 0.037797 0.034980
0 0.807008 0.762656 0.035828 0.033750
0 0.519578 0.123594 0.033844 0.033711
0 0.297055 0.143916 0.036797 0.034980
0 0.293570 0.156973 0.030891 0.036875
0 0.505766 0.140557 0.035344 0.035723
0 0.492188 0.148115 0.032844 0.032520
0 0.729930 0.126348 0.037422 0.038359
0 0.412852 0.278955 0.032891 0.034980
0 0.664891 0.330322 0.037313 0.035645
0 0.719562 0.147529 0.035969 0.033535
0 0.549828 0.281426 0.033875 0.034375
0 0.959180 0.137500 0.040172 0.039336
0 0.488469 0.161943 0.029937 0.034355
0 0.418445 0.162783 0.030922 0.034004
0 0.694031 0.158184 0.034125 0.035547
0 0.867133 0.339580 0.035922 0.038496
0 0.847266 0.490518 0.034750 0.036816
0 0.987344 0.182695 0.025313 0.034609
0 0.927773 0.157090 0.036078 0.039180
0 0.554000 0.168848 0.038125 0.035703
0 0.284648 0.107383 0.044859 0.041367
0 0.083516 0.130371 0.037000 0.036016
0 0.680328 0.169707 0.030531 0.030859
0 0.896898 0.166338 0.037172 0.034043
0 0.072500 0.113945 0.038000 0.038984
0 0.060852 0.093584 0.039016 0.034316
0 0.990734 0.937354 0.018531 0.041230
0 0.104148 0.736484 0.035172 0.037852