0 0.227469 0.129258 0.039000 0.044219
0 0.084820 0.300088 0.039078 0.041230
0 0.116898 0.371895 0.038453 0.042422
0 0.108484 0.459365 0.036406 0.036816
0 0.136320 0.595938 0.038453 0.034766
0 0.298422 0.458506 0.031250 0.029707
0 0.331633 0.725000 0.029859 0.034258
0 0.501180 0.475996 0.029047 0.029141
0 0.501672 0.717051 0.032719 0.033242
0 0.319188 0.431533 0.031500 0.036309
0 0.300563 0.281113 0.036406 0.033750
0 0.493969 0.421650 0.033938 0.034824
0 0.676172 0.410400 0.036406 0.038848
0 0.692672 0.442627 0.028625 0.027676
0 0.672875 0.707412 0.031906 0.037441
0 0.865805 0.339268 0.032891 0.034355
0 0.854711 0.566084 0.037797 0.034980
0 0.854008 0.696074 0.035828 0.033750
0 0.415516 0.122988 0.033844 0.033711
0 0.256023 0.124873 0.036797 0.034980
0 0.278289 0.122910 0.030891 0.036875
0 0.440484 0.124004 0.035344 0.035742
0 0.449875 0.110225 0.032844 0.032520
0 0.629789 0.108066 0.031766 0.034258
0 0.422516 0.221914 0.032875 0.034961
0 0.671609 0.260937 0.037312 0.035664
0 0.641523 0.098359 0.029922 0.029453
0 0.554492 0.219424 0.033859 0.034355
0 0.859898 0.098818 0.040578 0.039316
0 0.469813 0.109268 0.029937 0.034355
0 0.420570 0.103447 0.030922 0.034004
0 0.652875 0.100898 0.024812 0.035547
0 0.850570 0.265967 0.035922 0.041230
0 0.850844 0.423936 0.034750 0.036816
0 0.984008 0.182695 0.031984 0.034609
0 0.861125 0.992793 0.033438 0.014414
0 0.859914 0.102549 0.036078 0.039199
0 0.552734 0.100605 0.038125 0.035703
0 0.191156 0.129580 0.044875 0.041348
0 0.050109 0.130684 0.037437 0.036016
0 0.667117 0.099023 0.030547 0.030859
0 0.852969 0.091504 0.037156 0.034062
0 0.013820 0.137881 0.027641 0.038965
0 0.154430 0.731650 0.035172 0.037832