0 0.136359 0.146279 0.043969 0.047285
0 0.074211 0.304336 0.039078 0.041211
0 0.120289 0.376670 0.038453 0.042441
0 0.121219 0.460420 0.036406 0.036816
0 0.004898 0.831084 0.009797 0.035332
0 0.047422 0.953564 0.040500 0.038848
0 0.180180 0.594883 0.038453 0.034766
0 0.302852 0.461475 0.033547 0.032715
0 0.391664 0.695430 0.029859 0.034258
0 0.500336 0.478652 0.029047 0.029141
0 0.559609 0.670137 0.032719 0.033242
0 0.353953 0.386299 0.031500 0.036309
0 0.304906 0.241387 0.036406 0.033750
0 0.525352 0.357871 0.033953 0.034805
0 0.701672 0.324873 0.036406 0.038848
0 0.697617 0.444219 0.028641 0.027656
0 0.730391 0.637969 0.031906 0.037422
0 0.867508 0.339980 0.032891 0.034375
0 0.883977 0.472080 0.037797 0.034980
0 0.905187 0.609600 0.035844 0.033730
0 0.278234 0.133965 0.042219 0.042891
0 0.204461 0.110205 0.039766 0.034980
0 0.253023 0.088672 0.039266 0.036875
0 0.340164 0.110479 0.044672 0.041777
0 0.392656 0.078994 0.040250 0.032520
0 0.494812 0.090576 0.046094 0.036816
0 0.437562 0.157754 0.032875 0.034961
0 0.665672 0.172881 0.037313 0.035645
0 0.546125 0.070312 0.037781 0.038750
0 0.562461 0.133916 0.033859 0.034355
0 0.713242 0.054375 0.044797 0.039336
0 0.441766 0.048916 0.029938 0.034355
0 0.404641 0.045010 0.030938 0.034004
0 0.586609 0.042207 0.038625 0.035547
0 0.819500 0.169229 0.035937 0.041230
0 0.991969 0.163516 0.016062 0.030508
0 0.852609 0.324873 0.034750 0.036816
0 0.989883 0.187168 0.020234 0.034609
0 0.592867 0.982305 0.034641 0.028320
0 0.765094 0.957578 0.038875 0.039766
0 0.939937 0.931797 0.033437 0.034453
0 0.752398 0.032461 0.036078 0.039180
0 0.538008 0.022539 0.034328 0.030391
0 0.060508 0.179150 0.044859 0.041348
0 0.013375 0.148525 0.025062 0.033379
0 0.629781 0.016016 0.030531 0.026016
0 0.945836 0.011260 0.040078 0.021113
0 0.785039 0.007764 0.041234 0.014277
0 0.219289 0.725693 0.035172 0.037832