0 0.162656 0.139395 0.043969 0.047305
0 0.075484 0.300088 0.039094 0.041230
0 0.117750 0.372959 0.038437 0.042441
0 0.116969 0.458311 0.036406 0.036816
0 0.024094 0.946143 0.040500 0.038848
0 0.167461 0.594883 0.038453 0.034766
0 0.302641 0.459346 0.033531 0.032715
0 0.374273 0.703379 0.029859 0.034258
0 0.501180 0.475996 0.029047 0.029141
0 0.543914 0.686045 0.032734 0.033223
0 0.342508 0.396904 0.031484 0.036309
0 0.305328 0.253057 0.036406 0.033730
0 0.513477 0.374307 0.033953 0.034824
0 0.696578 0.350850 0.036406 0.038848
0 0.697617 0.442627 0.028641 0.027676
0 0.715125 0.657051 0.031906 0.037422
0 0.866977 0.339756 0.032891 0.034355
0 0.878039 0.495938 0.037797 0.034961
0 0.889914 0.633457 0.035828 0.033750
0 0.315125 0.123887 0.042219 0.042891
0 0.216758 0.114443 0.039766 0.034980
0 0.262352 0.097148 0.039266 0.036875
0 0.368586 0.111533 0.044672 0.041777
0 0.408344 0.089063 0.040250 0.032500
0 0.538727 0.092178 0.043078 0.036816
0 0.433320 0.176836 0.032891 0.034961
0 0.666516 0.200439 0.037312 0.035645
0 0.578148 0.079600 0.034828 0.036113
0 0.562039 0.155654 0.033859 0.034355
0 0.756070 0.066562 0.040578 0.039336
0 0.450672 0.063232 0.029937 0.034355
0 0.408039 0.060381 0.030922 0.034004
0 0.604750 0.056113 0.038625 0.035547
0 0.828828 0.198916 0.035937 0.041230
0 0.852187 0.356143 0.034750 0.036816
0 0.990117 0.184297 0.019766 0.034609
0 0.572508 0.986455 0.034641 0.027090
0 0.744734 0.969023 0.038875 0.039766
0 0.918734 0.951406 0.033438 0.034453
0 0.788867 0.046768 0.036078 0.039199
0 0.543406 0.041699 0.038125 0.035703
0 0.097406 0.162715 0.044875 0.041367
0 0.019563 0.142344 0.037437 0.036016
0 0.640125 0.033984 0.030531 0.030859
0 0.983125 0.021562 0.033750 0.039219
0 0.804086 0.023281 0.038641 0.034063
0 0.201898 0.728877 0.035172 0.037832