0 0.209414 0.131797 0.042734 0.046523
0 0.082016 0.300088 0.039094 0.041230
0 0.117156 0.372217 0.038437 0.042441
0 0.111031 0.459053 0.036406 0.036816
0 0.145477 0.595518 0.038453 0.034785
0 0.299687 0.458760 0.031937 0.030605
0 0.343508 0.716953 0.029859 0.034258
0 0.501180 0.475996 0.029047 0.029141
0 0.514563 0.707305 0.032719 0.033242
0 0.325969 0.420508 0.031500 0.036289
0 0.300891 0.271367 0.036406 0.033750
0 0.500070 0.407666 0.033953 0.034824
0 0.681266 0.392588 0.036406 0.038848
0 0.694156 0.442627 0.028625 0.027676
0 0.685766 0.692568 0.031906 0.037441
0 0.866156 0.339424 0.032875 0.034355
0 0.863195 0.546152 0.037797 0.034961
0 0.865547 0.678682 0.035844 0.033730
0 0.379914 0.119961 0.042203 0.042891
0 0.245352 0.121191 0.039016 0.034961
0 0.277742 0.115098 0.037172 0.036875
0 0.416930 0.116230 0.038297 0.036445
0 0.441172 0.103779 0.032844 0.032520
0 0.602148 0.101328 0.037953 0.035508
0 0.426250 0.207070 0.032875 0.034961
0 0.669570 0.241846 0.037297 0.035645
0 0.623180 0.096104 0.031922 0.033965
0 0.556531 0.199072 0.033875 0.034355
0 0.828523 0.087930 0.040578 0.039336
0 0.462937 0.095127 0.029938 0.034355
0 0.414578 0.089424 0.030938 0.034004
0 0.634445 0.086172 0.035172 0.035547
0 0.843781 0.243916 0.035937 0.041230
0 0.851187 0.404424 0.034750 0.036816
0 0.986117 0.182695 0.027766 0.034609
0 0.707391 0.989082 0.038875 0.021836
0 0.878844 0.984043 0.033437 0.023047
0 0.838781 0.086387 0.036063 0.039180
0 0.551422 0.079746 0.038125 0.035703
0 0.166125 0.140166 0.044875 0.041348
0 0.039461 0.133379 0.037422 0.036016
0 0.658281 0.079238 0.030531 0.030859
0 0.839102 0.067871 0.037172 0.034062
0 0.005945 0.149268 0.011891 0.026777
0 0.167992 0.729951 0.035172 0.037832