0 0.177867 0.133867 0.043984 0.047305
0 0.077820 0.300088 0.039078 0.041230
0 0.117539 0.372686 0.038453 0.042441
0 0.114844 0.458564 0.036406 0.036816
0 0.013336 0.940254 0.026672 0.038867
0 0.159211 0.594883 0.038453 0.034766
0 0.301578 0.459141 0.032969 0.031953
0 0.361320 0.704863 0.029859 0.034258
0 0.501180 0.475996 0.029047 0.029141
0 0.533906 0.692666 0.032719 0.033223
0 0.336141 0.403975 0.031500 0.036309
0 0.301406 0.256738 0.036406 0.033750
0 0.509234 0.386670 0.033937 0.034824
0 0.688906 0.365869 0.036406 0.038848
0 0.696375 0.442627 0.028625 0.027676
0 0.705109 0.670312 0.031906 0.037422
0 0.866688 0.339639 0.032875 0.034355
0 0.875914 0.516260 0.037797 0.034980
0 0.882852 0.652598 0.035828 0.033750
0 0.329359 0.122051 0.042219 0.042891
0 0.226578 0.118125 0.039750 0.034961
0 0.265289 0.106963 0.039266 0.036855
0 0.381344 0.111533 0.044656 0.041777
0 0.420641 0.095811 0.036281 0.032520
0 0.558367 0.096475 0.043078 0.036816
0 0.431852 0.184805 0.032891 0.034961
0 0.666516 0.213232 0.037312 0.035645
0 0.590414 0.086348 0.034828 0.036133
0 0.559578 0.168545 0.033875 0.034355
0 0.778164 0.072090 0.040578 0.039336
0 0.454594 0.073047 0.029937 0.034375
0 0.409508 0.072041 0.030922 0.034004
0 0.613094 0.065312 0.038625 0.035547
0 0.833602 0.210830 0.035922 0.041230
0 0.851688 0.375166 0.034750 0.036816
0 0.990242 0.182695 0.019516 0.034609
0 0.558094 0.989033 0.029312 0.021934
0 0.730000 0.981563 0.038875 0.036875
0 0.902828 0.968350 0.033437 0.034473
0 0.807523 0.062109 0.036078 0.039180
0 0.547328 0.053359 0.038125 0.035703
0 0.122438 0.156572 0.044875 0.041348
0 0.023492 0.137432 0.037422 0.036035
0 0.647969 0.050547 0.030531 0.030859
0 0.995883 0.032295 0.008234 0.034902
0 0.813906 0.038008 0.038625 0.034062
0 0.188352 0.727412 0.035172 0.037832