0 0.305281 0.128779 0.034656 0.040293
0 0.102727 0.300088 0.039078 0.041230
0 0.118531 0.367822 0.038437 0.042441
0 0.099531 0.460381 0.036406 0.036816
0 0.104883 0.598437 0.037453 0.033867
0 0.284328 0.474346 0.033531 0.032715
0 0.277070 0.747402 0.029859 0.034258
0 0.501180 0.475996 0.029047 0.029141
0 0.455258 0.760820 0.032734 0.033242
0 0.303687 0.454131 0.031500 0.036309
0 0.292281 0.323867 0.036406 0.033750
0 0.466289 0.483740 0.033953 0.034824
0 0.649031 0.495918 0.036406 0.038867
0 0.692672 0.442627 0.028625 0.027676
0 0.624812 0.764668 0.031906 0.037422
0 0.864391 0.338682 0.032875 0.034355
0 0.819648 0.648789 0.037797 0.034961
0 0.794641 0.780176 0.035844 0.033750
0 0.545484 0.127012 0.033844 0.033711
0 0.307852 0.148926 0.036797 0.034961
0 0.298430 0.166133 0.030891 0.036875
0 0.522945 0.144912 0.035359 0.035723
0 0.503313 0.158086 0.032844 0.032500
0 0.756312 0.130928 0.038594 0.039238
0 0.410320 0.293965 0.032891 0.034961
0 0.663125 0.348584 0.037312 0.035645
0 0.739234 0.158623 0.037250 0.034395
0 0.546805 0.300010 0.033859 0.034355
0 0.982406 0.150137 0.035187 0.039336
0 0.493375 0.175801 0.029937 0.034375
0 0.417602 0.180342 0.030922 0.034004
0 0.705937 0.172812 0.036094 0.035547
0 0.871492 0.358945 0.035922 0.037773
0 0.846313 0.508037 0.034750 0.036816
0 0.988047 0.182695 0.023906 0.034609
0 0.945148 0.173037 0.036078 0.039199
0 0.554203 0.187324 0.038125 0.035703
0 0.311008 0.102822 0.044859 0.041348
0 0.094016 0.130889 0.037000 0.036035
0 0.683797 0.188320 0.030531 0.030859
0 0.910547 0.186162 0.037156 0.038340
0 0.091992 0.109170 0.039359 0.038965
0 0.088602 0.082461 0.042359 0.034336
0 0.983656 0.954307 0.025625 0.034629
0 0.090914 0.737754 0.035172 0.037852