0 0.076219 0.169326 0.043969 0.047285
0 0.068914 0.319658 0.039078 0.041230
0 0.115211 0.385879 0.037891 0.041758
0 0.140797 0.470898 0.036406 0.036797
0 0.029328 0.854941 0.040781 0.035352
0 0.104508 0.971172 0.040484 0.038867
0 0.216617 0.595273 0.037922 0.033086
0 0.303344 0.469814 0.033531 0.032715
0 0.437320 0.678867 0.029859 0.034258
0 0.498219 0.490273 0.029031 0.029141
0 0.601594 0.637002 0.032719 0.033223
0 0.384617 0.360303 0.031484 0.036309
0 0.315578 0.221953 0.036406 0.033750
0 0.546859 0.320771 0.033938 0.034824
0 0.723352 0.269209 0.036391 0.038848
0 0.694844 0.452168 0.028625 0.027656
0 0.767156 0.590537 0.031906 0.037441
0 0.866703 0.360342 0.032875 0.034355
0 0.897070 0.406064 0.037797 0.034980
0 0.937648 0.549551 0.035828 0.033750
0 0.181648 0.154551 0.042203 0.042891
0 0.167914 0.111201 0.039766 0.034980
0 0.244227 0.074961 0.039266 0.036875
0 0.266133 0.110518 0.043859 0.041113
0 0.348891 0.064033 0.040250 0.032520
0 0.390234 0.093545 0.047563 0.036816
0 0.451414 0.123682 0.032891 0.034980
0 0.668156 0.114639 0.037312 0.035645
0 0.471422 0.055352 0.039750 0.040508
0 0.574000 0.083994 0.033875 0.034355
0 0.603523 0.032783 0.047609 0.039316
0 0.429070 0.021074 0.029953 0.032383
0 0.400586 0.016191 0.030922 0.029023
0 0.537266 0.009717 0.035906 0.019434
0 0.790352 0.111396 0.035922 0.041230
0 0.942883 0.102285 0.037703 0.040508
0 0.849375 0.264502 0.034750 0.036816
0 0.989039 0.204004 0.021922 0.034609
0 0.986625 0.273262 0.026625 0.041953
0 0.648937 0.963936 0.034625 0.029160
0 0.814750 0.921172 0.038875 0.039766
0 0.982250 0.888008 0.027219 0.034453
0 0.485305 0.993906 0.038172 0.010312
0 0.678891 0.005986 0.031656 0.011621
0 0.272414 0.723291 0.035172 0.037832