0 0.106891 0.155986 0.043969 0.047285
0 0.071734 0.309824 0.039094 0.041211
0 0.119867 0.380371 0.038453 0.042422
0 0.128953 0.464287 0.036406 0.036816
0 0.014492 0.839268 0.026109 0.035332
0 0.074555 0.961943 0.040484 0.038848
0 0.196719 0.594629 0.038437 0.034766
0 0.303109 0.464062 0.033531 0.032734
0 0.412867 0.686934 0.029859 0.034258
0 0.498945 0.482666 0.029047 0.029160
0 0.579297 0.653154 0.032719 0.033223
0 0.368141 0.373301 0.031500 0.036289
0 0.308734 0.229727 0.036406 0.033750
0 0.537195 0.339141 0.033953 0.034805
0 0.710484 0.296660 0.036406 0.038867
0 0.697141 0.446152 0.028625 0.027656
0 0.748219 0.615186 0.031906 0.037441
0 0.867633 0.346025 0.032891 0.034355
0 0.890523 0.441455 0.037797 0.034980
0 0.921961 0.581621 0.035828 0.033750
0 0.233180 0.144355 0.042203 0.042891
0 0.188242 0.107998 0.039766 0.034980
0 0.246117 0.080898 0.039266 0.036875
0 0.304398 0.110986 0.044672 0.041777
0 0.372297 0.069619 0.040250 0.032520
0 0.444570 0.090107 0.048109 0.036816
0 0.443688 0.139141 0.032875 0.034961
0 0.666047 0.142725 0.037312 0.035645
0 0.509930 0.061758 0.039766 0.040508
0 0.566039 0.109131 0.033859 0.034355
0 0.662320 0.042422 0.047609 0.039336
0 0.434180 0.034072 0.029953 0.034355
0 0.401914 0.029883 0.030922 0.032695
0 0.564453 0.025195 0.038625 0.035547
0 0.806922 0.138818 0.035937 0.041230
0 0.974609 0.133242 0.031750 0.042891
0 0.851945 0.292822 0.034766 0.036816
0 0.989617 0.193203 0.020766 0.034609
0 0.994813 0.307070 0.010375 0.027773
0 0.618211 0.975127 0.034641 0.029160
0 0.788875 0.941846 0.038875 0.039746
0 0.961922 0.910137 0.033438 0.034453
0 0.713945 0.017744 0.036078 0.031113
0 0.531406 0.005527 0.029687 0.011055
0 0.020367 0.199248 0.038109 0.041348
0 0.005297 0.157910 0.009750 0.030742
0 0.242461 0.723584 0.035172 0.037832