0 0.338352 0.130332 0.033578 0.039336
0 0.111148 0.301025 0.039078 0.041230
0 0.118602 0.367354 0.038453 0.042441
0 0.099406 0.461963 0.036406 0.036816
0 0.095680 0.600840 0.038453 0.034766
0 0.276945 0.488066 0.033547 0.032734
0 0.259211 0.754512 0.029859 0.034258
0 0.501180 0.475996 0.029047 0.029141
0 0.435516 0.775322 0.032719 0.033223
0 0.303211 0.454854 0.031484 0.036309
0 0.290453 0.339570 0.036406 0.033750
0 0.454742 0.507109 0.033953 0.034805
0 0.636031 0.525459 0.036406 0.038848
0 0.692672 0.442627 0.028625 0.027676
0 0.607969 0.786221 0.031906 0.037441
0 0.864328 0.338662 0.032875 0.034355
0 0.806617 0.675977 0.037797 0.034961
0 0.777570 0.805020 0.035828 0.033750
0 0.587828 0.132852 0.034406 0.034414
0 0.325992 0.157881 0.036797 0.034980
0 0.308133 0.181934 0.030891 0.036875
0 0.551516 0.154971 0.035344 0.035723
0 0.522219 0.172900 0.032844 0.032520
0 0.796867 0.146865 0.038609 0.039238
0 0.405289 0.317695 0.032891 0.034961
0 0.664258 0.375615 0.037297 0.035645
0 0.766391 0.178428 0.037250 0.034395
0 0.540023 0.331318 0.033859 0.034355
0 0.500828 0.200518 0.029938 0.034355
0 0.418531 0.207227 0.030938 0.033984
0 0.725875 0.199609 0.036094 0.035547
0 0.878133 0.389365 0.035922 0.037637
0 0.844344 0.536045 0.034750 0.036816
0 0.987133 0.182695 0.025734 0.034609
0 0.974187 0.204854 0.036062 0.039199
0 0.555453 0.219092 0.038125 0.035723
0 0.354883 0.097939 0.044859 0.041348
0 0.113297 0.131641 0.037969 0.036016
0 0.691703 0.221152 0.030531 0.030859
0 0.926602 0.221836 0.037172 0.038320
0 0.124078 0.104141 0.040437 0.038984
0 0.135063 0.067764 0.045031 0.034863
0 0.956680 0.978018 0.027422 0.029434
0 0.988250 0.846670 0.019750 0.041230
0 0.074906 0.739863 0.035188 0.037852