0 0.087781 0.164170 0.043969 0.047285
0 0.069117 0.314072 0.039078 0.041230
0 0.116461 0.382334 0.038453 0.042441
0 0.136797 0.468213 0.036406 0.036816
0 0.022203 0.848604 0.038281 0.035332
0 0.093086 0.967441 0.040484 0.038867
0 0.209602 0.594238 0.038453 0.034766
0 0.303297 0.465947 0.033531 0.032715
0 0.428273 0.681836 0.029859 0.034258
0 0.497641 0.486270 0.029031 0.029141
0 0.594063 0.642949 0.032719 0.033242
0 0.378609 0.363809 0.031500 0.036289
0 0.313297 0.223516 0.036406 0.033750
0 0.543477 0.326709 0.033953 0.034824
0 0.719148 0.279219 0.036391 0.038867
0 0.696391 0.447578 0.028625 0.027656
0 0.760469 0.599082 0.031906 0.037422
0 0.867250 0.355439 0.032875 0.034355
0 0.894680 0.417891 0.037797 0.034961
0 0.932516 0.562305 0.035844 0.033750
0 0.200461 0.150254 0.042203 0.042891
0 0.175414 0.108975 0.039766 0.034980
0 0.245039 0.077500 0.039266 0.036875
0 0.277469 0.112920 0.044656 0.041777
0 0.356469 0.065381 0.040250 0.032520
0 0.411016 0.091045 0.048094 0.036816
0 0.448961 0.129717 0.032891 0.034980
0 0.667555 0.123877 0.037297 0.035645
0 0.486180 0.057988 0.039766 0.040508
0 0.571320 0.092637 0.033859 0.034375
0 0.626508 0.036289 0.047609 0.039336
0 0.431539 0.025596 0.029953 0.034355
0 0.401148 0.022061 0.030922 0.030605
0 0.546141 0.013711 0.038625 0.024453
0 0.796742 0.121865 0.035922 0.041230
0 0.957008 0.113906 0.036516 0.040977
0 0.850437 0.274912 0.034750 0.036816
0 0.989430 0.199805 0.021141 0.034609
0 0.989789 0.285410 0.019859 0.036289
0 0.637063 0.968057 0.034625 0.029160
0 0.805203 0.928887 0.038875 0.039766
0 0.974484 0.896387 0.033437 0.034453
0 0.477555 0.992646 0.038172 0.010293
0 0.691969 0.009873 0.035438 0.018652
0 0.260992 0.723584 0.035172 0.037832