0 0.206406 0.132227 0.043344 0.046914
0 0.081555 0.300088 0.039078 0.041230
0 0.117195 0.372266 0.038453 0.042422
0 0.111453 0.458994 0.036406 0.036816
0 0.147008 0.595449 0.038453 0.034766
0 0.299898 0.458799 0.032047 0.030762
0 0.345477 0.715605 0.029859 0.034258
0 0.501180 0.475996 0.029047 0.029141
0 0.516711 0.705674 0.032734 0.033223
0 0.327094 0.418672 0.031500 0.036289
0 0.300953 0.269746 0.036406 0.033750
0 0.501094 0.405332 0.033938 0.034805
0 0.682109 0.389619 0.036406 0.038848
0 0.694398 0.442627 0.028641 0.027676
0 0.687922 0.690098 0.031906 0.037422
0 0.866211 0.339443 0.032891 0.034355
0 0.864609 0.542832 0.037781 0.034961
0 0.867477 0.675781 0.035828 0.033750
0 0.374766 0.119785 0.042219 0.042891
0 0.243570 0.120576 0.039391 0.034980
0 0.277656 0.113789 0.038219 0.036875
0 0.412508 0.114512 0.039266 0.036680
0 0.440109 0.103174 0.032844 0.032520
0 0.597555 0.100205 0.038984 0.035684
0 0.426867 0.204600 0.032891 0.034980
0 0.669234 0.238672 0.037312 0.035664
0 0.620125 0.095732 0.032250 0.034707
0 0.556867 0.195684 0.033859 0.034375
0 0.823289 0.086123 0.040578 0.039316
0 0.461719 0.092988 0.029937 0.034375
0 0.413023 0.087490 0.030922 0.034004
0 0.631375 0.083730 0.036906 0.035547
0 0.842648 0.240244 0.035922 0.041230
0 0.851234 0.401182 0.034750 0.036816
0 0.986578 0.182695 0.026844 0.034609
0 0.709906 0.988242 0.038875 0.023516
0 0.881516 0.982305 0.033437 0.024297
0 0.835266 0.083691 0.036063 0.039180
0 0.551203 0.076270 0.038125 0.035703
0 0.161953 0.141924 0.044875 0.041348
0 0.037687 0.133828 0.037437 0.036016
0 0.656813 0.075938 0.030531 0.030859
0 0.836789 0.063926 0.037172 0.034063
0 0.004633 0.151172 0.009266 0.024727
0 0.170258 0.729668 0.035172 0.037852