0 0.102109 0.158037 0.043969 0.047285
0 0.071078 0.310889 0.039094 0.041230
0 0.119008 0.380859 0.038453 0.042422
0 0.130906 0.465273 0.036406 0.036797
0 0.016422 0.841592 0.029156 0.035332
0 0.079187 0.963320 0.040500 0.038867
0 0.199937 0.594531 0.038437 0.034766
0 0.303156 0.464531 0.033531 0.032734
0 0.416727 0.685664 0.029859 0.034258
0 0.498625 0.483564 0.029031 0.029160
0 0.582984 0.650605 0.032719 0.033242
0 0.370750 0.370928 0.031500 0.036309
0 0.309875 0.228184 0.036406 0.033750
0 0.538766 0.336035 0.033938 0.034805
0 0.712641 0.292305 0.036406 0.038867
0 0.696953 0.446504 0.028625 0.027656
0 0.751281 0.611162 0.031906 0.037441
0 0.867539 0.348369 0.032891 0.034355
0 0.891563 0.435566 0.037781 0.034961
0 0.924602 0.576797 0.035828 0.033750
0 0.225000 0.145830 0.042219 0.042871
0 0.185039 0.108242 0.039766 0.034961
0 0.245852 0.080039 0.039266 0.036875
0 0.297664 0.111465 0.044672 0.041797
0 0.368336 0.068564 0.040234 0.032520
0 0.436180 0.090342 0.048109 0.036816
0 0.445008 0.136787 0.032891 0.034980
0 0.666422 0.138008 0.037312 0.035664
0 0.503992 0.060820 0.039766 0.040508
0 0.567359 0.105010 0.033875 0.034355
0 0.653367 0.040889 0.047609 0.039316
0 0.433516 0.031953 0.029937 0.034375
0 0.401719 0.027920 0.030938 0.032168
0 0.559875 0.022324 0.038625 0.032773
0 0.804375 0.134580 0.035937 0.041230
0 0.970203 0.128408 0.032938 0.042402
0 0.851562 0.288350 0.034750 0.036816
0 0.989570 0.194863 0.020859 0.034609
0 0.993398 0.302344 0.012859 0.027773
0 0.622930 0.973350 0.034641 0.029160
0 0.792953 0.938604 0.038875 0.039746
0 0.965063 0.906699 0.033437 0.034453
0 0.708289 0.015684 0.036078 0.027891
0 0.016617 0.203486 0.031359 0.041348
0 0.003406 0.161084 0.006813 0.030762
0 0.247094 0.723584 0.035188 0.037832