0 0.334078 0.129492 0.033563 0.039336
0 0.110055 0.300889 0.039078 0.041230
0 0.118602 0.367393 0.038453 0.042441
0 0.099375 0.461748 0.036406 0.036816
0 0.096875 0.600449 0.038437 0.034766
0 0.277828 0.486387 0.033531 0.032734
0 0.261445 0.753633 0.029859 0.034258
0 0.501180 0.475996 0.029047 0.029141
0 0.438063 0.773516 0.032719 0.033242
0 0.303211 0.454854 0.031484 0.036309
0 0.290656 0.337578 0.036406 0.033750
0 0.456227 0.504141 0.033953 0.034805
0 0.637727 0.521748 0.036391 0.038848
0 0.692672 0.442627 0.028625 0.027676
0 0.610094 0.783486 0.031906 0.037441
0 0.864328 0.338662 0.032875 0.034355
0 0.808273 0.672588 0.037797 0.034980
0 0.779656 0.801973 0.035844 0.033750
0 0.582422 0.132080 0.034250 0.034238
0 0.323398 0.156416 0.036797 0.034980
0 0.306945 0.179727 0.030891 0.036875
0 0.547813 0.153330 0.035344 0.035723
0 0.519594 0.170361 0.032844 0.032520
0 0.791828 0.144697 0.038594 0.039238
0 0.406039 0.314766 0.032891 0.034961
0 0.664039 0.372275 0.037297 0.035645
0 0.762969 0.175693 0.037250 0.034395
0 0.540578 0.327881 0.033875 0.034355
0 0.997133 0.176270 0.005734 0.039336
0 0.499828 0.197490 0.029938 0.034355
0 0.418117 0.204111 0.030922 0.034004
0 0.723484 0.196152 0.036094 0.035547
0 0.877305 0.385576 0.035922 0.037637
0 0.844602 0.532549 0.034766 0.036816
0 0.987266 0.182695 0.025469 0.034609
0 0.970891 0.200137 0.036062 0.039180
0 0.555141 0.214941 0.038125 0.035703
0 0.349305 0.098477 0.044859 0.041367
0 0.110570 0.131553 0.037734 0.036035
0 0.690672 0.216992 0.030531 0.030859
0 0.924687 0.217529 0.037156 0.038340
0 0.119961 0.104443 0.040453 0.038965
0 0.129000 0.069219 0.045031 0.034727
0 0.960141 0.974863 0.027406 0.030273
0 0.989492 0.843789 0.017859 0.041211
0 0.076820 0.739600 0.035172 0.037832