0 0.085391 0.165195 0.043969 0.047305
0 0.068789 0.314609 0.039078 0.041211
0 0.116039 0.382578 0.038453 0.042422
0 0.137781 0.468711 0.036406 0.036797
0 0.023164 0.849775 0.039797 0.035332
0 0.095406 0.968135 0.040500 0.038848
0 0.211211 0.594199 0.038453 0.034766
0 0.303320 0.466182 0.033547 0.032715
0 0.430195 0.681191 0.029859 0.034258
0 0.497477 0.486719 0.029047 0.029141
0 0.595906 0.641670 0.032719 0.033223
0 0.379914 0.362627 0.031484 0.036309
0 0.313875 0.222734 0.036406 0.033750
0 0.544266 0.325146 0.033937 0.034824
0 0.720234 0.277041 0.036406 0.038848
0 0.696297 0.447754 0.028625 0.027656
0 0.762000 0.597070 0.031906 0.037422
0 0.867203 0.356621 0.032875 0.034375
0 0.895195 0.414951 0.037797 0.034980
0 0.933836 0.559883 0.035828 0.033750
0 0.196367 0.150986 0.042203 0.042871
0 0.173812 0.109102 0.039750 0.034961
0 0.244898 0.077070 0.039266 0.036875
0 0.274102 0.113164 0.044672 0.041797
0 0.354484 0.064854 0.040250 0.032520
0 0.406820 0.091172 0.048109 0.036797
0 0.449625 0.128535 0.032875 0.034961
0 0.667742 0.121514 0.037297 0.035645
0 0.483211 0.057520 0.039766 0.040508
0 0.571977 0.090576 0.033859 0.034355
0 0.622023 0.035527 0.047609 0.039336
0 0.431211 0.024531 0.029953 0.034375
0 0.401055 0.021084 0.030922 0.030332
0 0.543844 0.012275 0.038625 0.023066
0 0.795469 0.119736 0.035937 0.041230
0 0.954805 0.111484 0.037109 0.040742
0 0.850250 0.272686 0.034750 0.036816
0 0.989406 0.200625 0.021187 0.034609
0 0.989297 0.283291 0.021125 0.039121
0 0.639422 0.967168 0.034625 0.029141
0 0.807250 0.927266 0.038875 0.039766
0 0.976063 0.894668 0.033437 0.034453
0 0.477555 0.992646 0.038172 0.010293
0 0.689797 0.009229 0.034813 0.017480
0 0.263312 0.723584 0.035188 0.037832