0 0.153891 0.141689 0.043969 0.047285
0 0.075063 0.301504 0.039094 0.041211
0 0.118602 0.374189 0.038453 0.042441
0 0.118391 0.459014 0.036406 0.036816
0 0.031867 0.948613 0.040484 0.038867
0 0.171703 0.594883 0.038437 0.034766
0 0.302711 0.460059 0.033547 0.032734
0 0.380070 0.700742 0.029859 0.034258
0 0.500898 0.476875 0.029047 0.029141
0 0.549141 0.680742 0.032719 0.033242
0 0.346328 0.393369 0.031500 0.036309
0 0.305188 0.249170 0.036406 0.033730
0 0.517430 0.368818 0.033953 0.034824
0 0.698273 0.342187 0.036391 0.038867
0 0.697617 0.443154 0.028641 0.027676
0 0.720203 0.650693 0.031906 0.037441
0 0.867156 0.339834 0.032875 0.034355
0 0.880023 0.487988 0.037797 0.034961
0 0.895008 0.625508 0.035828 0.033750
0 0.302828 0.127246 0.042219 0.042891
0 0.212656 0.113037 0.039750 0.034980
0 0.259242 0.094316 0.039266 0.036875
0 0.359109 0.111182 0.044656 0.041777
0 0.403109 0.085713 0.040250 0.032520
0 0.524086 0.091650 0.044078 0.036816
0 0.434734 0.170479 0.032875 0.034980
0 0.666234 0.191260 0.037312 0.035645
0 0.567469 0.076504 0.035812 0.036992
0 0.562180 0.148408 0.033859 0.034355
0 0.741789 0.062500 0.041984 0.039336
0 0.447703 0.058457 0.029938 0.034375
0 0.406898 0.055264 0.030922 0.034004
0 0.598703 0.051484 0.038625 0.035547
0 0.825719 0.189014 0.035937 0.041230
0 0.852328 0.345713 0.034750 0.036816
0 0.990039 0.185254 0.019922 0.034609
0 0.579289 0.985078 0.034641 0.027500
0 0.751516 0.965215 0.038875 0.039766
0 0.925797 0.944883 0.033438 0.034453
0 0.776711 0.042002 0.036078 0.039199
0 0.541602 0.035322 0.036859 0.033926
0 0.085102 0.168193 0.044859 0.041348
0 0.017500 0.144404 0.033313 0.035137
0 0.636672 0.027021 0.030531 0.031191
0 0.973945 0.018125 0.042359 0.033164
0 0.797734 0.018105 0.039500 0.027461
0 0.207695 0.727822 0.035172 0.037832