0 0.114047 0.152920 0.043969 0.047285
0 0.072711 0.308223 0.039078 0.041211
0 0.121133 0.379639 0.038453 0.042441
0 0.126000 0.462822 0.036406 0.036816
0 0.011594 0.835762 0.021563 0.035312
0 0.067602 0.959883 0.040484 0.038867
0 0.191883 0.594785 0.038453 0.034766
0 0.303039 0.463359 0.033547 0.032734
0 0.407102 0.688848 0.029859 0.034258
0 0.499445 0.481309 0.029047 0.029141
0 0.573758 0.656982 0.032734 0.033223
0 0.364211 0.376865 0.031484 0.036309
0 0.307031 0.232070 0.036406 0.033750
0 0.534836 0.343799 0.033953 0.034824
0 0.707227 0.303193 0.036391 0.038848
0 0.697430 0.445625 0.028641 0.027656
0 0.743625 0.621221 0.031906 0.037441
0 0.867773 0.342490 0.032891 0.034355
0 0.888977 0.450283 0.037797 0.034980
0 0.918008 0.588867 0.035828 0.033750
0 0.245453 0.142148 0.042219 0.042891
0 0.193055 0.107627 0.039766 0.034980
0 0.246523 0.082168 0.039266 0.036875
0 0.314492 0.110254 0.044672 0.041797
0 0.378234 0.071221 0.040250 0.032520
0 0.457148 0.089756 0.048109 0.036816
0 0.441711 0.142676 0.032891 0.034961
0 0.665484 0.149795 0.037312 0.035645
0 0.518836 0.063174 0.039766 0.040488
0 0.564063 0.115313 0.033875 0.034375
0 0.675742 0.044717 0.047609 0.039316
0 0.435172 0.037256 0.029937 0.034355
0 0.402195 0.032813 0.030922 0.033477
0 0.570500 0.029824 0.038625 0.035547
0 0.810734 0.145186 0.035937 0.041230
0 0.981211 0.140498 0.029953 0.043613
0 0.852516 0.299541 0.034750 0.036816
0 0.989687 0.190732 0.020625 0.034590
0 0.996227 0.309414 0.007547 0.027773
0 0.611148 0.977764 0.034641 0.029160
0 0.782750 0.946699 0.038875 0.039766
0 0.957203 0.915293 0.033437 0.034453
0 0.722430 0.020850 0.036078 0.035957
0 0.533211 0.009170 0.030953 0.018340
0 0.028055 0.193369 0.044859 0.041348
0 0.007875 0.154033 0.014063 0.031035
0 0.235508 0.723584 0.035172 0.037832