0 0.092547 0.162129 0.043969 0.047305
0 0.069773 0.313008 0.039078 0.041211
0 0.117305 0.381846 0.038453 0.042441
0 0.134844 0.467236 0.036406 0.036816
0 0.020273 0.846270 0.035234 0.035312
0 0.088453 0.966074 0.040500 0.038867
0 0.206383 0.594336 0.038453 0.034766
0 0.303250 0.465479 0.033531 0.032715
0 0.424414 0.683105 0.029859 0.034258
0 0.497969 0.485371 0.029031 0.029141
0 0.590367 0.645498 0.032734 0.033223
0 0.375984 0.366182 0.031500 0.036309
0 0.312156 0.225068 0.036406 0.033730
0 0.541914 0.329814 0.033953 0.034824
0 0.716984 0.283584 0.036406 0.038848
0 0.696578 0.447217 0.028625 0.027676
0 0.757406 0.603105 0.031906 0.037422
0 0.867344 0.353086 0.032875 0.034375
0 0.893633 0.423779 0.037797 0.034980
0 0.929883 0.567129 0.035828 0.033750
0 0.208641 0.148770 0.042219 0.042891
0 0.178625 0.108730 0.039750 0.034961
0 0.245305 0.078340 0.039266 0.036875
0 0.284203 0.112432 0.044656 0.041777
0 0.360422 0.066445 0.040250 0.032500
0 0.419406 0.090811 0.048094 0.036816
0 0.447648 0.132070 0.032891 0.034961
0 0.667180 0.128584 0.037297 0.035645
0 0.492117 0.058936 0.039766 0.040488
0 0.570000 0.096758 0.033875 0.034375
0 0.635461 0.037822 0.047609 0.039316
0 0.432203 0.027715 0.029938 0.034375
0 0.401336 0.024014 0.030922 0.031113
0 0.550719 0.016582 0.038625 0.027227
0 0.799289 0.126104 0.035922 0.041230
0 0.961406 0.118740 0.035313 0.041465
0 0.850812 0.279404 0.034750 0.036816
0 0.989477 0.198154 0.021047 0.034590
0 0.990781 0.289639 0.017313 0.030605
0 0.632352 0.969814 0.034641 0.029160
0 0.801125 0.932129 0.038875 0.039766
0 0.971344 0.899824 0.033437 0.034453
0 0.696984 0.011553 0.036063 0.021426
0 0.009102 0.211982 0.017828 0.041348
0 0.256367 0.723584 0.035172 0.037832