0 0.159734 0.140156 0.043969 0.047305
0 0.075344 0.300566 0.039094 0.041211
0 0.118031 0.373369 0.038437 0.042441
0 0.117438 0.458545 0.036406 0.036816
0 0.026687 0.946963 0.040500 0.038848
0 0.168875 0.594883 0.038437 0.034766
0 0.302664 0.459590 0.033547 0.032734
0 0.376211 0.702500 0.029859 0.034258
0 0.501086 0.476289 0.029047 0.029141
0 0.545656 0.684277 0.032719 0.033242
0 0.343781 0.395723 0.031500 0.036289
0 0.305281 0.251758 0.036406 0.033750
0 0.514797 0.372471 0.033937 0.034824
0 0.697141 0.347959 0.036406 0.038848
0 0.697617 0.442803 0.028641 0.027676
0 0.716812 0.654932 0.031906 0.037441
0 0.867039 0.339785 0.032891 0.034375
0 0.878695 0.493291 0.037797 0.034980
0 0.891617 0.630801 0.035828 0.033750
0 0.311031 0.125010 0.042219 0.042871
0 0.215391 0.113975 0.039750 0.034980
0 0.261313 0.096211 0.039281 0.036875
0 0.365422 0.111416 0.044656 0.041777
0 0.406594 0.087939 0.040250 0.032520
0 0.533852 0.092002 0.043422 0.036816
0 0.433789 0.174717 0.032891 0.034980
0 0.666422 0.197373 0.037312 0.035645
0 0.574594 0.078564 0.035156 0.036426
0 0.562086 0.153242 0.033859 0.034375
0 0.751305 0.065215 0.041047 0.039336
0 0.449680 0.061641 0.029953 0.034375
0 0.407656 0.058682 0.030938 0.034004
0 0.602734 0.054570 0.038625 0.035547
0 0.827797 0.195615 0.035937 0.041230
0 0.852234 0.352666 0.034750 0.036816
0 0.990094 0.184609 0.019812 0.034609
0 0.574766 0.985996 0.034625 0.027227
0 0.747000 0.967754 0.038875 0.039766
0 0.921078 0.949238 0.033438 0.034453
0 0.784813 0.045186 0.036063 0.039199
0 0.542805 0.039570 0.037703 0.035117
0 0.093305 0.164541 0.044859 0.041348
0 0.018875 0.143027 0.036063 0.035742
0 0.638969 0.031660 0.030531 0.030977
0 0.980875 0.020410 0.038250 0.037187
0 0.801969 0.021553 0.038906 0.031855
0 0.203828 0.728525 0.035188 0.037832