0 0.071125 0.171660 0.043969 0.047305
0 0.069250 0.323057 0.039094 0.041230
0 0.114906 0.388174 0.037469 0.041270
0 0.142328 0.472168 0.036406 0.036797
0 0.033234 0.857930 0.040375 0.035352
0 0.109594 0.972939 0.040500 0.038848
0 0.219477 0.596123 0.037516 0.031816
0 0.303344 0.472354 0.033531 0.032715
0 0.441211 0.677598 0.029859 0.034258
0 0.498898 0.492607 0.029047 0.029160
0 0.604484 0.634453 0.032719 0.033242
0 0.387164 0.359463 0.031484 0.036309
0 0.316422 0.221953 0.036406 0.033750
0 0.548211 0.318652 0.033953 0.034805
0 0.724875 0.264971 0.036406 0.038848
0 0.693828 0.455352 0.028625 0.027656
0 0.769875 0.587148 0.031906 0.037422
0 0.866367 0.362256 0.032891 0.034355
0 0.898086 0.401611 0.037797 0.034980
0 0.939508 0.543613 0.035828 0.033750
0 0.173672 0.156670 0.042219 0.042871
0 0.164688 0.112686 0.039750 0.034980
0 0.243820 0.073691 0.039266 0.036875
0 0.259797 0.111943 0.043250 0.040605
0 0.346172 0.063838 0.040250 0.032520
0 0.380938 0.095244 0.047156 0.036816
0 0.452266 0.120928 0.032875 0.034980
0 0.668328 0.111240 0.037312 0.035645
0 0.464805 0.054082 0.039766 0.040508
0 0.575016 0.080596 0.033875 0.034355
0 0.593008 0.031299 0.047609 0.039316
0 0.427719 0.019277 0.029937 0.030937
0 0.400305 0.014785 0.030922 0.028242
0 0.534039 0.008877 0.033891 0.017754
0 0.787469 0.106738 0.035937 0.041250
0 0.935586 0.097197 0.037703 0.040488
0 0.848875 0.260049 0.034750 0.036816
0 0.988789 0.205908 0.022422 0.034590
0 0.984984 0.267324 0.029812 0.041953
0 0.654305 0.962158 0.034641 0.029160
0 0.818859 0.917813 0.038875 0.039766
0 0.985703 0.884297 0.022563 0.034453
0 0.491102 0.994854 0.038172 0.010293
0 0.672344 0.004053 0.029750 0.008105
0 0.277508 0.723076 0.035172 0.037832