0 0.094937 0.161104 0.043969 0.047285
0 0.070094 0.312480 0.039094 0.041211
0 0.117734 0.381592 0.038438 0.042441
0 0.133859 0.466748 0.036406 0.036816
0 0.019312 0.845107 0.033719 0.035332
0 0.086141 0.965381 0.040500 0.038848
0 0.204766 0.594395 0.038437 0.034766
0 0.303227 0.465244 0.033547 0.032715
0 0.422492 0.683750 0.029859 0.034258
0 0.498133 0.484922 0.029047 0.029141
0 0.588523 0.646777 0.032734 0.033242
0 0.374680 0.367373 0.031484 0.036309
0 0.311594 0.225840 0.036406 0.033750
0 0.541117 0.331377 0.033953 0.034824
0 0.715898 0.285762 0.036391 0.038867
0 0.696672 0.447041 0.028625 0.027676
0 0.755875 0.605117 0.031906 0.037422
0 0.867398 0.351904 0.032891 0.034355
0 0.893117 0.426729 0.037797 0.034980
0 0.928555 0.569551 0.035828 0.033750
0 0.212727 0.148047 0.042203 0.042891
0 0.180227 0.108604 0.039766 0.034980
0 0.245445 0.078770 0.039266 0.036875
0 0.287570 0.112197 0.044672 0.041777
0 0.362406 0.066982 0.040250 0.032520
0 0.423594 0.090693 0.048094 0.036816
0 0.446984 0.133252 0.032875 0.034980
0 0.666992 0.130947 0.037297 0.035645
0 0.495086 0.059404 0.039766 0.040488
0 0.569344 0.098818 0.033875 0.034355
0 0.639930 0.038594 0.047609 0.039336
0 0.432531 0.028770 0.029937 0.034375
0 0.401430 0.024990 0.030922 0.031387
0 0.553008 0.018018 0.038609 0.028613
0 0.800555 0.128232 0.035922 0.041230
0 0.963609 0.121162 0.034719 0.041699
0 0.851000 0.281631 0.034750 0.036816
0 0.989500 0.197334 0.021000 0.034590
0 0.991281 0.291758 0.016031 0.027773
0 0.629992 0.970703 0.034641 0.029141
0 0.799078 0.933740 0.038875 0.039746
0 0.969766 0.901543 0.033437 0.034453
0 0.699805 0.012588 0.036078 0.023027
0 0.010977 0.209854 0.021203 0.041348
0 0.254047 0.723584 0.035187 0.037832