0 0.255953 0.129082 0.037375 0.042734
0 0.091539 0.300088 0.039078 0.041230
0 0.117508 0.370371 0.038453 0.042422
0 0.105125 0.459746 0.036406 0.036797
0 0.123609 0.597715 0.036250 0.032734
0 0.295938 0.458887 0.031375 0.029883
0 0.311164 0.733398 0.029859 0.034258
0 0.501180 0.475996 0.029047 0.029141
0 0.484266 0.733467 0.032719 0.033223
0 0.310859 0.443145 0.031500 0.036289
0 0.297453 0.297148 0.036406 0.033750
0 0.483586 0.444941 0.033953 0.034805
0 0.666000 0.442471 0.036406 0.038848
0 0.692672 0.442627 0.028625 0.027676
0 0.654859 0.728887 0.031906 0.037422
0 0.865273 0.339053 0.032891 0.034355
0 0.841570 0.597100 0.037797 0.034980
0 0.831750 0.727617 0.035844 0.033750
0 0.464813 0.123281 0.033844 0.033711
0 0.275453 0.133896 0.036813 0.034980
0 0.285523 0.139043 0.030891 0.036875
0 0.471406 0.131846 0.035344 0.035723
0 0.469922 0.128174 0.032844 0.032520
0 0.677227 0.116729 0.034453 0.036191
0 0.417945 0.248936 0.032891 0.034980
0 0.668422 0.293799 0.037312 0.035645
0 0.678492 0.121650 0.032797 0.031387
0 0.552281 0.248799 0.033875 0.034355
0 0.906945 0.115146 0.040578 0.039316
0 0.478648 0.134219 0.029953 0.034375
0 0.419570 0.131553 0.030922 0.034004
0 0.672367 0.128027 0.029234 0.035547
0 0.858414 0.300840 0.035922 0.039922
0 0.849141 0.455479 0.034750 0.036816
0 0.985586 0.182695 0.028828 0.034609
0 0.891602 0.126807 0.036078 0.039199
0 0.553328 0.132490 0.038125 0.035723
0 0.234250 0.118701 0.044875 0.041348
0 0.063062 0.129453 0.035844 0.036016
0 0.673375 0.132500 0.030531 0.030859
0 0.873781 0.126953 0.037156 0.034062
0 0.034797 0.123965 0.035562 0.038984
0 0.010875 0.116963 0.019531 0.041113
0 0.130609 0.733936 0.035187 0.037832