0 0.262289 0.129043 0.037016 0.042422
0 0.093023 0.300088 0.039078 0.041230
0 0.117648 0.370029 0.038453 0.042441
0 0.104383 0.459834 0.036391 0.036816
0 0.120781 0.598115 0.035750 0.032285
0 0.295133 0.459316 0.031922 0.030586
0 0.306617 0.735273 0.029859 0.034258
0 0.501180 0.475996 0.029047 0.029141
0 0.480398 0.737109 0.032734 0.033242
0 0.309906 0.444609 0.031500 0.036289
0 0.296766 0.300713 0.036406 0.033730
0 0.481281 0.450107 0.033937 0.034824
0 0.663734 0.449600 0.036406 0.038848
0 0.692672 0.442627 0.028625 0.027676
0 0.650844 0.733652 0.031906 0.037422
0 0.865156 0.338994 0.032875 0.034355
0 0.838648 0.603994 0.037797 0.034980
0 0.826805 0.734619 0.035828 0.033730
0 0.475766 0.123340 0.033844 0.033711
0 0.279773 0.135898 0.036797 0.034961
0 0.287133 0.142637 0.030891 0.036875
0 0.478281 0.133584 0.035344 0.035723
0 0.474375 0.132158 0.032844 0.032520
0 0.687766 0.118652 0.035031 0.036641
0 0.416922 0.254941 0.032875 0.034961
0 0.667719 0.301104 0.037312 0.035645
0 0.686703 0.126826 0.033437 0.031816
0 0.551789 0.255322 0.033859 0.034355
0 0.917414 0.118770 0.040578 0.039336
0 0.480609 0.139766 0.029938 0.034375
0 0.419352 0.137803 0.030922 0.034004
0 0.676703 0.134063 0.030219 0.035547
0 0.860156 0.308594 0.035937 0.039648
0 0.848766 0.462490 0.034750 0.036816
0 0.985938 0.182695 0.028125 0.034609
0 0.898648 0.132187 0.036078 0.039180
0 0.553469 0.139766 0.038125 0.035703
0 0.243828 0.116279 0.044875 0.041348
0 0.066719 0.129561 0.037000 0.036035
0 0.674766 0.139941 0.030531 0.030859
0 0.878406 0.134824 0.037156 0.034062
0 0.041312 0.121582 0.035844 0.038984
0 0.017359 0.111602 0.028406 0.038008
0 0.125320 0.734443 0.035172 0.037832