0 0.212422 0.131377 0.042094 0.046152
0 0.082484 0.300088 0.039094 0.041230
0 0.117117 0.372158 0.038453 0.042441
0 0.110609 0.459092 0.036406 0.036816
0 0.143945 0.595586 0.038453 0.034766
0 0.299469 0.458721 0.031813 0.030449
0 0.341523 0.718281 0.029859 0.034258
0 0.501180 0.475996 0.029047 0.029141
0 0.512414 0.708926 0.032734 0.033242
0 0.324836 0.422344 0.031484 0.036289
0 0.300844 0.272988 0.036406 0.033750
0 0.499055 0.409990 0.033953 0.034824
0 0.680422 0.395557 0.036406 0.038848
0 0.693906 0.442627 0.028625 0.027676
0 0.683625 0.695039 0.031906 0.037422
0 0.866102 0.339385 0.032891 0.034355
0 0.861781 0.549482 0.037781 0.034980
0 0.863625 0.681582 0.035844 0.033750
0 0.385070 0.120156 0.042203 0.042891
0 0.247125 0.121807 0.038656 0.034980
0 0.277828 0.116396 0.036125 0.036855
0 0.421344 0.117949 0.037312 0.036211
0 0.442234 0.104404 0.032844 0.032520
0 0.606758 0.102451 0.036922 0.035293
0 0.425625 0.209541 0.032875 0.034980
0 0.669914 0.245029 0.037297 0.035645
0 0.626234 0.096484 0.031594 0.033203
0 0.556188 0.202471 0.033875 0.034355
0 0.833758 0.089746 0.040578 0.039336
0 0.464172 0.097275 0.029937 0.034355
0 0.416133 0.091377 0.030922 0.034004
0 0.637523 0.088633 0.033453 0.035547
0 0.844914 0.247588 0.035922 0.041230
0 0.851125 0.407686 0.034750 0.036816
0 0.985664 0.182695 0.028672 0.034609
0 0.704203 0.990400 0.038875 0.019199
0 0.876188 0.985791 0.033438 0.021777
0 0.842305 0.089082 0.036078 0.039180
0 0.551641 0.083223 0.038125 0.035703
0 0.170297 0.138408 0.044875 0.041348
0 0.041234 0.132930 0.037437 0.036016
0 0.659750 0.082539 0.030531 0.030859
0 0.841414 0.071816 0.037172 0.034063
0 0.007258 0.147373 0.014516 0.028809
0 0.165734 0.730234 0.035187 0.037852