0 0.097328 0.160078 0.043969 0.047305
0 0.070422 0.311943 0.039094 0.041230
0 0.118164 0.381357 0.038453 0.042441
0 0.132875 0.466260 0.036406 0.036816
0 0.018344 0.843936 0.032187 0.035332
0 0.083820 0.964697 0.040484 0.038848
0 0.203156 0.594434 0.038437 0.034766
0 0.303203 0.465010 0.033531 0.032715
0 0.420570 0.684395 0.029859 0.034258
0 0.498297 0.484473 0.029031 0.029141
0 0.586672 0.648047 0.032719 0.033242
0 0.373375 0.368555 0.031500 0.036289
0 0.311016 0.226621 0.036406 0.033750
0 0.540336 0.332920 0.033953 0.034824
0 0.714813 0.287939 0.036406 0.038848
0 0.696766 0.446865 0.028625 0.027676
0 0.754344 0.607129 0.031906 0.037422
0 0.867445 0.350732 0.032891 0.034355
0 0.892602 0.429678 0.037797 0.034980
0 0.927242 0.571963 0.035828 0.033730
0 0.216820 0.147305 0.042203 0.042891
0 0.181828 0.108486 0.039750 0.034980
0 0.245578 0.079199 0.039281 0.036875
0 0.290930 0.111953 0.044672 0.041797
0 0.364375 0.067510 0.040250 0.032520
0 0.427789 0.090576 0.048109 0.036816
0 0.446320 0.134424 0.032891 0.034980
0 0.666805 0.133291 0.037297 0.035645
0 0.498055 0.059873 0.039766 0.040488
0 0.568680 0.100889 0.033859 0.034355
0 0.644414 0.039355 0.047609 0.039336
0 0.432859 0.029834 0.029938 0.034355
0 0.401531 0.025967 0.030937 0.031660
0 0.555297 0.019453 0.038625 0.030000
0 0.801828 0.130342 0.035937 0.041230
0 0.965812 0.123574 0.034125 0.041953
0 0.851187 0.283877 0.034750 0.036816
0 0.989523 0.196504 0.020953 0.034609
0 0.991984 0.295293 0.014969 0.027773
0 0.627641 0.971592 0.034625 0.029160
0 0.797031 0.935361 0.038875 0.039746
0 0.968203 0.903262 0.033437 0.034453
0 0.702633 0.013623 0.036078 0.024668
0 0.012859 0.207725 0.024594 0.041348
0 0.251727 0.723584 0.035172 0.037832