0 0.271781 0.128975 0.036469 0.041934
0 0.095266 0.300088 0.039094 0.041230
0 0.117852 0.369521 0.038453 0.042441
0 0.103266 0.459951 0.036406 0.036816
0 0.116547 0.598711 0.035000 0.031602
0 0.293922 0.459941 0.032719 0.031641
0 0.299805 0.738066 0.029859 0.034258
0 0.501180 0.475996 0.029047 0.029141
0 0.474594 0.742588 0.032719 0.033223
0 0.308469 0.446807 0.031500 0.036309
0 0.295734 0.306055 0.036406 0.033750
0 0.477820 0.457871 0.033953 0.034805
0 0.660344 0.460293 0.036406 0.038867
0 0.692672 0.442627 0.028625 0.027676
0 0.644844 0.740811 0.031906 0.037441
0 0.864977 0.338926 0.032891 0.034375
0 0.834258 0.614326 0.037797 0.034980
0 0.819383 0.745137 0.035828 0.033750
0 0.492188 0.123438 0.033844 0.033711
0 0.286258 0.138906 0.036797 0.034961
0 0.289555 0.148008 0.030891 0.036875
0 0.488586 0.136201 0.035359 0.035723
0 0.481047 0.138154 0.032844 0.032520
0 0.703578 0.121533 0.035937 0.037285
0 0.415398 0.263945 0.032891 0.034961
0 0.666656 0.312061 0.037312 0.035645
0 0.699023 0.134590 0.034391 0.032461
0 0.551055 0.265107 0.033859 0.034355
0 0.933086 0.124922 0.040516 0.039336
0 0.483563 0.148076 0.029938 0.034355
0 0.419008 0.147178 0.030922 0.034004
0 0.683203 0.143105 0.031687 0.035547
0 0.862773 0.320215 0.035922 0.039219
0 0.848203 0.472998 0.034750 0.036816
0 0.986469 0.182695 0.027063 0.034609
0 0.909367 0.140830 0.036078 0.039199
0 0.553664 0.150664 0.038109 0.035703
0 0.258914 0.112861 0.044859 0.041348
0 0.073023 0.129863 0.037016 0.036016
0 0.676844 0.151113 0.030531 0.030859
0 0.885336 0.146641 0.037172 0.034062
0 0.053008 0.118721 0.036641 0.038965
0 0.033102 0.104707 0.035641 0.034336
0 0.994836 0.922627 0.010328 0.041230
0 0.117375 0.735205 0.035187 0.037832