0 0.057547 0.177881 0.043969 0.047285
0 0.070156 0.332100 0.039094 0.041230
0 0.114109 0.394297 0.036344 0.039922
0 0.146406 0.475557 0.036406 0.036816
0 0.043625 0.865938 0.039313 0.035391
0 0.123164 0.977656 0.040484 0.038867
0 0.227086 0.598389 0.036453 0.028418
0 0.303344 0.479141 0.033531 0.032734
0 0.451617 0.674199 0.029859 0.034258
0 0.500711 0.498828 0.029047 0.029141
0 0.612172 0.627676 0.032719 0.033242
0 0.393953 0.357197 0.031500 0.036309
0 0.318688 0.221953 0.036406 0.033750
0 0.551836 0.312998 0.033953 0.034824
0 0.728953 0.253662 0.036406 0.038848
0 0.691109 0.463828 0.028625 0.027656
0 0.777109 0.578096 0.031906 0.037441
0 0.865461 0.367344 0.032891 0.034375
0 0.900805 0.389736 0.037797 0.034980
0 0.944484 0.527793 0.035844 0.033750
0 0.152414 0.162324 0.042203 0.042891
0 0.156094 0.116641 0.039750 0.034961
0 0.242727 0.070293 0.039266 0.036875
0 0.242930 0.115723 0.041641 0.039258
0 0.338938 0.063271 0.040250 0.032520
0 0.356156 0.099775 0.046063 0.036816
0 0.454523 0.113574 0.032891 0.034961
0 0.668781 0.102197 0.037312 0.035645
0 0.447164 0.050693 0.039766 0.040488
0 0.577727 0.071553 0.033859 0.034355
0 0.564961 0.027344 0.047609 0.039336
0 0.424094 0.014492 0.029938 0.026992
0 0.399555 0.013076 0.030922 0.026152
0 0.525453 0.006631 0.028469 0.013262
0 0.779781 0.094307 0.035937 0.041230
0 0.916133 0.083623 0.037703 0.040488
0 0.847516 0.248174 0.034750 0.036816
0 0.988109 0.210996 0.023781 0.034609
0 0.980633 0.251494 0.038297 0.041973
0 0.668633 0.957451 0.034641 0.029160
0 0.829781 0.908857 0.038875 0.039746
0 0.994938 0.874395 0.010125 0.034453
0 0.502883 0.992637 0.038172 0.014727
0 0.291070 0.722510 0.035172 0.037832