0 0.118828 0.150879 0.043969 0.047305
0 0.073367 0.307158 0.039078 0.041230
0 0.121992 0.379141 0.038453 0.042422
0 0.124047 0.461846 0.036406 0.036816
0 0.009664 0.833428 0.018516 0.035332
0 0.062969 0.958516 0.040500 0.038867
0 0.188664 0.594883 0.038453 0.034766
0 0.302992 0.462881 0.033547 0.032715
0 0.403258 0.690137 0.029859 0.034258
0 0.499773 0.480410 0.029047 0.029141
0 0.570063 0.659531 0.032719 0.033242
0 0.361594 0.379229 0.031500 0.036309
0 0.304625 0.233613 0.036406 0.033750
0 0.533273 0.346914 0.033953 0.034805
0 0.705063 0.307559 0.036406 0.038867
0 0.697617 0.445273 0.028641 0.027656
0 0.740563 0.625244 0.031906 0.037441
0 0.867867 0.340127 0.032891 0.034355
0 0.887930 0.456182 0.037797 0.034980
0 0.915367 0.593691 0.035828 0.033750
0 0.253633 0.140684 0.042203 0.042891
0 0.196258 0.107383 0.039766 0.034961
0 0.246805 0.083008 0.039266 0.036875
0 0.321227 0.109766 0.044672 0.041797
0 0.382188 0.072275 0.040250 0.032520
0 0.465539 0.089521 0.048109 0.036816
0 0.440391 0.145029 0.032875 0.034980
0 0.665102 0.154502 0.037297 0.035645
0 0.524773 0.064111 0.039766 0.040488
0 0.562742 0.119434 0.033859 0.034375
0 0.684695 0.046250 0.047609 0.039336
0 0.435828 0.039375 0.029937 0.034375
0 0.402383 0.034756 0.030922 0.034004
0 0.574531 0.032930 0.038625 0.035547
0 0.813281 0.149424 0.035937 0.041230
0 0.985609 0.145332 0.028781 0.044102
0 0.852891 0.304014 0.034750 0.036816
0 0.989734 0.189082 0.020531 0.034609
0 0.606437 0.979541 0.034625 0.029160
0 0.778656 0.949941 0.038875 0.039766
0 0.954062 0.918730 0.033437 0.034453
0 0.728078 0.022920 0.036062 0.039199
0 0.534414 0.011592 0.031797 0.023184
0 0.035914 0.190107 0.044859 0.041348
0 0.009250 0.152656 0.016813 0.031641
0 0.622891 0.007939 0.030531 0.015020
0 0.230875 0.723584 0.035188 0.037832