0 0.059250 0.177100 0.043969 0.047285
0 0.070039 0.330967 0.039078 0.041230
0 0.114211 0.393525 0.036484 0.040098
0 0.145891 0.475137 0.036406 0.036797
0 0.042328 0.864932 0.039438 0.035371
0 0.121469 0.977061 0.040500 0.038848
0 0.226133 0.598105 0.036578 0.028828
0 0.303344 0.478291 0.033531 0.032715
0 0.450320 0.674629 0.029859 0.034258
0 0.500477 0.498047 0.029047 0.029141
0 0.611203 0.628516 0.032719 0.033242
0 0.393102 0.357480 0.031484 0.036289
0 0.318406 0.221953 0.036406 0.033750
0 0.551383 0.313701 0.033953 0.034824
0 0.728438 0.255078 0.036406 0.038867
0 0.691453 0.462773 0.028625 0.027656
0 0.776203 0.579229 0.031906 0.037441
0 0.865570 0.366709 0.032891 0.034355
0 0.900461 0.391221 0.037797 0.034980
0 0.943867 0.529766 0.035828 0.033750
0 0.155070 0.161621 0.042203 0.042891
0 0.157172 0.116152 0.039750 0.034961
0 0.242867 0.070723 0.039266 0.036875
0 0.245039 0.115244 0.041828 0.039434
0 0.339844 0.063330 0.040250 0.032520
0 0.359250 0.099209 0.046188 0.036816
0 0.454242 0.114492 0.032891 0.034961
0 0.668727 0.103330 0.037297 0.035645
0 0.449367 0.051113 0.039766 0.040508
0 0.577391 0.072686 0.033875 0.034355
0 0.568477 0.027832 0.047609 0.039336
0 0.424547 0.015088 0.029938 0.027480
0 0.399648 0.013281 0.030922 0.026406
0 0.526523 0.006914 0.029141 0.013828
0 0.780742 0.095850 0.035922 0.041230
0 0.918570 0.085322 0.037703 0.040488
0 0.847687 0.249658 0.034750 0.036816
0 0.988195 0.210361 0.023609 0.034590
0 0.981180 0.253467 0.037234 0.041973
0 0.666844 0.958037 0.034625 0.029160
0 0.828422 0.909980 0.038875 0.039766
0 0.993789 0.875645 0.011672 0.034453
0 0.501414 0.992920 0.038172 0.014160
0 0.289383 0.722588 0.035172 0.037832