0 0.150969 0.142451 0.043969 0.047285
0 0.074922 0.301982 0.039094 0.041230
0 0.118883 0.374600 0.038453 0.042441
0 0.118859 0.459248 0.036406 0.036816
0 0.034461 0.949443 0.040484 0.038848
0 0.173117 0.594883 0.038453 0.034766
0 0.302734 0.460293 0.033531 0.032734
0 0.382008 0.699844 0.029859 0.034258
0 0.500805 0.477168 0.029047 0.029141
0 0.550891 0.678975 0.032719 0.033223
0 0.347594 0.392188 0.031500 0.036289
0 0.305141 0.247871 0.036406 0.033750
0 0.518758 0.367002 0.033953 0.034824
0 0.698844 0.339307 0.036406 0.038848
0 0.697617 0.443330 0.028641 0.027676
0 0.721906 0.648574 0.031906 0.037422
0 0.867211 0.339854 0.032891 0.034355
0 0.880680 0.485332 0.037797 0.034961
0 0.896703 0.622852 0.035844 0.033750
0 0.298727 0.128369 0.042203 0.042871
0 0.211289 0.112559 0.039766 0.034961
0 0.258203 0.093379 0.039281 0.036875
0 0.355953 0.111064 0.044656 0.041777
0 0.401375 0.084580 0.040250 0.032520
0 0.519211 0.091465 0.044422 0.036797
0 0.435203 0.168350 0.032875 0.034980
0 0.666141 0.188193 0.037312 0.035645
0 0.563914 0.075479 0.036141 0.037285
0 0.562227 0.145996 0.033859 0.034375
0 0.737039 0.061152 0.042453 0.039336
0 0.446711 0.056865 0.029953 0.034355
0 0.406523 0.053545 0.030922 0.034004
0 0.596688 0.049941 0.038625 0.035547
0 0.824687 0.185713 0.035937 0.041230
0 0.852375 0.342236 0.034750 0.036816
0 0.990016 0.185566 0.019969 0.034609
0 0.581555 0.984619 0.034641 0.027637
0 0.753781 0.963936 0.038875 0.039746
0 0.928156 0.942695 0.033437 0.034453
0 0.772656 0.040410 0.036063 0.039180
0 0.541000 0.033193 0.036437 0.033340
0 0.081008 0.170010 0.044859 0.041348
0 0.016813 0.145098 0.031938 0.034844
0 0.635531 0.024697 0.030531 0.031309
0 0.969258 0.016973 0.041984 0.031172
0 0.795617 0.016387 0.039797 0.025273
0 0.209625 0.727471 0.035187 0.037832