0 0.313453 0.128740 0.034313 0.039980
0 0.104570 0.300225 0.039078 0.041230
0 0.118602 0.367607 0.038453 0.042441
0 0.099195 0.460645 0.036391 0.036797
0 0.102883 0.598457 0.038453 0.034766
0 0.282250 0.477998 0.033531 0.032715
0 0.272570 0.749219 0.029859 0.034258
0 0.501180 0.475996 0.029047 0.029141
0 0.450781 0.764453 0.032719 0.033242
0 0.303211 0.454854 0.031484 0.036309
0 0.291719 0.327637 0.036406 0.033750
0 0.463648 0.489297 0.033953 0.034805
0 0.646203 0.503193 0.036406 0.038848
0 0.692672 0.442627 0.028625 0.027676
0 0.620688 0.769785 0.031906 0.037422
0 0.864328 0.338662 0.032875 0.034355
0 0.816539 0.655625 0.037797 0.034961
0 0.790086 0.786738 0.035828 0.033750
0 0.555844 0.128379 0.033844 0.033711
0 0.312164 0.150928 0.036797 0.034980
0 0.300883 0.169941 0.030891 0.036875
0 0.529820 0.146650 0.035359 0.035723
0 0.507766 0.162080 0.032844 0.032520
0 0.766648 0.133838 0.038609 0.039238
0 0.409297 0.299971 0.032875 0.034980
0 0.662984 0.355576 0.037312 0.035645
0 0.745891 0.162080 0.037250 0.034395
0 0.544516 0.308799 0.033875 0.034355
0 0.987266 0.156387 0.025469 0.039336
0 0.495172 0.181846 0.029938 0.034355
0 0.417242 0.187549 0.030922 0.034004
0 0.711562 0.178848 0.036094 0.035547
0 0.873188 0.366621 0.035937 0.037617
0 0.845875 0.515049 0.034750 0.036816
0 0.987914 0.182695 0.024172 0.034609
0 0.951922 0.179668 0.036062 0.039180
0 0.554203 0.194902 0.038125 0.035703
0 0.321914 0.101553 0.044859 0.041348
0 0.098219 0.131094 0.037000 0.036016
0 0.685523 0.196191 0.030547 0.030859
0 0.915117 0.195996 0.037172 0.038320
0 0.099797 0.107266 0.039906 0.038984
0 0.099703 0.078018 0.043688 0.034316
0 0.977461 0.959082 0.027422 0.034570
0 0.993766 0.825225 0.011031 0.033926
0 0.086359 0.738271 0.035188 0.037832