0 0.265461 0.129023 0.036828 0.042266
0 0.093773 0.300088 0.039078 0.041230
0 0.117711 0.369854 0.038453 0.042441
0 0.104016 0.459873 0.036406 0.036816
0 0.119375 0.598311 0.035500 0.032051
0 0.294727 0.459521 0.032172 0.030957
0 0.304352 0.736191 0.029859 0.034258
0 0.501180 0.475996 0.029047 0.029141
0 0.478469 0.738936 0.032719 0.033223
0 0.309422 0.445342 0.031500 0.036309
0 0.296422 0.302500 0.036406 0.033750
0 0.480133 0.452705 0.033953 0.034824
0 0.662609 0.453164 0.036406 0.038867
0 0.692672 0.442627 0.028625 0.027676
0 0.648844 0.736035 0.031906 0.037422
0 0.865094 0.338975 0.032875 0.034355
0 0.837180 0.607432 0.037797 0.034980
0 0.824328 0.738125 0.035844 0.033750
0 0.481234 0.123379 0.033844 0.033711
0 0.281930 0.136904 0.036797 0.034980
0 0.287945 0.144424 0.030891 0.036855
0 0.481711 0.134463 0.035359 0.035723
0 0.476594 0.134150 0.032844 0.032520
0 0.693039 0.119609 0.035328 0.036836
0 0.416414 0.257939 0.032891 0.034980
0 0.667367 0.304756 0.037297 0.035645
0 0.690813 0.129414 0.033750 0.032031
0 0.551547 0.258584 0.033875 0.034355
0 0.922633 0.120586 0.040578 0.039336
0 0.481594 0.142529 0.029938 0.034355
0 0.419227 0.140928 0.030922 0.034004
0 0.678867 0.137090 0.030703 0.035547
0 0.861031 0.312461 0.035937 0.039492
0 0.848578 0.465986 0.034750 0.036816
0 0.986117 0.182695 0.027766 0.034609
0 0.902164 0.134883 0.036078 0.039180
0 0.553531 0.143398 0.038125 0.035703
0 0.248617 0.115068 0.044859 0.041348
0 0.068820 0.129658 0.037016 0.036035
0 0.675453 0.143672 0.030531 0.030859
0 0.880711 0.138770 0.037172 0.034062
0 0.045211 0.120625 0.036109 0.038984
0 0.022000 0.109160 0.034312 0.034336
0 0.122664 0.734697 0.035172 0.037832