0 0.139281 0.145518 0.043969 0.047285
0 0.074352 0.303857 0.039078 0.041230
0 0.120008 0.376260 0.038453 0.042441
0 0.120734 0.460186 0.036406 0.036816
0 0.044828 0.952734 0.040500 0.038867
0 0.178773 0.594883 0.038453 0.034766
0 0.302828 0.461240 0.033531 0.032715
0 0.389727 0.696309 0.029859 0.034258
0 0.500430 0.478359 0.029047 0.029141
0 0.557859 0.671904 0.032719 0.033223
0 0.352687 0.387471 0.031500 0.036309
0 0.304953 0.242695 0.036406 0.033750
0 0.524031 0.359697 0.033938 0.034824
0 0.701102 0.327754 0.036391 0.038867
0 0.697617 0.444043 0.028641 0.027656
0 0.728688 0.640088 0.031906 0.037441
0 0.867453 0.339951 0.032875 0.034355
0 0.883320 0.474736 0.037797 0.034980
0 0.903492 0.612246 0.035828 0.033750
0 0.282328 0.132852 0.042219 0.042891
0 0.205828 0.110674 0.039750 0.034980
0 0.254055 0.089609 0.039266 0.036875
0 0.343320 0.110596 0.044672 0.041777
0 0.394391 0.080107 0.040250 0.032520
0 0.499695 0.090752 0.045766 0.036816
0 0.437086 0.159873 0.032891 0.034980
0 0.665766 0.175947 0.037312 0.035645
0 0.549680 0.071338 0.037453 0.038457
0 0.562414 0.136338 0.033859 0.034355
0 0.718008 0.055732 0.044328 0.039316
0 0.442750 0.050508 0.029938 0.034375
0 0.405023 0.046729 0.030922 0.034004
0 0.588625 0.043750 0.038625 0.035547
0 0.820539 0.172510 0.035922 0.041230
0 0.993031 0.166553 0.013937 0.028223
0 0.852563 0.328350 0.034750 0.036816
0 0.989914 0.186855 0.020172 0.034609
0 0.590602 0.982764 0.034641 0.028184
0 0.762828 0.958848 0.038875 0.039766
0 0.937578 0.933984 0.033437 0.034453
0 0.756445 0.034053 0.036078 0.039199
0 0.538609 0.024668 0.034750 0.030977
0 0.064609 0.177314 0.044875 0.041348
0 0.014063 0.147842 0.026438 0.033691
0 0.630930 0.017363 0.030547 0.027852
0 0.950523 0.012402 0.040453 0.023125
0 0.787148 0.009492 0.040953 0.016484
0 0.217352 0.726045 0.035172 0.037832