0 0.301195 0.128809 0.034828 0.040469
0 0.101984 0.300088 0.039094 0.041230
0 0.118461 0.367998 0.038453 0.042441
0 0.099906 0.460342 0.036406 0.036816
0 0.105680 0.598789 0.036484 0.032969
0 0.285523 0.472383 0.033547 0.032734
0 0.279352 0.746465 0.029859 0.034258
0 0.501180 0.475996 0.029047 0.029141
0 0.457188 0.758994 0.032719 0.033223
0 0.304172 0.453398 0.031500 0.036289
0 0.292625 0.322090 0.036406 0.033750
0 0.467437 0.481162 0.033937 0.034824
0 0.650172 0.492363 0.036406 0.038867
0 0.692672 0.442627 0.028625 0.027676
0 0.626812 0.762285 0.031906 0.037422
0 0.864445 0.338701 0.032891 0.034355
0 0.821117 0.645342 0.037797 0.034980
0 0.797117 0.776680 0.035828 0.033750
0 0.540297 0.126328 0.033844 0.033711
0 0.305695 0.147920 0.036797 0.034980
0 0.297211 0.164238 0.030891 0.036875
0 0.519508 0.144033 0.035359 0.035723
0 0.501078 0.156084 0.032844 0.032520
0 0.751008 0.130195 0.038609 0.039219
0 0.410820 0.290967 0.032891 0.034980
0 0.663477 0.344932 0.037297 0.035645
0 0.736000 0.157881 0.037250 0.034395
0 0.547945 0.295615 0.033859 0.034355
0 0.980047 0.147559 0.039906 0.039336
0 0.492391 0.173027 0.029937 0.034375
0 0.417789 0.176729 0.030922 0.034004
0 0.702688 0.170234 0.036094 0.035547
0 0.870617 0.355078 0.035922 0.037930
0 0.846500 0.504541 0.034750 0.036816
0 0.988047 0.182695 0.023906 0.034609
0 0.942500 0.170098 0.036063 0.039180
0 0.554203 0.183535 0.038125 0.035703
0 0.305547 0.103447 0.044875 0.041348
0 0.091922 0.130781 0.037000 0.036016
0 0.683109 0.184590 0.030531 0.030859
0 0.907898 0.180645 0.037172 0.038320
0 0.088094 0.110127 0.039094 0.038965
0 0.083055 0.084687 0.041672 0.034336
0 0.984828 0.950625 0.025625 0.036836
0 0.093555 0.737500 0.035172 0.037852