0 0.342633 0.131162 0.033578 0.039316
0 0.112242 0.301152 0.039078 0.041211
0 0.118602 0.367305 0.038453 0.042422
0 0.099437 0.462197 0.036406 0.036816
0 0.094477 0.601250 0.038453 0.034766
0 0.276062 0.489746 0.033531 0.032734
0 0.256992 0.755391 0.029859 0.034258
0 0.501180 0.475996 0.029047 0.029141
0 0.432969 0.777129 0.032719 0.033242
0 0.303211 0.454854 0.031484 0.036309
0 0.290234 0.341553 0.036406 0.033730
0 0.453258 0.510078 0.033953 0.034805
0 0.634328 0.529170 0.036406 0.038848
0 0.692672 0.442627 0.028625 0.027676
0 0.605844 0.788965 0.031906 0.037422
0 0.864328 0.338662 0.032875 0.034355
0 0.804961 0.679375 0.037797 0.034961
0 0.775492 0.808066 0.035828 0.033750
0 0.593234 0.133633 0.034531 0.034570
0 0.328586 0.159355 0.036797 0.034961
0 0.309305 0.184141 0.030891 0.036875
0 0.555227 0.156621 0.035359 0.035742
0 0.524859 0.175459 0.032844 0.032520
0 0.801898 0.149043 0.038609 0.039219
0 0.404539 0.320625 0.032891 0.034961
0 0.664469 0.378955 0.037312 0.035645
0 0.769797 0.181143 0.037250 0.034395
0 0.539477 0.334756 0.033859 0.034355
0 0.501836 0.203545 0.029953 0.034355
0 0.418945 0.210342 0.030922 0.034004
0 0.728250 0.203086 0.036094 0.035547
0 0.878961 0.393164 0.035922 0.037617
0 0.844094 0.539541 0.034750 0.036816
0 0.987008 0.182695 0.025984 0.034609
0 0.977484 0.209561 0.036063 0.039199
0 0.555766 0.223242 0.038125 0.035703
0 0.360453 0.097412 0.044875 0.041348
0 0.116016 0.131729 0.038219 0.036035
0 0.692734 0.225312 0.030531 0.030859
0 0.928516 0.226143 0.037156 0.038340
0 0.128203 0.103838 0.040437 0.038965
0 0.141125 0.066318 0.045031 0.034980
0 0.953211 0.981172 0.027422 0.028555
0 0.987000 0.849551 0.021625 0.041211
0 0.073000 0.740127 0.035187 0.037832