0 0.236969 0.129199 0.038469 0.043711
0 0.087055 0.300088 0.039078 0.041230
0 0.117102 0.371387 0.038453 0.042422
0 0.107375 0.459492 0.036406 0.036797
0 0.132078 0.596533 0.037719 0.034082
0 0.297781 0.458379 0.030906 0.029258
0 0.324805 0.727793 0.029859 0.034258
0 0.501180 0.475996 0.029047 0.029141
0 0.495867 0.722529 0.032734 0.033223
0 0.315734 0.436240 0.031500 0.036309
0 0.299523 0.286465 0.036391 0.033750
0 0.490508 0.429424 0.033953 0.034824
0 0.672781 0.421094 0.036406 0.038867
0 0.692672 0.442627 0.028625 0.027676
0 0.666875 0.714570 0.031906 0.037422
0 0.865625 0.339189 0.032875 0.034355
0 0.850336 0.576426 0.037797 0.034961
0 0.846586 0.706582 0.035828 0.033750
0 0.431945 0.123086 0.033828 0.033711
0 0.262492 0.127881 0.036797 0.034980
0 0.280695 0.128301 0.030891 0.036875
0 0.450789 0.126621 0.035359 0.035742
0 0.456562 0.116221 0.032844 0.032520
0 0.645602 0.110957 0.032672 0.034883
0 0.420992 0.230918 0.032891 0.034961
0 0.670547 0.271885 0.037312 0.035645
0 0.653844 0.106123 0.030875 0.030098
0 0.553758 0.229219 0.033859 0.034375
0 0.875586 0.104258 0.040578 0.039336
0 0.472758 0.117588 0.029953 0.034355
0 0.420242 0.112822 0.030922 0.034004
0 0.659375 0.109941 0.026281 0.035547
0 0.853180 0.277588 0.035922 0.040801
0 0.850281 0.434443 0.034750 0.036816
0 0.984531 0.182695 0.030937 0.034609
0 0.870477 0.110635 0.036078 0.039199
0 0.552930 0.111094 0.038109 0.035703
0 0.205523 0.125947 0.044859 0.041348
0 0.054320 0.130156 0.035766 0.036016
0 0.669203 0.110176 0.030531 0.030859
0 0.859906 0.103320 0.037156 0.034062
0 0.020563 0.133135 0.031031 0.038965
0 0.146484 0.732412 0.035188 0.037832