0 0.081297 0.166992 0.043969 0.047305
0 0.068570 0.316270 0.039078 0.041211
0 0.115508 0.383594 0.038297 0.042266
0 0.139273 0.469619 0.036391 0.036816
0 0.025430 0.851943 0.041172 0.035332
0 0.099422 0.969404 0.040500 0.038848
0 0.213766 0.594424 0.038312 0.034355
0 0.303344 0.467266 0.033531 0.032734
0 0.433414 0.680137 0.029859 0.034258
0 0.497539 0.487949 0.029047 0.029141
0 0.598711 0.639551 0.032734 0.033242
0 0.382078 0.361162 0.031500 0.036309
0 0.314727 0.221953 0.036391 0.033750
0 0.545508 0.322891 0.033953 0.034805
0 0.721828 0.273447 0.036406 0.038848
0 0.695859 0.448984 0.028625 0.027656
0 0.764437 0.593926 0.031906 0.037422
0 0.867039 0.358428 0.032891 0.034355
0 0.896055 0.410518 0.037797 0.034980
0 0.935773 0.555488 0.035828 0.033750
0 0.189617 0.152422 0.042203 0.042891
0 0.171133 0.109717 0.039766 0.034980
0 0.244633 0.076230 0.039266 0.036875
0 0.270547 0.111494 0.044469 0.041621
0 0.351594 0.064248 0.040250 0.032520
0 0.399531 0.091846 0.047969 0.036816
0 0.450570 0.126436 0.032891 0.034980
0 0.667992 0.118027 0.037297 0.035664
0 0.478039 0.056621 0.039766 0.040508
0 0.572977 0.087383 0.033859 0.034375
0 0.614047 0.034268 0.047625 0.039316
0 0.430430 0.022871 0.029953 0.033867
0 0.400867 0.019121 0.030922 0.029805
0 0.540484 0.010557 0.037938 0.021113
0 0.793234 0.116064 0.035937 0.041230
0 0.950180 0.107373 0.037703 0.040488
0 0.849891 0.268955 0.034750 0.036816
0 0.989297 0.202090 0.021406 0.034609
0 0.988258 0.279199 0.023453 0.041953
0 0.643563 0.965693 0.034625 0.029160
0 0.810656 0.924531 0.038875 0.039766
0 0.978781 0.891719 0.031875 0.034453
0 0.479492 0.992959 0.038172 0.010293
0 0.685430 0.007939 0.033547 0.015137
0 0.267328 0.723506 0.035187 0.037832