0 0.127594 0.148584 0.043969 0.047285
0 0.073789 0.305752 0.039078 0.041230
0 0.121141 0.377900 0.038437 0.042441
0 0.122625 0.461133 0.036406 0.036797
0 0.006523 0.831084 0.013047 0.035332
0 0.055195 0.956035 0.040484 0.038867
0 0.184430 0.594883 0.038453 0.034766
0 0.302922 0.462178 0.033531 0.032715
0 0.397461 0.692783 0.029859 0.034238
0 0.500055 0.479531 0.029047 0.029141
0 0.564836 0.664834 0.032734 0.033223
0 0.357773 0.382764 0.031484 0.036309
0 0.304766 0.237500 0.036406 0.033750
0 0.529305 0.352393 0.033953 0.034824
0 0.703359 0.316211 0.036406 0.038867
0 0.697617 0.444746 0.028641 0.027656
0 0.735477 0.631602 0.031891 0.037422
0 0.867687 0.340049 0.032875 0.034355
0 0.885961 0.464131 0.037797 0.034980
0 0.910273 0.601650 0.035828 0.033730
0 0.265930 0.137324 0.042203 0.042891
0 0.200359 0.108789 0.039750 0.034961
0 0.249914 0.085840 0.039266 0.036875
0 0.330695 0.110127 0.044672 0.041777
0 0.387422 0.075635 0.040250 0.032520
0 0.480172 0.090049 0.047094 0.036816
0 0.438977 0.151387 0.032891 0.034961
0 0.665383 0.163682 0.037297 0.035645
0 0.535445 0.067217 0.038766 0.039629
0 0.562602 0.126680 0.033859 0.034375
0 0.698977 0.050312 0.046203 0.039336
0 0.438797 0.044150 0.029938 0.034355
0 0.403508 0.039893 0.030922 0.034004
0 0.580578 0.037559 0.038625 0.035547
0 0.816391 0.159326 0.035937 0.041230
0 0.988789 0.154424 0.022422 0.037285
0 0.852750 0.314443 0.034750 0.036816
0 0.989812 0.188125 0.020375 0.034609
0 0.599648 0.980918 0.034641 0.028750
0 0.771875 0.953760 0.038875 0.039746
0 0.947000 0.925254 0.033437 0.034453
0 0.740242 0.027686 0.036078 0.039199
0 0.536203 0.016152 0.033063 0.028633
0 0.048211 0.184619 0.044859 0.041348
0 0.011312 0.150596 0.020937 0.032520
0 0.626336 0.011982 0.030547 0.020527
0 0.931789 0.007822 0.038922 0.015098
0 0.225086 0.724639 0.035172 0.037832