0 0.072820 0.170879 0.043984 0.047305
0 0.069141 0.321924 0.039094 0.041230
0 0.115008 0.387412 0.037609 0.041426
0 0.141812 0.471748 0.036406 0.036816
0 0.031930 0.856934 0.040516 0.035352
0 0.107898 0.972354 0.040484 0.038848
0 0.218523 0.595840 0.037641 0.032227
0 0.303344 0.471514 0.033531 0.032715
0 0.439914 0.678008 0.029859 0.034258
0 0.498672 0.491836 0.029031 0.029141
0 0.603516 0.635303 0.032719 0.033223
0 0.386313 0.359736 0.031500 0.036309
0 0.316141 0.221953 0.036406 0.033750
0 0.547766 0.319355 0.033938 0.034805
0 0.724375 0.266387 0.036406 0.038867
0 0.694164 0.454287 0.028641 0.027676
0 0.768969 0.588281 0.031906 0.037422
0 0.866477 0.361611 0.032891 0.034355
0 0.897742 0.403096 0.037797 0.034980
0 0.938883 0.545605 0.035828 0.033750
0 0.176328 0.155957 0.042219 0.042891
0 0.165766 0.112187 0.039750 0.034961
0 0.243945 0.074102 0.039266 0.036875
0 0.261914 0.111465 0.043453 0.040781
0 0.347078 0.063896 0.040250 0.032520
0 0.384039 0.094678 0.047297 0.036816
0 0.451977 0.121846 0.032891 0.034980
0 0.668273 0.112373 0.037297 0.035645
0 0.467008 0.054502 0.039766 0.040488
0 0.574672 0.081729 0.033875 0.034355
0 0.596523 0.031797 0.047609 0.039336
0 0.428172 0.019883 0.029938 0.031406
0 0.400398 0.015000 0.030922 0.028516
0 0.535109 0.009160 0.034562 0.018320
0 0.788430 0.108291 0.035922 0.041230
0 0.938016 0.098896 0.037688 0.040488
0 0.849047 0.261533 0.034750 0.036816
0 0.988867 0.205273 0.022266 0.034609
0 0.985531 0.269307 0.028750 0.041973
0 0.652516 0.962754 0.034625 0.029141
0 0.817484 0.918926 0.038875 0.039766
0 0.984555 0.885527 0.024109 0.034453
0 0.489172 0.994541 0.038156 0.010293
0 0.674523 0.004697 0.030391 0.009277
0 0.275805 0.723154 0.035172 0.037832