0 0.165687 0.138291 0.043969 0.047285
0 0.075953 0.300088 0.039094 0.041230
0 0.117711 0.372900 0.038453 0.042441
0 0.116547 0.458350 0.036406 0.036816
0 0.021945 0.944961 0.037734 0.038867
0 0.165813 0.594883 0.038438 0.034766
0 0.302430 0.459307 0.033422 0.032559
0 0.371680 0.703682 0.029859 0.034238
0 0.501180 0.475996 0.029047 0.029141
0 0.541914 0.687363 0.032734 0.033242
0 0.341234 0.398311 0.031500 0.036309
0 0.304547 0.253789 0.036406 0.033750
0 0.512633 0.376777 0.033953 0.034805
0 0.695047 0.353848 0.036406 0.038867
0 0.697367 0.442627 0.028641 0.027676
0 0.713125 0.659707 0.031906 0.037422
0 0.866922 0.339736 0.032875 0.034355
0 0.877617 0.500000 0.037797 0.034961
0 0.888508 0.637285 0.035828 0.033750
0 0.317969 0.123516 0.042219 0.042891
0 0.218719 0.115186 0.039750 0.034980
0 0.262937 0.099102 0.039281 0.036875
0 0.371133 0.111533 0.044672 0.041777
0 0.410805 0.090420 0.039453 0.032520
0 0.542648 0.093037 0.043078 0.036816
0 0.433023 0.178428 0.032891 0.034980
0 0.666516 0.202998 0.037312 0.035645
0 0.580602 0.080957 0.034828 0.036133
0 0.561547 0.158232 0.033875 0.034355
0 0.760492 0.067676 0.040578 0.039336
0 0.451453 0.065195 0.029937 0.034375
0 0.408328 0.062725 0.030938 0.034004
0 0.606422 0.057949 0.038625 0.035547
0 0.829781 0.201299 0.035937 0.041230
0 0.852078 0.359951 0.034750 0.036816
0 0.990141 0.183975 0.019719 0.034590
0 0.569625 0.986973 0.033563 0.026055
0 0.741781 0.971543 0.038875 0.039180
0 0.915547 0.954805 0.033437 0.034453
0 0.792602 0.049834 0.036078 0.039199
0 0.544187 0.044043 0.038125 0.035703
0 0.102414 0.161494 0.044859 0.041348
0 0.020352 0.141357 0.037422 0.036035
0 0.641687 0.037305 0.030531 0.030859
0 0.985672 0.023711 0.028656 0.038359
0 0.806047 0.026230 0.038625 0.034062
0 0.199188 0.728584 0.035188 0.037832