0 0.297109 0.128818 0.035031 0.040645
0 0.101242 0.300088 0.039078 0.041230
0 0.118398 0.368164 0.038453 0.042422
0 0.100281 0.460303 0.036406 0.036816
0 0.106484 0.599160 0.035500 0.032070
0 0.286719 0.470410 0.033531 0.032734
0 0.281617 0.745527 0.029859 0.034258
0 0.501180 0.475996 0.029047 0.029141
0 0.459125 0.757168 0.032719 0.033242
0 0.304641 0.452666 0.031500 0.036309
0 0.292969 0.320312 0.036406 0.033750
0 0.468594 0.478564 0.033937 0.034824
0 0.651297 0.488799 0.036406 0.038848
0 0.692672 0.442627 0.028625 0.027676
0 0.628820 0.759893 0.031891 0.037441
0 0.864508 0.338730 0.032891 0.034375
0 0.822570 0.641895 0.037797 0.034961
0 0.799586 0.773164 0.035828 0.033750
0 0.535117 0.125645 0.033828 0.033711
0 0.303531 0.146924 0.036813 0.034980
0 0.295992 0.162344 0.030891 0.036875
0 0.516070 0.143164 0.035359 0.035742
0 0.498859 0.154092 0.032844 0.032520
0 0.745742 0.129229 0.038297 0.039004
0 0.411336 0.287959 0.032891 0.034980
0 0.663828 0.341279 0.037312 0.035645
0 0.731883 0.155293 0.036922 0.034180
0 0.549094 0.291221 0.033875 0.034355
0 0.974828 0.145039 0.039969 0.039336
0 0.491406 0.170264 0.029937 0.034355
0 0.417977 0.173135 0.030922 0.034004
0 0.700523 0.167227 0.035609 0.035547
0 0.869742 0.351201 0.035922 0.038066
0 0.846695 0.501035 0.034766 0.036797
0 0.987875 0.182695 0.024250 0.034609
0 0.938820 0.166846 0.036078 0.039199
0 0.554203 0.179766 0.038125 0.035703
0 0.300094 0.104092 0.044875 0.041348
0 0.089820 0.130684 0.037016 0.036016
0 0.682406 0.180879 0.030531 0.030859
0 0.904711 0.177432 0.037172 0.036191
0 0.084203 0.111084 0.038813 0.038965
0 0.077508 0.086914 0.041016 0.034336
0 0.986016 0.946924 0.025625 0.039043
0 0.096211 0.737246 0.035172 0.037852