0 0.224469 0.129687 0.039625 0.044609
0 0.084352 0.300088 0.039078 0.041230
0 0.116945 0.371943 0.038453 0.042441
0 0.108906 0.459307 0.036406 0.036816
0 0.137844 0.595879 0.038437 0.034766
0 0.298633 0.458545 0.031359 0.029863
0 0.333602 0.723652 0.029859 0.034258
0 0.501180 0.475996 0.029047 0.029141
0 0.503820 0.715430 0.032734 0.033242
0 0.320312 0.429697 0.031500 0.036309
0 0.300609 0.279492 0.036406 0.033750
0 0.494992 0.419326 0.033953 0.034824
0 0.677031 0.407432 0.036406 0.038848
0 0.692914 0.442627 0.028641 0.027676
0 0.675031 0.704941 0.031906 0.037422
0 0.865859 0.339287 0.032875 0.034355
0 0.856133 0.562764 0.037797 0.034980
0 0.855937 0.693164 0.035844 0.033750
0 0.406891 0.119023 0.034406 0.039297
0 0.254242 0.124268 0.037172 0.034980
0 0.278187 0.121621 0.031937 0.036875
0 0.437047 0.123135 0.035344 0.035723
0 0.447656 0.108232 0.032844 0.032520
0 0.625180 0.106953 0.032797 0.034453
0 0.423133 0.219443 0.032891 0.034980
0 0.671266 0.257764 0.037312 0.035645
0 0.638469 0.097979 0.030250 0.030215
0 0.554828 0.216045 0.033875 0.034355
0 0.854664 0.097002 0.040578 0.039316
0 0.468828 0.106494 0.029937 0.034355
0 0.420680 0.100322 0.030922 0.034004
0 0.649805 0.098457 0.026547 0.035547
0 0.849437 0.262295 0.035937 0.041230
0 0.850898 0.420684 0.034766 0.036797
0 0.983828 0.182695 0.032344 0.034609
0 0.864656 0.991904 0.033438 0.016191
0 0.856391 0.099854 0.036063 0.039199
0 0.552516 0.097129 0.038125 0.035703
0 0.186984 0.131338 0.044875 0.041348
0 0.048336 0.131133 0.037422 0.036016
0 0.665641 0.095723 0.030531 0.030859
0 0.850664 0.087559 0.037172 0.034062
0 0.012508 0.139775 0.025016 0.036934
0 0.156688 0.731367 0.035188 0.037852