0 0.181516 0.133691 0.043969 0.047305
0 0.078289 0.300088 0.039078 0.041230
0 0.117492 0.372637 0.038453 0.042422
0 0.114422 0.458623 0.036406 0.036816
0 0.011805 0.936436 0.023609 0.038848
0 0.157695 0.594951 0.038453 0.034785
0 0.301375 0.459092 0.032844 0.031816
0 0.359336 0.706211 0.029859 0.034258
0 0.501180 0.475996 0.029047 0.029141
0 0.531750 0.694297 0.032719 0.033242
0 0.335016 0.405811 0.031500 0.036309
0 0.301344 0.258359 0.036406 0.033750
0 0.508219 0.389004 0.033938 0.034805
0 0.688047 0.368838 0.036406 0.038848
0 0.696133 0.442627 0.028641 0.027676
0 0.702953 0.672773 0.031906 0.037422
0 0.866625 0.339619 0.032875 0.034355
0 0.874508 0.519580 0.037797 0.034980
0 0.880930 0.655498 0.035828 0.033730
0 0.335109 0.121699 0.042219 0.042891
0 0.228750 0.118389 0.039750 0.034980
0 0.267047 0.107754 0.039281 0.036875
0 0.385164 0.111719 0.044047 0.041094
0 0.423266 0.096777 0.035781 0.032500
0 0.563359 0.096709 0.042750 0.036699
0 0.431227 0.187285 0.032891 0.034961
0 0.666859 0.216406 0.037312 0.035664
0 0.594352 0.087793 0.034516 0.036133
0 0.559242 0.171934 0.033859 0.034375
0 0.784055 0.073809 0.040578 0.039336
0 0.455438 0.075586 0.029938 0.034375
0 0.409789 0.073975 0.030922 0.034004
0 0.615266 0.067598 0.038625 0.035547
0 0.834734 0.214521 0.035937 0.041230
0 0.851633 0.378408 0.034766 0.036816
0 0.989789 0.182695 0.020422 0.034609
0 0.555086 0.989473 0.029297 0.021055
0 0.727500 0.982402 0.038875 0.035195
0 0.900156 0.970088 0.033437 0.033184
0 0.810953 0.064814 0.036062 0.039199
0 0.547906 0.056016 0.038125 0.035703
0 0.127484 0.154736 0.044875 0.041348
0 0.025266 0.136982 0.037437 0.036035
0 0.649023 0.053711 0.030547 0.030859
0 0.817094 0.040830 0.038344 0.034043
0 0.186086 0.727686 0.035172 0.037832