0 0.293945 0.128838 0.035203 0.040801
0 0.100492 0.300088 0.039078 0.041230
0 0.118320 0.368330 0.038453 0.042441
0 0.100656 0.460254 0.036406 0.036797
0 0.107273 0.599531 0.034516 0.031172
0 0.287914 0.468447 0.033547 0.032715
0 0.283898 0.744590 0.029859 0.034258
0 0.501180 0.475996 0.029047 0.029141
0 0.461063 0.755352 0.032719 0.033242
0 0.305125 0.451934 0.031500 0.036289
0 0.293312 0.318525 0.036406 0.033730
0 0.469742 0.475986 0.033953 0.034824
0 0.652422 0.485234 0.036406 0.038867
0 0.692672 0.442627 0.028625 0.027676
0 0.630828 0.757510 0.031906 0.037441
0 0.864570 0.338760 0.032891 0.034355
0 0.824039 0.638447 0.037797 0.034980
0 0.802062 0.769668 0.035844 0.033750
0 0.529937 0.124961 0.033844 0.033711
0 0.301367 0.145918 0.036797 0.034961
0 0.295180 0.160547 0.030891 0.036875
0 0.512641 0.142295 0.035344 0.035723
0 0.496633 0.152100 0.032859 0.032520
0 0.740469 0.128262 0.038000 0.038789
0 0.411836 0.284961 0.032891 0.034961
0 0.664180 0.337627 0.037297 0.035645
0 0.727773 0.152705 0.036609 0.033965
0 0.549336 0.287959 0.033859 0.034355
0 0.969609 0.142529 0.040031 0.039316
0 0.490430 0.167490 0.029953 0.034355
0 0.418156 0.169521 0.030937 0.034004
0 0.698359 0.164219 0.035125 0.035547
0 0.868875 0.347324 0.035937 0.038203
0 0.846883 0.497529 0.034766 0.036816
0 0.987695 0.182695 0.024609 0.034609
0 0.935141 0.163594 0.036062 0.039180
0 0.554133 0.176123 0.038109 0.035723
0 0.294945 0.105186 0.044859 0.041348
0 0.087719 0.130586 0.037000 0.036016
0 0.681719 0.177148 0.030531 0.030859
0 0.901516 0.174219 0.037156 0.034062
0 0.080305 0.112041 0.038547 0.038965
0 0.071953 0.089141 0.040344 0.034336
0 0.987187 0.943232 0.025625 0.041230
0 0.098852 0.736992 0.035172 0.037852