0 0.133438 0.147051 0.043969 0.047305
0 0.074070 0.304805 0.039078 0.041211
0 0.120570 0.377080 0.038453 0.042441
0 0.121687 0.460654 0.036406 0.036816
0 0.005102 0.831084 0.010203 0.035332
0 0.050016 0.954385 0.040500 0.038848
0 0.181602 0.594883 0.038453 0.034766
0 0.302875 0.461709 0.033531 0.032715
0 0.393586 0.694551 0.029859 0.034258
0 0.500242 0.478945 0.029047 0.029141
0 0.561352 0.668369 0.032734 0.033223
0 0.355234 0.385127 0.031500 0.036309
0 0.304859 0.240098 0.036406 0.033750
0 0.526672 0.356045 0.033938 0.034824
0 0.702234 0.321982 0.036406 0.038848
0 0.697617 0.444395 0.028641 0.027656
0 0.732078 0.635850 0.031906 0.037441
0 0.867570 0.340010 0.032891 0.034355
0 0.884633 0.469434 0.037797 0.034961
0 0.906883 0.606953 0.035828 0.033750
0 0.274133 0.135078 0.042203 0.042891
0 0.203094 0.109736 0.039750 0.034980
0 0.251977 0.087715 0.039266 0.036875
0 0.337008 0.110361 0.044672 0.041777
0 0.390906 0.077871 0.040250 0.032500
0 0.489930 0.090400 0.046422 0.036816
0 0.438031 0.155635 0.032875 0.034980
0 0.665578 0.169814 0.037313 0.035645
0 0.542563 0.069277 0.038125 0.039023
0 0.562508 0.131514 0.033859 0.034355
0 0.708492 0.053018 0.045266 0.039316
0 0.440773 0.047324 0.029953 0.034375
0 0.404258 0.043311 0.030922 0.034004
0 0.584602 0.040664 0.038609 0.035547
0 0.818461 0.165928 0.035922 0.041230
0 0.990914 0.160488 0.018172 0.032773
0 0.852656 0.321396 0.034750 0.036816
0 0.989859 0.187490 0.020281 0.034590
0 0.595125 0.981846 0.034625 0.028457
0 0.767344 0.956309 0.038875 0.039766
0 0.942281 0.929619 0.033437 0.034473
0 0.748344 0.030869 0.036063 0.039199
0 0.537406 0.020410 0.033906 0.029805
0 0.056406 0.180967 0.044875 0.041348
0 0.012688 0.149219 0.023688 0.033086
0 0.628633 0.014678 0.030547 0.024199
0 0.941156 0.010117 0.039687 0.019102
0 0.782914 0.006045 0.041516 0.012090
0 0.221219 0.725342 0.035188 0.037832