0 0.325711 0.128672 0.033766 0.039492
0 0.107859 0.300625 0.039094 0.041211
0 0.118602 0.367480 0.038453 0.042422
0 0.099297 0.461299 0.036406 0.036816
0 0.099273 0.599648 0.038453 0.034766
0 0.279594 0.483027 0.033531 0.032734
0 0.265898 0.751855 0.029859 0.034258
0 0.501180 0.475996 0.029047 0.029141
0 0.443141 0.769893 0.032719 0.033223
0 0.303211 0.454854 0.031484 0.036309
0 0.291086 0.333604 0.036391 0.033730
0 0.459195 0.498203 0.033953 0.034805
0 0.641125 0.514326 0.036406 0.038848
0 0.692672 0.442627 0.028625 0.027676
0 0.614328 0.778008 0.031906 0.037422
0 0.864328 0.338662 0.032875 0.034355
0 0.811578 0.665801 0.037781 0.034961
0 0.783828 0.795879 0.035844 0.033750
0 0.571609 0.130518 0.033969 0.033887
0 0.318648 0.153936 0.036797 0.034980
0 0.304555 0.175625 0.030891 0.036875
0 0.540398 0.150029 0.035359 0.035723
0 0.514328 0.165244 0.032844 0.032520
0 0.781758 0.140352 0.038609 0.039219
0 0.407531 0.308896 0.032875 0.034980
0 0.663617 0.365596 0.037297 0.035645
0 0.756141 0.170254 0.037250 0.034414
0 0.541672 0.321025 0.033875 0.034355
0 0.994773 0.167441 0.010453 0.039336
0 0.497813 0.191426 0.029938 0.034375
0 0.417289 0.197881 0.030922 0.034004
0 0.718719 0.189238 0.036094 0.035547
0 0.875656 0.377998 0.035937 0.037637
0 0.845109 0.525537 0.034750 0.036816
0 0.987523 0.182695 0.024953 0.034609
0 0.964297 0.190713 0.036063 0.039199
0 0.554516 0.206621 0.038125 0.035703
0 0.338273 0.099639 0.044859 0.041348
0 0.105141 0.131387 0.037250 0.036016
0 0.688617 0.208672 0.030547 0.030859
0 0.920859 0.208916 0.037156 0.038340
0 0.111719 0.105049 0.040437 0.038965
0 0.116867 0.072119 0.045047 0.034473
0 0.967070 0.968555 0.027422 0.031992
0 0.991203 0.836357 0.015125 0.038301
0 0.080633 0.739072 0.035172 0.037832