0 0.218445 0.130537 0.040859 0.045371
0 0.083414 0.300088 0.039078 0.041230
0 0.117023 0.372061 0.038453 0.042441
0 0.109766 0.459209 0.036406 0.036816
0 0.140898 0.595723 0.038453 0.034766
0 0.299047 0.458633 0.031594 0.030156
0 0.337570 0.720977 0.029859 0.034258
0 0.501180 0.475996 0.029047 0.029141
0 0.508117 0.712178 0.032734 0.033223
0 0.322578 0.426025 0.031500 0.036309
0 0.300734 0.276250 0.036406 0.033750
0 0.497023 0.414658 0.033953 0.034824
0 0.678719 0.401494 0.036406 0.038848
0 0.693414 0.442627 0.028641 0.027676
0 0.679328 0.699990 0.031906 0.037441
0 0.865977 0.339346 0.032891 0.034355
0 0.858953 0.556123 0.037781 0.034980
0 0.859781 0.687373 0.035844 0.033730
0 0.395375 0.120518 0.042219 0.042871
0 0.250688 0.123037 0.037906 0.034980
0 0.278016 0.119004 0.034031 0.036875
0 0.430180 0.121396 0.035359 0.035723
0 0.444359 0.105635 0.032844 0.032520
0 0.615977 0.104697 0.034859 0.034863
0 0.424383 0.214492 0.032891 0.034961
0 0.670586 0.251396 0.037297 0.035645
0 0.632352 0.097227 0.030922 0.031719
0 0.555508 0.209248 0.033859 0.034355
0 0.844211 0.093379 0.040578 0.039336
0 0.466625 0.101572 0.029938 0.034355
0 0.419242 0.095264 0.030922 0.034004
0 0.643664 0.093535 0.029984 0.035547
0 0.847172 0.254951 0.035937 0.041230
0 0.851016 0.414180 0.034750 0.036797
0 0.984742 0.182695 0.030516 0.034609
0 0.698547 0.991729 0.038875 0.016543
0 0.870859 0.989277 0.033437 0.019219
0 0.849344 0.094463 0.036063 0.039199
0 0.552078 0.090176 0.038125 0.035703
0 0.178641 0.134873 0.044875 0.041348
0 0.044781 0.132031 0.037437 0.036016
0 0.662703 0.089121 0.030531 0.030859
0 0.846039 0.079687 0.037172 0.034063
0 0.009883 0.143564 0.019766 0.032871
0 0.161211 0.730801 0.035172 0.037852