0 0.230633 0.129238 0.038828 0.044063
0 0.085562 0.300088 0.039094 0.041230
0 0.116969 0.371729 0.038437 0.042441
0 0.108109 0.459404 0.036406 0.036816
0 0.134898 0.596143 0.038203 0.034551
0 0.298203 0.458467 0.031125 0.029551
0 0.329352 0.725938 0.029859 0.034258
0 0.501180 0.475996 0.029047 0.029141
0 0.499734 0.718877 0.032719 0.033223
0 0.318031 0.433105 0.031500 0.036289
0 0.300219 0.282900 0.036406 0.033730
0 0.492820 0.424248 0.033953 0.034824
0 0.675047 0.413965 0.036406 0.038867
0 0.692672 0.442627 0.028625 0.027676
0 0.670875 0.709805 0.031906 0.037422
0 0.865742 0.339248 0.032891 0.034355
0 0.853258 0.569531 0.037797 0.034961
0 0.851539 0.699570 0.035828 0.033750
0 0.420992 0.123027 0.033828 0.033711
0 0.258180 0.125879 0.036797 0.034961
0 0.279086 0.124707 0.030891 0.036875
0 0.443922 0.124873 0.035344 0.035723
0 0.452109 0.112217 0.032844 0.032520
0 0.635062 0.109033 0.032062 0.034473
0 0.422008 0.224912 0.032891 0.034980
0 0.671250 0.264580 0.037312 0.035645
0 0.645633 0.100947 0.030234 0.029668
0 0.554250 0.222695 0.033875 0.034375
0 0.865117 0.100635 0.040578 0.039316
0 0.470797 0.112041 0.029937 0.034355
0 0.420461 0.106572 0.030922 0.034004
0 0.655047 0.103926 0.025312 0.035547
0 0.851437 0.269844 0.035937 0.041094
0 0.850656 0.427432 0.034750 0.036816
0 0.984180 0.182695 0.031641 0.034609
0 0.861125 0.992793 0.033438 0.014414
0 0.863430 0.105244 0.036078 0.039199
0 0.552797 0.104102 0.038125 0.035703
0 0.195945 0.128369 0.044859 0.041348
0 0.051516 0.130508 0.036875 0.036016
0 0.667812 0.102734 0.030531 0.030859
0 0.855281 0.095449 0.037156 0.034063
0 0.016070 0.136299 0.028766 0.038965
0 0.151773 0.731904 0.035172 0.037832