0 0.121750 0.150107 0.043969 0.047285
0 0.073508 0.306689 0.039078 0.041230
0 0.121711 0.378730 0.038453 0.042422
0 0.123563 0.461602 0.036406 0.036797
0 0.008703 0.832256 0.017000 0.035332
0 0.060375 0.957686 0.040500 0.038848
0 0.187258 0.594883 0.038453 0.034766
0 0.302969 0.462646 0.033531 0.032715
0 0.401320 0.691016 0.029859 0.034258
0 0.499867 0.480117 0.029047 0.029141
0 0.568328 0.661309 0.032719 0.033242
0 0.360320 0.380410 0.031484 0.036289
0 0.304672 0.234912 0.036406 0.033730
0 0.531945 0.348740 0.033953 0.034824
0 0.704500 0.310439 0.036406 0.038848
0 0.697617 0.445098 0.028641 0.027656
0 0.738875 0.627363 0.031906 0.037422
0 0.867805 0.340107 0.032891 0.034355
0 0.887273 0.458828 0.037797 0.034961
0 0.913664 0.596348 0.035828 0.033750
0 0.257734 0.139551 0.042219 0.042891
0 0.197625 0.107852 0.039750 0.034961
0 0.247836 0.083945 0.039266 0.036875
0 0.324383 0.109893 0.044672 0.041777
0 0.383938 0.073389 0.040250 0.032520
0 0.470414 0.089697 0.047766 0.036816
0 0.439914 0.147148 0.032891 0.034961
0 0.665195 0.157568 0.037297 0.035645
0 0.528328 0.065146 0.039438 0.040215
0 0.562695 0.121846 0.033859 0.034355
0 0.689461 0.047598 0.047141 0.039336
0 0.436812 0.040967 0.029937 0.034355
0 0.402758 0.036475 0.030922 0.034004
0 0.576547 0.034473 0.038625 0.035547
0 0.814320 0.152725 0.035922 0.041230
0 0.986672 0.148359 0.026656 0.041836
0 0.852844 0.307490 0.034750 0.036816
0 0.989758 0.188770 0.020484 0.034609
0 0.604172 0.980000 0.034625 0.029023
0 0.776391 0.951211 0.038875 0.039766
0 0.951703 0.920898 0.033437 0.034453
0 0.732133 0.024502 0.036078 0.039199
0 0.535016 0.012803 0.032219 0.025605
0 0.040008 0.188271 0.044859 0.041348
0 0.009938 0.151973 0.018188 0.031914
0 0.624039 0.009287 0.030547 0.016855
0 0.922422 0.005527 0.038156 0.011055
0 0.228945 0.723936 0.035172 0.037832