0 0.185156 0.133516 0.043969 0.047305
0 0.078750 0.300088 0.039094 0.041230
0 0.117453 0.372588 0.038437 0.042441
0 0.114000 0.458682 0.036406 0.036816
0 0.010281 0.932617 0.020563 0.038867
0 0.156164 0.595020 0.038453 0.034766
0 0.301164 0.459053 0.032734 0.031660
0 0.357352 0.707539 0.029859 0.034258
0 0.501180 0.475996 0.029047 0.029141
0 0.529609 0.695918 0.032719 0.033242
0 0.333883 0.407646 0.031484 0.036309
0 0.301297 0.259990 0.036406 0.033730
0 0.507195 0.391338 0.033953 0.034824
0 0.687203 0.371807 0.036406 0.038848
0 0.695883 0.442627 0.028641 0.027676
0 0.700812 0.675254 0.031906 0.037422
0 0.866570 0.339580 0.032891 0.034355
0 0.873086 0.522900 0.037797 0.034980
0 0.879008 0.658398 0.035828 0.033750
0 0.340859 0.121348 0.042219 0.042891
0 0.230922 0.118652 0.039750 0.034961
0 0.268805 0.108535 0.039266 0.036875
0 0.388984 0.111895 0.043406 0.040391
0 0.425898 0.097744 0.035297 0.032520
0 0.568352 0.096963 0.042391 0.036582
0 0.430602 0.189756 0.032891 0.034980
0 0.667195 0.219580 0.037297 0.035645
0 0.598281 0.089229 0.034187 0.036152
0 0.558906 0.175322 0.033875 0.034355
0 0.789945 0.075527 0.040578 0.039336
0 0.456281 0.078135 0.029938 0.034355
0 0.410070 0.075908 0.030922 0.034004
0 0.617437 0.069883 0.038625 0.035547
0 0.835867 0.218193 0.035922 0.041230
0 0.851578 0.381670 0.034750 0.036816
0 0.989328 0.182695 0.021344 0.034609
0 0.552086 0.989912 0.029297 0.020176
0 0.724984 0.983232 0.038875 0.033535
0 0.897500 0.971836 0.033437 0.031914
0 0.814391 0.067510 0.036062 0.039199
0 0.548477 0.058691 0.038109 0.035703
0 0.132539 0.152900 0.044859 0.041348
0 0.027039 0.136533 0.037422 0.036035
0 0.650078 0.056855 0.030531 0.030859
0 0.820281 0.043652 0.038031 0.034062
0 0.183828 0.727979 0.035187 0.037832