0 0.221453 0.130107 0.040250 0.044980
0 0.083883 0.300088 0.039078 0.041230
0 0.116984 0.372002 0.038437 0.042441
0 0.109336 0.459258 0.036391 0.036797
0 0.139367 0.595801 0.038453 0.034766
0 0.298844 0.458594 0.031469 0.030000
0 0.335586 0.722324 0.029859 0.034258
0 0.501180 0.475996 0.029047 0.029141
0 0.505969 0.713809 0.032719 0.033242
0 0.321445 0.427861 0.031484 0.036309
0 0.300672 0.277871 0.036406 0.033750
0 0.496008 0.416992 0.033953 0.034805
0 0.677875 0.404463 0.036406 0.038848
0 0.693164 0.442627 0.028641 0.027676
0 0.677172 0.702461 0.031906 0.037422
0 0.865922 0.339316 0.032875 0.034375
0 0.857539 0.559443 0.037797 0.034980
0 0.857859 0.690273 0.035844 0.033750
0 0.403969 0.120215 0.042219 0.042891
0 0.252461 0.123652 0.037547 0.034961
0 0.278102 0.120313 0.032984 0.036875
0 0.433609 0.122266 0.035344 0.035742
0 0.445422 0.106240 0.032844 0.032520
0 0.620578 0.105830 0.033844 0.034668
0 0.423758 0.216963 0.032891 0.034980
0 0.670930 0.254580 0.037297 0.035645
0 0.635406 0.097607 0.030594 0.030957
0 0.555172 0.212646 0.033875 0.034355
0 0.849445 0.095195 0.040578 0.039336
0 0.467852 0.103721 0.029953 0.034355
0 0.420789 0.097197 0.030922 0.034004
0 0.646734 0.095996 0.028281 0.035547
0 0.848305 0.258623 0.035922 0.041230
0 0.850953 0.417432 0.034750 0.036816
0 0.984289 0.182695 0.031422 0.034609
0 0.696078 0.991729 0.038875 0.016543
0 0.868188 0.991025 0.033437 0.017949
0 0.852867 0.097158 0.036078 0.039199
0 0.552297 0.093652 0.038125 0.035703
0 0.182812 0.133115 0.044875 0.041348
0 0.046562 0.131582 0.037437 0.036016
0 0.664172 0.092422 0.030531 0.030859
0 0.848352 0.083633 0.037172 0.034062
0 0.011195 0.141670 0.022391 0.034902
0 0.158945 0.731084 0.035172 0.037832