0 0.116438 0.151904 0.043969 0.047285
0 0.073039 0.307695 0.039078 0.041211
0 0.121562 0.379385 0.038437 0.042441
0 0.125016 0.462334 0.036406 0.036816
0 0.010633 0.834600 0.020047 0.035332
0 0.065281 0.959199 0.040500 0.038867
0 0.190273 0.594824 0.038453 0.034766
0 0.303016 0.463115 0.033531 0.032715
0 0.405180 0.689492 0.029859 0.034258
0 0.499602 0.480859 0.029047 0.029141
0 0.571914 0.658262 0.032734 0.033242
0 0.362898 0.378047 0.031484 0.036289
0 0.306453 0.232842 0.036406 0.033730
0 0.534055 0.345361 0.033953 0.034824
0 0.706141 0.305371 0.036406 0.038867
0 0.697523 0.445449 0.028641 0.027656
0 0.742094 0.623232 0.031906 0.037441
0 0.867820 0.341299 0.032891 0.034355
0 0.888453 0.453232 0.037781 0.034980
0 0.916680 0.591289 0.035828 0.033750
0 0.249547 0.141406 0.042219 0.042891
0 0.194656 0.107500 0.039750 0.034961
0 0.246664 0.082598 0.039266 0.036875
0 0.317859 0.110010 0.044656 0.041777
0 0.380211 0.071748 0.040234 0.032520
0 0.461344 0.089639 0.048094 0.036816
0 0.441047 0.143848 0.032875 0.034961
0 0.665289 0.152139 0.037297 0.035645
0 0.521805 0.063643 0.039766 0.040488
0 0.563406 0.117373 0.033875 0.034355
0 0.680227 0.045479 0.047609 0.039316
0 0.435500 0.038311 0.029938 0.034355
0 0.402289 0.033789 0.030922 0.033750
0 0.572516 0.031387 0.038625 0.035547
0 0.812008 0.147314 0.035922 0.041230
0 0.983406 0.142910 0.029375 0.043867
0 0.852703 0.301777 0.034750 0.036797
0 0.989711 0.189912 0.020578 0.034590
0 0.608789 0.978662 0.034641 0.029160
0 0.780703 0.948320 0.038875 0.039766
0 0.955641 0.917012 0.033437 0.034453
0 0.725258 0.021875 0.036078 0.037578
0 0.533813 0.010381 0.031375 0.020762
0 0.031984 0.191748 0.044875 0.041348
0 0.008562 0.153340 0.015437 0.031328
0 0.621742 0.006592 0.030547 0.013184
0 0.233195 0.723584 0.035172 0.037832