0 0.168734 0.137187 0.043969 0.047305
0 0.076422 0.300088 0.039094 0.041230
0 0.117664 0.372852 0.038453 0.042422
0 0.116125 0.458408 0.036406 0.036816
0 0.019789 0.943789 0.034953 0.038867
0 0.164164 0.594883 0.038453 0.034766
0 0.302219 0.459258 0.033313 0.032422
0 0.369086 0.703984 0.029859 0.034258
0 0.501180 0.475996 0.029047 0.029141
0 0.539906 0.688691 0.032719 0.033242
0 0.339961 0.399727 0.031484 0.036289
0 0.303766 0.254531 0.036406 0.033750
0 0.511781 0.379248 0.033937 0.034824
0 0.693500 0.356855 0.036406 0.038867
0 0.697117 0.442627 0.028641 0.027676
0 0.711109 0.662354 0.031906 0.037441
0 0.866867 0.339717 0.032891 0.034355
0 0.877195 0.504062 0.037797 0.034961
0 0.887086 0.641113 0.035828 0.033750
0 0.320820 0.123154 0.042203 0.042871
0 0.220688 0.115918 0.039750 0.034961
0 0.263523 0.101074 0.039266 0.036875
0 0.373688 0.111533 0.044656 0.041777
0 0.413266 0.091768 0.038656 0.032520
0 0.546586 0.093896 0.043078 0.036816
0 0.432727 0.180029 0.032891 0.034980
0 0.666516 0.205557 0.037312 0.035645
0 0.583055 0.082305 0.034828 0.036133
0 0.561055 0.160811 0.033859 0.034355
0 0.764898 0.068779 0.040578 0.039316
0 0.452242 0.067158 0.029953 0.034355
0 0.408617 0.065049 0.030922 0.034004
0 0.608078 0.059805 0.038625 0.035547
0 0.830742 0.203682 0.035922 0.041230
0 0.851984 0.363760 0.034750 0.036816
0 0.990164 0.183652 0.019672 0.034609
0 0.566734 0.987490 0.032500 0.025020
0 0.738844 0.974043 0.038875 0.038594
0 0.912359 0.958184 0.033437 0.034453
0 0.796328 0.052900 0.036063 0.039199
0 0.544977 0.046367 0.038109 0.035703
0 0.107414 0.160264 0.044859 0.041348
0 0.021141 0.140371 0.037437 0.036016
0 0.643266 0.040605 0.030531 0.030859
0 0.988227 0.025850 0.023547 0.037480
0 0.808016 0.029170 0.038625 0.034043
0 0.196477 0.728291 0.035172 0.037832