0 0.572914 0.185918 0.034297 0.039336
0 0.196414 0.319121 0.035078 0.032422
0 0.114820 0.372402 0.033391 0.034805
0 0.125367 0.468428 0.036391 0.036816
0 0.050367 0.609551 0.038453 0.034766
0 0.221227 0.584277 0.033547 0.030234
0 0.153008 0.796484 0.029859 0.034258
0 0.499062 0.480840 0.029031 0.026523
0 0.320219 0.853281 0.032719 0.033242
0 0.304023 0.458838 0.031547 0.026660
0 0.300578 0.445098 0.035781 0.033477
0 0.392570 0.648643 0.033953 0.034824
0 0.564414 0.712207 0.032828 0.031758
0 0.687750 0.445508 0.028625 0.027656
0 0.481781 0.911895 0.031906 0.037422
0 0.859242 0.338760 0.032891 0.034160
0 0.716664 0.855381 0.037641 0.034902
0 0.636969 0.963535 0.028094 0.032578
0 0.876828 0.201055 0.038969 0.041133
0 0.472617 0.251572 0.036703 0.034824
0 0.385539 0.300508 0.033641 0.036562
0 0.756398 0.257549 0.035359 0.035723
0 0.648766 0.315459 0.032844 0.032520
0 0.377937 0.485889 0.032875 0.034980
0 0.636766 0.584688 0.031156 0.031914
0 0.938141 0.343623 0.037125 0.034395
0 0.496570 0.540420 0.031109 0.031660
0 0.560250 0.380312 0.029937 0.034375
0 0.443680 0.388447 0.030922 0.034004
0 0.834484 0.398555 0.036094 0.035547
0 0.897891 0.603340 0.035937 0.037617
0 0.808109 0.728408 0.034750 0.036816
0 0.982961 0.189766 0.032516 0.034609
0 0.574828 0.436191 0.034625 0.033945
0 0.674242 0.119092 0.044859 0.041348
0 0.285703 0.161719 0.041125 0.036016
0 0.738938 0.448467 0.031250 0.033457
0 0.994906 0.473652 0.010187 0.038320
0 0.372195 0.098926 0.040453 0.038984
0 0.473078 0.024150 0.045031 0.036543
0 0.072398 0.180293 0.043859 0.040508
0 0.167273 0.013369 0.040703 0.026738
0 0.968586 0.888535 0.033984 0.036055
0 0.009375 0.346846 0.014719 0.024941