0 0.744461 0.263584 0.034297 0.039316
0 0.298859 0.358799 0.036094 0.033574
0 0.111914 0.371201 0.033391 0.034785
0 0.174117 0.486572 0.036391 0.036816
0 0.047109 0.607012 0.038437 0.034766
0 0.199742 0.656055 0.033547 0.030234
0 0.087539 0.812773 0.033766 0.034258
0 0.494172 0.483145 0.027188 0.026523
0 0.235477 0.900752 0.033391 0.033223
0 0.323844 0.539141 0.033125 0.029023
0 0.297461 0.462744 0.028297 0.033809
0 0.353937 0.744004 0.034156 0.034180
0 0.492414 0.846748 0.032828 0.031738
0 0.685773 0.444883 0.028641 0.027656
0 0.369266 0.984893 0.031906 0.029082
0 0.855672 0.347480 0.031969 0.029336
0 0.620469 0.975879 0.034687 0.028242
0 0.598102 0.350547 0.034828 0.032344
0 0.461297 0.421357 0.030969 0.029473
0 0.900680 0.383984 0.038422 0.037852
0 0.742766 0.461943 0.033750 0.032520
0 0.369906 0.618262 0.032875 0.034492
0 0.611578 0.740967 0.031156 0.031934
0 0.478445 0.690908 0.032203 0.031660
0 0.608313 0.532334 0.029937 0.034355
0 0.469352 0.530068 0.031922 0.033496
0 0.884281 0.563945 0.036094 0.035547
0 0.879937 0.778525 0.035937 0.037637
0 0.745703 0.874648 0.034281 0.035625
0 0.984875 0.192305 0.030250 0.034609
0 0.572172 0.609141 0.034625 0.033945
0 0.902055 0.184902 0.044141 0.041289
0 0.440891 0.227959 0.041125 0.036035
0 0.751836 0.629727 0.032203 0.033477
0 0.588109 0.142158 0.040437 0.038965
0 0.742906 0.046016 0.045031 0.036563
0 0.274266 0.154844 0.042781 0.040508
0 0.425656 0.012500 0.040719 0.022344
0 0.135172 0.291816 0.039906 0.035938
0 0.010016 0.420391 0.020031 0.035977
0 0.093047 0.077285 0.045562 0.039375