0 0.727969 0.252656 0.034312 0.039336
0 0.286094 0.354199 0.036094 0.033555
0 0.111914 0.371201 0.033391 0.034785
0 0.165937 0.485752 0.036406 0.036816
0 0.044734 0.609121 0.038437 0.034766
0 0.201875 0.648984 0.033531 0.030234
0 0.093820 0.812617 0.033109 0.034258
0 0.495109 0.482695 0.027531 0.026523
0 0.244438 0.898193 0.032844 0.033223
0 0.320609 0.530254 0.032563 0.029023
0 0.297852 0.463232 0.028297 0.033809
0 0.360820 0.733721 0.033984 0.034707
0 0.501352 0.834717 0.032828 0.031738
0 0.685773 0.444883 0.028641 0.027656
0 0.381984 0.980947 0.031906 0.036035
0 0.855672 0.347480 0.031969 0.029336
0 0.631461 0.968008 0.034672 0.032852
0 0.586125 0.339385 0.034812 0.032324
0 0.452945 0.410010 0.031547 0.030332
0 0.888445 0.369189 0.036422 0.038965
0 0.734406 0.447373 0.033000 0.032520
0 0.368930 0.606289 0.032891 0.034883
0 0.615016 0.726250 0.031156 0.031914
0 0.485320 0.675186 0.031297 0.031660
0 0.603797 0.518350 0.029937 0.034355
0 0.466062 0.514639 0.031094 0.033926
0 0.880750 0.544922 0.036094 0.035547
0 0.884844 0.761836 0.035937 0.037617
0 0.754539 0.859912 0.034672 0.036621
0 0.984875 0.192305 0.030250 0.034609
0 0.570906 0.593193 0.034625 0.033965
0 0.877266 0.173701 0.044750 0.041270
0 0.422336 0.220469 0.041141 0.036016
0 0.751047 0.612061 0.031406 0.033457
0 0.563695 0.135283 0.040453 0.038965
0 0.711688 0.041475 0.045031 0.036543
0 0.250742 0.154629 0.043672 0.040508
0 0.398164 0.009668 0.040703 0.018906
0 0.117664 0.294893 0.039922 0.035918
0 0.006758 0.430098 0.012641 0.028008
0 0.063391 0.086133 0.045562 0.039375