0 0.580852 0.189092 0.034297 0.039316
0 0.200344 0.320703 0.035187 0.032539
0 0.114508 0.372275 0.033391 0.034785
0 0.126891 0.469697 0.036406 0.036816
0 0.050367 0.609551 0.038453 0.034766
0 0.220414 0.587461 0.033547 0.030234
0 0.149758 0.797383 0.029859 0.034258
0 0.499062 0.480840 0.029031 0.026523
0 0.315547 0.856074 0.032719 0.033242
0 0.305664 0.457021 0.031641 0.026895
0 0.299477 0.448965 0.034547 0.032969
0 0.390227 0.653096 0.033953 0.034824
0 0.560742 0.718818 0.032828 0.031738
0 0.687547 0.445449 0.028625 0.027656
0 0.476797 0.915332 0.031906 0.037422
0 0.859242 0.338965 0.032891 0.033750
0 0.712633 0.860908 0.037328 0.034785
0 0.631172 0.968047 0.028094 0.030273
0 0.885891 0.205000 0.038969 0.041133
0 0.478422 0.255889 0.036500 0.034590
0 0.388391 0.306182 0.033437 0.035918
0 0.763016 0.262637 0.035344 0.035742
0 0.653859 0.322080 0.032844 0.032520
0 0.378039 0.491611 0.032891 0.034980
0 0.636156 0.592451 0.031156 0.031934
0 0.943680 0.350479 0.036859 0.034395
0 0.495961 0.546904 0.031109 0.031660
0 0.562484 0.387178 0.029937 0.034355
0 0.445008 0.394170 0.030922 0.034004
0 0.837031 0.406055 0.036094 0.035547
0 0.897586 0.611104 0.035922 0.037637
0 0.805875 0.735908 0.034750 0.036816
0 0.982961 0.189766 0.032516 0.034609
0 0.575031 0.444082 0.034625 0.033945
0 0.685234 0.121113 0.044875 0.041328
0 0.292625 0.164268 0.041125 0.036035
0 0.739437 0.456611 0.031250 0.033457
0 0.995930 0.481279 0.008141 0.038340
0 0.381664 0.100195 0.040453 0.038984
0 0.484680 0.024404 0.045047 0.036543
0 0.081352 0.178252 0.043859 0.040527
0 0.178570 0.012988 0.040703 0.025977
0 0.965227 0.895029 0.033984 0.036035
0 0.013547 0.343857 0.017375 0.026113