0 0.546625 0.177148 0.034312 0.039336
0 0.184258 0.316191 0.036047 0.034570
0 0.115875 0.371045 0.034656 0.036699
0 0.118422 0.467051 0.036406 0.036797
0 0.051906 0.608887 0.037281 0.034766
0 0.226234 0.574219 0.033531 0.030859
0 0.163648 0.792500 0.029859 0.034258
0 0.499062 0.480498 0.029031 0.027207
0 0.333172 0.845254 0.032719 0.033242
0 0.303211 0.458721 0.031484 0.028574
0 0.298828 0.433662 0.036406 0.033730
0 0.398945 0.632471 0.033953 0.034824
0 0.574055 0.691924 0.032828 0.031738
0 0.688383 0.445703 0.028641 0.027656
0 0.496469 0.898691 0.031906 0.037422
0 0.860508 0.338662 0.032891 0.034355
0 0.728398 0.836045 0.037797 0.034980
0 0.652852 0.948682 0.030016 0.033730
0 0.846906 0.190820 0.038813 0.040430
0 0.454398 0.239482 0.036797 0.034980
0 0.376023 0.287187 0.033734 0.036875
0 0.733750 0.244541 0.035344 0.035723
0 0.635437 0.298662 0.032844 0.032520
0 0.381977 0.467451 0.032891 0.034980
0 0.642813 0.561465 0.032219 0.032930
0 0.919773 0.323623 0.037234 0.034395
0 0.503945 0.515557 0.031109 0.031660
0 0.555219 0.358037 0.029938 0.034355
0 0.440039 0.368389 0.030922 0.034004
0 0.824906 0.376035 0.036094 0.035547
0 0.898570 0.578926 0.035922 0.037617
0 0.814531 0.707646 0.034750 0.036816
0 0.982961 0.189766 0.032516 0.034609
0 0.572680 0.412246 0.034797 0.034609
0 0.639453 0.114189 0.044875 0.041348
0 0.265453 0.155293 0.041125 0.036016
0 0.734961 0.422891 0.031234 0.034141
0 0.991555 0.444258 0.016891 0.038320
0 0.344047 0.097002 0.040437 0.038965
0 0.433258 0.026055 0.045047 0.036562
0 0.891703 0.982344 0.034063 0.025508
0 0.050172 0.187656 0.039813 0.042148
0 0.133937 0.014941 0.040719 0.029883
0 0.976195 0.867881 0.029609 0.036035