0 0.528773 0.171416 0.034297 0.039316
0 0.176102 0.314502 0.036859 0.036348
0 0.116602 0.369902 0.035672 0.038242
0 0.113469 0.466455 0.036406 0.036816
0 0.053125 0.608359 0.036344 0.034766
0 0.229906 0.567422 0.033531 0.031367
0 0.170867 0.789668 0.029859 0.034258
0 0.499062 0.480225 0.029031 0.027754
0 0.341648 0.839951 0.032734 0.033223
0 0.303211 0.457686 0.031484 0.030645
0 0.296984 0.426055 0.036406 0.033750
0 0.403117 0.621318 0.033953 0.034824
0 0.580305 0.678350 0.032828 0.031738
0 0.688797 0.445840 0.028625 0.027656
0 0.506219 0.889512 0.031906 0.037422
0 0.861531 0.338662 0.032875 0.034355
0 0.736164 0.822793 0.037797 0.034961
0 0.663234 0.938613 0.031562 0.033750
0 0.826586 0.184219 0.038672 0.039883
0 0.442148 0.231553 0.036797 0.034980
0 0.369539 0.278789 0.033734 0.036875
0 0.718273 0.236162 0.035359 0.035723
0 0.626797 0.287881 0.032844 0.032520
0 0.385258 0.454990 0.032891 0.034980
0 0.647406 0.546006 0.033063 0.033730
0 0.907297 0.310361 0.037250 0.034395
0 0.509602 0.498252 0.031109 0.031660
0 0.552094 0.342979 0.029938 0.034355
0 0.437664 0.354619 0.030922 0.034004
0 0.818266 0.361016 0.036094 0.035547
0 0.898992 0.562490 0.035922 0.037637
0 0.818781 0.694033 0.034750 0.036816
0 0.982961 0.189766 0.032516 0.034609
0 0.571055 0.396250 0.034922 0.035117
0 0.616016 0.111104 0.044875 0.041348
0 0.252023 0.151172 0.041141 0.036016
0 0.731984 0.405684 0.031250 0.034687
0 0.989125 0.423906 0.021719 0.038320
0 0.325320 0.095967 0.040453 0.038965
0 0.406047 0.027666 0.045031 0.036543
0 0.900242 0.975381 0.034047 0.032246
0 0.034180 0.192725 0.037359 0.043457
0 0.111797 0.016045 0.040719 0.032090
0 0.980945 0.853955 0.026109 0.036035