0 0.351195 0.132832 0.033578 0.039336
0 0.114430 0.301416 0.039078 0.041230
0 0.118602 0.367217 0.038453 0.042441
0 0.099516 0.462627 0.036406 0.036816
0 0.092070 0.602031 0.038453 0.034766
0 0.274297 0.493096 0.033531 0.032715
0 0.252539 0.757168 0.029859 0.034258
0 0.501180 0.475996 0.029047 0.029141
0 0.427875 0.780762 0.032719 0.033242
0 0.303211 0.454854 0.031484 0.036309
0 0.289813 0.345527 0.036406 0.033750
0 0.450289 0.516016 0.033953 0.034805
0 0.630937 0.536592 0.036406 0.038848
0 0.692672 0.442627 0.028625 0.027676
0 0.601609 0.794434 0.031906 0.037422
0 0.864328 0.338662 0.032875 0.034355
0 0.801648 0.686162 0.037797 0.034980
0 0.771320 0.814160 0.035828 0.033750
0 0.604047 0.135195 0.034813 0.034922
0 0.333766 0.162305 0.036812 0.034961
0 0.311664 0.188574 0.030891 0.036875
0 0.562641 0.159912 0.035344 0.035723
0 0.530125 0.180576 0.032844 0.032520
0 0.811977 0.153379 0.038609 0.039219
0 0.403039 0.326494 0.032891 0.034980
0 0.664891 0.385635 0.037313 0.035645
0 0.776641 0.186592 0.037250 0.034395
0 0.538375 0.341611 0.033875 0.034355
0 0.503844 0.209619 0.029938 0.034355
0 0.419773 0.216572 0.030922 0.034004
0 0.733031 0.210000 0.036094 0.035547
0 0.880609 0.400742 0.035937 0.037617
0 0.843578 0.546533 0.034750 0.036816
0 0.986875 0.182695 0.026250 0.034609
0 0.982336 0.218047 0.033266 0.039180
0 0.556383 0.231563 0.038109 0.035703
0 0.371609 0.096357 0.044875 0.041348
0 0.121461 0.131904 0.038703 0.036035
0 0.694797 0.233633 0.030531 0.030859
0 0.932344 0.234756 0.037156 0.038340
0 0.136453 0.103232 0.040437 0.038965
0 0.153250 0.063418 0.045031 0.035234
0 0.946289 0.983848 0.027422 0.026836
0 0.984500 0.855303 0.025375 0.041230
0 0.069180 0.740654 0.035172 0.037832