0 0.724672 0.250479 0.034312 0.039316
0 0.283547 0.353271 0.036094 0.033574
0 0.111914 0.371201 0.033391 0.034785
0 0.164297 0.485596 0.036406 0.036816
0 0.044258 0.609551 0.038453 0.034766
0 0.202297 0.647578 0.033531 0.030234
0 0.095078 0.812578 0.032969 0.034258
0 0.495305 0.482617 0.027609 0.026523
0 0.246227 0.897676 0.032734 0.033242
0 0.319969 0.528477 0.032437 0.029023
0 0.297930 0.463330 0.028297 0.033809
0 0.362195 0.731670 0.033953 0.034824
0 0.503133 0.832314 0.032828 0.031738
0 0.685773 0.444883 0.028641 0.027656
0 0.384531 0.980156 0.031906 0.037422
0 0.855672 0.347480 0.031969 0.029336
0 0.633656 0.966426 0.034687 0.033789
0 0.583734 0.337148 0.034813 0.032344
0 0.451273 0.407744 0.031672 0.030488
0 0.884859 0.366309 0.034406 0.039648
0 0.732734 0.444463 0.032844 0.032520
0 0.368727 0.603896 0.032891 0.034980
0 0.615703 0.723301 0.031156 0.031914
0 0.486695 0.672041 0.031109 0.031660
0 0.602891 0.515557 0.029938 0.034355
0 0.465414 0.511553 0.030922 0.034004
0 0.880031 0.541113 0.036094 0.035547
0 0.885828 0.758496 0.035937 0.037617
0 0.756313 0.856963 0.034750 0.036816
0 0.984875 0.192305 0.030250 0.034609
0 0.570641 0.590000 0.034625 0.033945
0 0.872305 0.171465 0.044859 0.041289
0 0.418625 0.218975 0.041125 0.036035
0 0.750891 0.608525 0.031250 0.033457
0 0.558812 0.133916 0.040437 0.038965
0 0.705445 0.040566 0.045047 0.036562
0 0.246039 0.154590 0.043859 0.040508
0 0.392672 0.009111 0.040719 0.018223
0 0.114164 0.295498 0.039922 0.035918
0 0.006102 0.432334 0.010891 0.025449
0 0.057453 0.087900 0.045562 0.039395