0 0.542164 0.175723 0.034297 0.039336
0 0.182219 0.315771 0.036250 0.035020
0 0.116062 0.370752 0.034906 0.037090
0 0.117188 0.466904 0.036406 0.036816
0 0.052211 0.608750 0.037047 0.034766
0 0.227148 0.572520 0.033547 0.030977
0 0.165461 0.791797 0.029859 0.034258
0 0.499062 0.480430 0.029031 0.027344
0 0.335281 0.843926 0.032719 0.033242
0 0.303211 0.458457 0.031484 0.029102
0 0.298367 0.431758 0.036391 0.033750
0 0.399992 0.629678 0.033953 0.034824
0 0.575617 0.688535 0.032828 0.031758
0 0.688484 0.445742 0.028625 0.027656
0 0.498906 0.896396 0.031906 0.037441
0 0.860773 0.338662 0.032891 0.034355
0 0.730336 0.832734 0.037797 0.034961
0 0.655445 0.946162 0.030422 0.033730
0 0.841820 0.189170 0.038766 0.040293
0 0.451336 0.237500 0.036797 0.034961
0 0.374398 0.285098 0.033734 0.036875
0 0.729875 0.242451 0.035344 0.035723
0 0.633281 0.295967 0.032844 0.032520
0 0.382797 0.464336 0.032875 0.034961
0 0.643969 0.557598 0.032437 0.033125
0 0.916656 0.320303 0.037250 0.034395
0 0.505359 0.511230 0.031125 0.031641
0 0.554438 0.354277 0.029938 0.034375
0 0.439445 0.364951 0.030922 0.034004
0 0.823250 0.372266 0.036094 0.035547
0 0.898680 0.574814 0.035922 0.037637
0 0.815594 0.704248 0.034750 0.036816
0 0.982961 0.189766 0.032516 0.034609
0 0.572273 0.408242 0.034828 0.034727
0 0.633594 0.113428 0.044875 0.041348
0 0.262094 0.154268 0.041125 0.036035
0 0.734219 0.418584 0.031250 0.034277
0 0.990984 0.439141 0.018031 0.038320
0 0.339367 0.096748 0.040453 0.038965
0 0.426461 0.026455 0.045047 0.036543
0 0.893836 0.980596 0.034047 0.027207
0 0.046617 0.188916 0.039016 0.042480
0 0.128406 0.015225 0.040719 0.030449
0 0.977383 0.864404 0.028734 0.036035