0 0.713219 0.245322 0.034312 0.039316
0 0.276062 0.350410 0.036094 0.033555
0 0.111914 0.371201 0.033391 0.034785
0 0.160641 0.484834 0.036406 0.036816
0 0.045180 0.609551 0.038453 0.034766
0 0.203977 0.642617 0.033547 0.030234
0 0.099125 0.811426 0.032500 0.034258
0 0.495867 0.482344 0.027828 0.026523
0 0.250656 0.895010 0.032719 0.033223
0 0.318594 0.521982 0.032437 0.029004
0 0.298148 0.463604 0.028297 0.033809
0 0.363414 0.725557 0.033953 0.034824
0 0.507102 0.823721 0.032828 0.031738
0 0.685773 0.444883 0.028641 0.027656
0 0.392016 0.974814 0.031906 0.037441
0 0.858133 0.346211 0.032891 0.031523
0 0.640375 0.957656 0.034687 0.033789
0 0.575328 0.330469 0.034813 0.032344
0 0.445477 0.399727 0.031672 0.030508
0 0.877477 0.358789 0.035047 0.034766
0 0.727391 0.434541 0.032844 0.032520
0 0.370258 0.594355 0.032891 0.034961
0 0.618000 0.713564 0.031156 0.031934
0 0.487305 0.661543 0.031109 0.031641
0 0.599688 0.505059 0.029937 0.034375
0 0.464039 0.501240 0.030922 0.034004
0 0.876828 0.530430 0.036094 0.035547
0 0.887203 0.746279 0.035937 0.037637
0 0.760891 0.848389 0.034750 0.036816
0 0.984586 0.191924 0.030578 0.034590
0 0.571562 0.578174 0.034625 0.033965
0 0.858266 0.166504 0.044875 0.041289
0 0.408547 0.214014 0.041125 0.036035
0 0.749828 0.596123 0.031250 0.033457
0 0.544312 0.130479 0.040437 0.038965
0 0.687125 0.038467 0.045031 0.036543
0 0.232750 0.155547 0.043844 0.040508
0 0.374953 0.009209 0.040719 0.018418
0 0.895453 0.991201 0.034000 0.017598
0 0.104391 0.298936 0.039906 0.035918
0 0.038109 0.094258 0.045562 0.039375