0 0.731266 0.254844 0.034313 0.039336
0 0.288656 0.355117 0.036094 0.033555
0 0.111914 0.371201 0.033391 0.034785
0 0.167578 0.485928 0.036406 0.036816
0 0.045211 0.608701 0.038453 0.034785
0 0.201445 0.650410 0.033547 0.030234
0 0.092570 0.812637 0.033234 0.034258
0 0.494922 0.482793 0.027469 0.026523
0 0.242641 0.898701 0.032938 0.033223
0 0.321258 0.532031 0.032672 0.029023
0 0.297773 0.463135 0.028297 0.033809
0 0.359445 0.735781 0.034016 0.034609
0 0.499570 0.837119 0.032828 0.031738
0 0.685773 0.444883 0.028641 0.027656
0 0.379437 0.981738 0.031906 0.034648
0 0.855672 0.347480 0.031969 0.029336
0 0.629258 0.969580 0.034672 0.031934
0 0.588516 0.341621 0.034813 0.032344
0 0.454625 0.412285 0.031438 0.030156
0 0.892039 0.372070 0.038422 0.038281
0 0.736078 0.450293 0.033156 0.032500
0 0.369117 0.608682 0.032891 0.034824
0 0.614328 0.729189 0.031156 0.031934
0 0.483953 0.678330 0.031469 0.031660
0 0.604703 0.521143 0.029937 0.034355
0 0.466719 0.517715 0.031250 0.033828
0 0.881453 0.548711 0.036094 0.035547
0 0.883867 0.765176 0.035922 0.037617
0 0.752773 0.862861 0.034609 0.036426
0 0.984875 0.192305 0.030250 0.034609
0 0.571156 0.596387 0.034625 0.033945
0 0.882219 0.175947 0.044625 0.041270
0 0.426047 0.221973 0.041125 0.036016
0 0.751203 0.615596 0.031562 0.033457
0 0.568578 0.136660 0.040437 0.038984
0 0.717930 0.042383 0.045047 0.036562
0 0.255438 0.154668 0.043500 0.040508
0 0.403664 0.010244 0.040703 0.019590
0 0.121164 0.294268 0.039922 0.035918
0 0.007422 0.427861 0.014406 0.030566
0 0.069312 0.084355 0.045562 0.039375