0 0.436234 0.149131 0.033938 0.039316
0 0.139523 0.306279 0.039078 0.041230
0 0.118602 0.366768 0.038453 0.042441
0 0.099867 0.464834 0.036391 0.036816
0 0.069453 0.606455 0.038437 0.034785
0 0.252734 0.529326 0.033531 0.032715
0 0.210477 0.773945 0.029859 0.034258
0 0.500172 0.477676 0.029031 0.029141
0 0.383703 0.812119 0.032719 0.033223
0 0.303211 0.454854 0.031484 0.036309
0 0.289813 0.385293 0.036406 0.033750
0 0.425898 0.569561 0.033953 0.034824
0 0.604953 0.607285 0.034625 0.035313
0 0.691320 0.444307 0.028641 0.027676
0 0.556719 0.843027 0.031906 0.037422
0 0.864328 0.338662 0.032875 0.034355
0 0.771336 0.753213 0.037797 0.034980
0 0.721133 0.877773 0.035828 0.033750
0 0.713758 0.155342 0.037266 0.037598
0 0.384070 0.193369 0.036797 0.034980
0 0.337578 0.233184 0.032312 0.036875
0 0.635758 0.194033 0.035359 0.035723
0 0.579078 0.231748 0.032844 0.032520
0 0.915695 0.200283 0.038609 0.039238
0 0.393086 0.388047 0.032891 0.034961
0 0.663297 0.461416 0.036250 0.035684
0 0.841891 0.243877 0.037250 0.034395
0 0.528664 0.413242 0.032484 0.033008
0 0.526609 0.272627 0.029938 0.034355
0 0.427477 0.280889 0.030922 0.034004
0 0.778438 0.282148 0.036094 0.035547
0 0.894508 0.477979 0.035922 0.037637
0 0.835734 0.619072 0.034750 0.036816
0 0.984914 0.186230 0.029391 0.034609
0 0.563039 0.312695 0.036703 0.036133
0 0.493867 0.100322 0.044859 0.041348
0 0.181875 0.136299 0.041125 0.036035
0 0.713594 0.315879 0.030531 0.030859
0 0.968258 0.323330 0.037172 0.038340
0 0.225750 0.096670 0.040437 0.038965
0 0.272547 0.040518 0.045031 0.036543
0 0.944859 0.913496 0.034063 0.041250
0 0.011938 0.034111 0.023875 0.035293
0 0.030156 0.744639 0.032000 0.037832