0 0.737867 0.259219 0.034297 0.039336
0 0.293750 0.356963 0.036094 0.033574
0 0.111914 0.371201 0.033391 0.034785
0 0.170844 0.486250 0.036406 0.036797
0 0.046164 0.607852 0.038453 0.034766
0 0.200594 0.653223 0.033531 0.030234
0 0.090047 0.812715 0.033500 0.034258
0 0.494547 0.482969 0.027313 0.026523
0 0.239055 0.899727 0.033172 0.033242
0 0.322555 0.535586 0.032891 0.029023
0 0.297617 0.462939 0.028297 0.033809
0 0.356687 0.739893 0.034094 0.034395
0 0.495992 0.841934 0.032828 0.031758
0 0.685773 0.444883 0.028641 0.027656
0 0.374359 0.983311 0.031906 0.031855
0 0.855672 0.347480 0.031969 0.029336
0 0.624859 0.972725 0.034687 0.030098
0 0.593313 0.346084 0.034813 0.032324
0 0.457961 0.416816 0.031203 0.029805
0 0.896359 0.378018 0.038438 0.038066
0 0.739422 0.456123 0.033438 0.032520
0 0.369516 0.613477 0.032875 0.034648
0 0.612953 0.735078 0.031156 0.031914
0 0.481203 0.684619 0.031844 0.031660
0 0.606500 0.526748 0.029938 0.034355
0 0.468031 0.523887 0.031594 0.033672
0 0.882859 0.556328 0.036094 0.035547
0 0.881898 0.771846 0.035922 0.037637
0 0.749242 0.868750 0.034453 0.036016
0 0.984875 0.192305 0.030250 0.034609
0 0.571672 0.602764 0.034625 0.033965
0 0.892141 0.180420 0.044375 0.041270
0 0.433469 0.224961 0.041125 0.036016
0 0.751516 0.622656 0.031875 0.033477
0 0.578344 0.139404 0.040437 0.038965
0 0.730414 0.044199 0.045047 0.036562
0 0.264852 0.154756 0.043141 0.040527
0 0.414656 0.011367 0.040719 0.020977
0 0.128164 0.293047 0.039922 0.035938
0 0.008727 0.423887 0.017453 0.034062
0 0.081172 0.080820 0.045563 0.039375