0 0.675055 0.228145 0.034297 0.039336
0 0.251125 0.340869 0.036094 0.033574
0 0.111914 0.371201 0.033391 0.034785
0 0.148422 0.482295 0.036406 0.036816
0 0.048227 0.609551 0.038453 0.034766
0 0.209578 0.626074 0.033531 0.030234
0 0.112625 0.807617 0.030938 0.034258
0 0.497742 0.481465 0.028547 0.026523
0 0.265414 0.886104 0.032734 0.033223
0 0.314016 0.500352 0.032437 0.029023
0 0.298914 0.464561 0.028297 0.033809
0 0.367484 0.705205 0.033937 0.034824
0 0.520336 0.795098 0.032828 0.031758
0 0.685773 0.444883 0.028641 0.027656
0 0.416953 0.957002 0.031906 0.037441
0 0.861352 0.342656 0.029484 0.031172
0 0.662766 0.928398 0.034687 0.033789
0 0.987984 0.261426 0.024031 0.041133
0 0.547344 0.308203 0.034812 0.032344
0 0.426133 0.373008 0.031672 0.030508
0 0.839875 0.327109 0.033250 0.031211
0 0.709578 0.401455 0.032844 0.032520
0 0.375344 0.562549 0.032875 0.034980
0 0.625625 0.681123 0.031156 0.031934
0 0.992469 0.430518 0.015062 0.034395
0 0.489352 0.626553 0.031109 0.031660
0 0.589000 0.470068 0.029938 0.034355
0 0.459461 0.466885 0.030922 0.034004
0 0.866141 0.494805 0.036094 0.035547
0 0.891781 0.705566 0.035937 0.037617
0 0.776156 0.819756 0.034750 0.036816
0 0.983625 0.190645 0.031719 0.034609
0 0.574617 0.538730 0.034609 0.033945
0 0.811445 0.149971 0.044859 0.041270
0 0.374961 0.197471 0.041141 0.036035
0 0.746266 0.554775 0.031250 0.033457
0 0.495961 0.119023 0.040453 0.038984
0 0.626055 0.031465 0.045047 0.036562
0 0.188477 0.158730 0.043859 0.040508
0 0.315922 0.009521 0.040719 0.019043
0 0.919758 0.967900 0.033984 0.028418
0 0.071820 0.310381 0.039922 0.035918
0 0.005023 0.120957 0.010047 0.026719