0 0.568945 0.184316 0.034297 0.039336
0 0.194461 0.318330 0.035016 0.032363
0 0.114977 0.372471 0.033391 0.034785
0 0.124609 0.467783 0.036406 0.036816
0 0.050367 0.609551 0.038453 0.034766
0 0.221641 0.582695 0.033531 0.030234
0 0.154648 0.796035 0.029859 0.034258
0 0.499062 0.480840 0.029031 0.026523
0 0.322562 0.851885 0.032719 0.033223
0 0.303211 0.459746 0.031484 0.026523
0 0.301125 0.443164 0.036406 0.033750
0 0.393742 0.646416 0.033953 0.034824
0 0.566242 0.708896 0.032828 0.031738
0 0.687859 0.445547 0.028625 0.027656
0 0.484281 0.910176 0.031906 0.037422
0 0.859242 0.338662 0.032891 0.034355
0 0.718680 0.852607 0.037797 0.034980
0 0.639867 0.961270 0.028078 0.033750
0 0.872297 0.199082 0.038969 0.041133
0 0.469711 0.249414 0.036797 0.034961
0 0.384117 0.297676 0.033734 0.036875
0 0.753094 0.255000 0.035344 0.035742
0 0.646219 0.312158 0.032844 0.032520
0 0.377883 0.483027 0.032891 0.034961
0 0.637078 0.580811 0.031156 0.031934
0 0.935359 0.340186 0.037250 0.034395
0 0.496883 0.537178 0.031109 0.031660
0 0.559125 0.376875 0.029938 0.034375
0 0.443023 0.385596 0.030922 0.034004
0 0.833219 0.394805 0.036094 0.035547
0 0.898039 0.599463 0.035922 0.037637
0 0.809234 0.724658 0.034750 0.036816
0 0.982961 0.189766 0.032516 0.034609
0 0.574719 0.432246 0.034625 0.033945
0 0.668742 0.118076 0.044859 0.041348
0 0.282242 0.160449 0.041141 0.036016
0 0.738680 0.444404 0.031234 0.033457
0 0.994398 0.469824 0.011203 0.038320
0 0.367469 0.098291 0.040437 0.038965
0 0.467273 0.024023 0.045047 0.036562
0 0.883578 0.991201 0.034062 0.017598
0 0.067914 0.181309 0.043859 0.040508
0 0.161625 0.013564 0.040719 0.027129
0 0.970266 0.885283 0.034000 0.036035
0 0.007289 0.348350 0.013391 0.024355