0 0.346914 0.131992 0.033578 0.039336
0 0.113336 0.301289 0.039078 0.041211
0 0.118602 0.367256 0.038453 0.042441
0 0.099484 0.462412 0.036406 0.036816
0 0.093273 0.601641 0.038453 0.034766
0 0.275180 0.491426 0.033547 0.032734
0 0.254758 0.756279 0.029859 0.034238
0 0.501180 0.475996 0.029047 0.029141
0 0.430422 0.778945 0.032719 0.033242
0 0.303211 0.454854 0.031484 0.036309
0 0.290031 0.343545 0.036406 0.033730
0 0.451773 0.513047 0.033953 0.034805
0 0.632641 0.532881 0.036406 0.038848
0 0.692672 0.442627 0.028625 0.027676
0 0.603734 0.791699 0.031906 0.037422
0 0.864328 0.338662 0.032875 0.034355
0 0.803305 0.682764 0.037797 0.034980
0 0.773398 0.811113 0.035828 0.033750
0 0.598633 0.134414 0.034672 0.034766
0 0.331180 0.160830 0.036797 0.034980
0 0.310477 0.186367 0.030891 0.036875
0 0.558930 0.158262 0.035359 0.035742
0 0.527484 0.178018 0.032844 0.032520
0 0.806937 0.151211 0.038594 0.039219
0 0.403789 0.323555 0.032891 0.034961
0 0.664680 0.382295 0.037297 0.035645
0 0.773219 0.183877 0.037250 0.034395
0 0.538930 0.338174 0.033859 0.034355
0 0.502844 0.206582 0.029937 0.034375
0 0.419367 0.213467 0.030922 0.034004
0 0.730641 0.206543 0.036094 0.035547
0 0.879781 0.396953 0.035937 0.037617
0 0.843844 0.543037 0.034750 0.036816
0 0.986875 0.182695 0.026250 0.034609
0 0.980789 0.214268 0.036078 0.039199
0 0.556078 0.227402 0.038125 0.035703
0 0.366031 0.096885 0.044875 0.041348
0 0.118734 0.131816 0.038469 0.036016
0 0.693766 0.229473 0.030531 0.030859
0 0.930430 0.230449 0.037172 0.038320
0 0.132328 0.103535 0.040437 0.038984
0 0.147187 0.064863 0.045031 0.035117
0 0.949750 0.982510 0.027406 0.027715
0 0.985750 0.852432 0.023500 0.041230
0 0.071094 0.740400 0.035187 0.037832