0 0.372602 0.137012 0.033578 0.039336
0 0.119914 0.302080 0.039078 0.041230
0 0.118602 0.366992 0.038453 0.042422
0 0.099687 0.463740 0.036406 0.036816
0 0.086063 0.604023 0.038437 0.034766
0 0.269875 0.501494 0.033531 0.032715
0 0.241398 0.761582 0.029859 0.034258
0 0.501180 0.475996 0.029047 0.029141
0 0.415156 0.789814 0.032719 0.033223
0 0.303211 0.454854 0.031484 0.036309
0 0.288750 0.355469 0.036406 0.033750
0 0.442867 0.530859 0.033953 0.034805
0 0.622453 0.555146 0.036406 0.038848
0 0.692672 0.442627 0.028625 0.027676
0 0.591000 0.808135 0.031906 0.037441
0 0.864328 0.338662 0.032875 0.034355
0 0.793383 0.703125 0.037797 0.034961
0 0.760891 0.829404 0.035844 0.033730
0 0.631062 0.139092 0.035500 0.035801
0 0.346727 0.169668 0.036797 0.034961
0 0.317555 0.199609 0.030891 0.036875
0 0.581180 0.168135 0.035359 0.035723
0 0.543289 0.193350 0.032859 0.032520
0 0.837148 0.164238 0.038609 0.039219
0 0.399305 0.341143 0.032891 0.034980
0 0.665953 0.402334 0.037312 0.035645
0 0.793719 0.200225 0.037250 0.034395
0 0.535633 0.358760 0.033859 0.034355
0 0.508867 0.224775 0.029953 0.034355
0 0.421852 0.232178 0.030922 0.034004
0 0.744953 0.227305 0.036094 0.035547
0 0.884727 0.419707 0.035922 0.037617
0 0.842313 0.564033 0.034750 0.036816
0 0.986875 0.182695 0.026250 0.034609
0 0.990062 0.236914 0.019281 0.039180
0 0.557945 0.252354 0.038109 0.035723
0 0.402313 0.096826 0.044875 0.041348
0 0.135055 0.132334 0.039922 0.036035
0 0.699953 0.254434 0.030531 0.030859
0 0.941914 0.256289 0.037172 0.038320
0 0.157062 0.101719 0.040437 0.038984
0 0.183570 0.056172 0.045047 0.035898
0 0.933352 0.992637 0.027422 0.014727
0 0.977320 0.869707 0.032859 0.041250
0 0.059641 0.741982 0.035187 0.037832