0 0.398227 0.141973 0.033609 0.039336
0 0.126805 0.303096 0.039078 0.041230
0 0.118602 0.366768 0.038453 0.042441
0 0.099867 0.464834 0.036391 0.036816
0 0.078992 0.606055 0.038453 0.034766
0 0.264187 0.511826 0.033531 0.032715
0 0.228289 0.766797 0.029859 0.034258
0 0.501078 0.476172 0.029031 0.029141
0 0.400563 0.800195 0.032719 0.033242
0 0.303211 0.454854 0.031484 0.036309
0 0.287906 0.367402 0.036406 0.033750
0 0.434492 0.548086 0.033953 0.034805
0 0.613078 0.577061 0.036219 0.038496
0 0.692531 0.442793 0.028625 0.027656
0 0.578031 0.823945 0.031906 0.037422
0 0.864328 0.338662 0.032875 0.034355
0 0.783742 0.723398 0.037797 0.034961
0 0.747531 0.847959 0.035844 0.033730
0 0.663664 0.144229 0.036297 0.036777
0 0.362117 0.178662 0.036797 0.034980
0 0.324859 0.212910 0.031031 0.036875
0 0.603320 0.178135 0.035359 0.035723
0 0.558719 0.208682 0.032844 0.032520
0 0.867672 0.177617 0.038594 0.039219
0 0.395313 0.359023 0.032875 0.034961
0 0.666641 0.423271 0.037188 0.035645
0 0.813906 0.216846 0.037250 0.034395
0 0.532469 0.379648 0.033719 0.034219
0 0.515164 0.243193 0.029953 0.034355
0 0.424289 0.251084 0.030922 0.034004
0 0.759031 0.248359 0.036094 0.035547
0 0.889422 0.442588 0.035937 0.037637
0 0.840516 0.585283 0.034750 0.036816
0 0.986680 0.183047 0.026578 0.034609
0 0.559859 0.277090 0.037969 0.035742
0 0.439742 0.098271 0.044859 0.041348
0 0.151977 0.133125 0.041141 0.036016
0 0.705953 0.279297 0.030531 0.030859
0 0.953164 0.282383 0.037172 0.038320
0 0.182484 0.099854 0.040437 0.038965
0 0.219750 0.048076 0.045031 0.036543
0 0.964773 0.887041 0.034047 0.041270
0 0.048102 0.743447 0.034859 0.037832