0 0.355477 0.133672 0.033578 0.039336
0 0.115531 0.301553 0.039094 0.041230
0 0.118602 0.367178 0.038453 0.042441
0 0.099547 0.462852 0.036406 0.036797
0 0.090867 0.602441 0.038453 0.034766
0 0.273414 0.494775 0.033547 0.032715
0 0.250305 0.758047 0.029859 0.034258
0 0.501180 0.475996 0.029047 0.029141
0 0.425336 0.782568 0.032734 0.033223
0 0.303211 0.454854 0.031484 0.036309
0 0.289602 0.347520 0.036391 0.033750
0 0.448805 0.518984 0.033953 0.034805
0 0.629250 0.540303 0.036406 0.038848
0 0.692672 0.442627 0.028625 0.027676
0 0.599484 0.797178 0.031906 0.037441
0 0.864328 0.338662 0.032875 0.034355
0 0.800000 0.689551 0.037781 0.034961
0 0.769227 0.817207 0.035828 0.033750
0 0.609445 0.135977 0.034953 0.035117
0 0.336352 0.163779 0.036797 0.034980
0 0.312836 0.190781 0.030891 0.036875
0 0.566344 0.161553 0.035344 0.035723
0 0.532750 0.183135 0.032844 0.032520
0 0.817008 0.155557 0.038609 0.039238
0 0.402289 0.329424 0.032891 0.034980
0 0.665102 0.388975 0.037297 0.035645
0 0.780047 0.189326 0.037250 0.034395
0 0.537828 0.345039 0.033875 0.034375
0 0.504844 0.212646 0.029938 0.034355
0 0.420195 0.219697 0.030922 0.034004
0 0.735406 0.213457 0.036094 0.035547
0 0.881430 0.404531 0.035922 0.037617
0 0.843328 0.550029 0.034750 0.036816
0 0.986875 0.182695 0.026250 0.034609
0 0.983875 0.221826 0.030469 0.039199
0 0.556695 0.235723 0.038109 0.035703
0 0.377187 0.095830 0.044875 0.041348
0 0.124180 0.131992 0.038953 0.036016
0 0.695828 0.237793 0.030531 0.030859
0 0.934258 0.239063 0.037172 0.038320
0 0.140578 0.102930 0.040437 0.038984
0 0.159313 0.061963 0.045031 0.035371
0 0.942820 0.985186 0.027422 0.025996
0 0.983250 0.858193 0.027250 0.041230
0 0.067273 0.740928 0.035172 0.037832