0 0.600703 0.197051 0.034312 0.039336
0 0.210148 0.324668 0.035453 0.032852
0 0.113750 0.371963 0.033375 0.034785
0 0.130711 0.472881 0.036391 0.036816
0 0.050367 0.609551 0.038453 0.034766
0 0.218383 0.595410 0.033547 0.030234
0 0.141617 0.799609 0.029859 0.034258
0 0.499062 0.480840 0.029031 0.026523
0 0.303836 0.863076 0.032734 0.033223
0 0.309063 0.455840 0.031875 0.027539
0 0.297523 0.457314 0.032891 0.031699
0 0.384383 0.664229 0.033953 0.034824
0 0.551586 0.735361 0.032828 0.031738
0 0.687023 0.445273 0.028641 0.027656
0 0.464328 0.923926 0.031906 0.037422
0 0.859242 0.339482 0.032891 0.032715
0 0.702586 0.874727 0.036547 0.034492
0 0.616688 0.979355 0.028094 0.024492
0 0.908531 0.214854 0.038969 0.041113
0 0.492922 0.266689 0.036000 0.033926
0 0.395516 0.320332 0.032906 0.034336
0 0.779555 0.275361 0.035359 0.035723
0 0.666578 0.338623 0.032844 0.032520
0 0.378297 0.505928 0.032875 0.034980
0 0.634641 0.611846 0.031156 0.031934
0 0.957531 0.367666 0.036219 0.034395
0 0.494430 0.563135 0.031109 0.031660
0 0.568086 0.404355 0.029953 0.034375
0 0.448312 0.408486 0.030938 0.034004
0 0.843391 0.424824 0.036094 0.035547
0 0.896820 0.630508 0.035922 0.037617
0 0.800281 0.754678 0.034750 0.036816
0 0.982961 0.189766 0.032516 0.034609
0 0.575531 0.463789 0.034625 0.033945
0 0.712719 0.126191 0.044875 0.041328
0 0.309922 0.170625 0.041125 0.036016
0 0.740719 0.476973 0.031250 0.033477
0 0.997453 0.492734 0.005094 0.038320
0 0.405328 0.103379 0.040438 0.038984
0 0.513687 0.025049 0.045031 0.036543
0 0.103742 0.173164 0.043859 0.040508
0 0.206812 0.012041 0.040719 0.024082
0 0.956828 0.911240 0.034000 0.036035
0 0.023984 0.336367 0.024000 0.028984