0 0.663602 0.222998 0.034297 0.039316
0 0.243641 0.338008 0.036094 0.033555
0 0.111914 0.371201 0.033391 0.034785
0 0.144758 0.481533 0.036391 0.036816
0 0.049148 0.609551 0.038453 0.034766
0 0.211258 0.621113 0.033547 0.030234
0 0.116680 0.806465 0.030484 0.034258
0 0.498313 0.481191 0.028750 0.026523
0 0.269844 0.883437 0.032719 0.033242
0 0.312641 0.493867 0.032437 0.029023
0 0.299070 0.461455 0.028297 0.025137
0 0.368711 0.699092 0.033953 0.034824
0 0.524305 0.786514 0.032828 0.031738
0 0.685773 0.444883 0.028641 0.027656
0 0.424430 0.951660 0.031891 0.037422
0 0.861766 0.344375 0.031000 0.031562
0 0.669484 0.919609 0.034687 0.033789
0 0.979891 0.251602 0.035781 0.041133
0 0.538945 0.301523 0.034828 0.032344
0 0.420336 0.364990 0.031672 0.030488
0 0.833055 0.317998 0.036453 0.033105
0 0.704234 0.391533 0.032844 0.032520
0 0.376867 0.552998 0.032891 0.034980
0 0.627922 0.671396 0.031156 0.031934
0 0.988977 0.421240 0.022047 0.034395
0 0.489961 0.616064 0.031109 0.031660
0 0.585797 0.459570 0.029938 0.034375
0 0.458086 0.456592 0.030922 0.034004
0 0.862937 0.484121 0.036094 0.035547
0 0.893156 0.693359 0.035937 0.037617
0 0.780734 0.811162 0.034750 0.036816
0 0.983344 0.190273 0.032062 0.034609
0 0.575531 0.526895 0.034625 0.033945
0 0.797398 0.145010 0.044859 0.041270
0 0.364891 0.192510 0.041125 0.036035
0 0.745188 0.542363 0.031250 0.033477
0 0.481461 0.115596 0.040453 0.038965
0 0.607734 0.029365 0.045031 0.036543
0 0.175195 0.159678 0.043859 0.040527
0 0.298219 0.009619 0.040719 0.019238
0 0.927008 0.960869 0.033984 0.030566
0 0.062055 0.313818 0.039922 0.035918