0 0.394000 0.141172 0.033562 0.039336
0 0.125391 0.302744 0.039094 0.041230
0 0.118602 0.366768 0.038453 0.042441
0 0.099867 0.464834 0.036391 0.036816
0 0.080055 0.606016 0.038453 0.034766
0 0.265461 0.509893 0.033547 0.032715
0 0.230273 0.765996 0.029859 0.034258
0 0.501180 0.475996 0.029047 0.029141
0 0.402438 0.798867 0.032719 0.033242
0 0.303211 0.454854 0.031484 0.036309
0 0.287687 0.365410 0.036406 0.033750
0 0.435445 0.545703 0.033953 0.034805
0 0.613977 0.573701 0.036391 0.038848
0 0.692672 0.442627 0.028625 0.027676
0 0.580406 0.821836 0.031906 0.037422
0 0.864328 0.338662 0.032875 0.034355
0 0.785117 0.720088 0.037797 0.034980
0 0.750461 0.844648 0.035828 0.033750
0 0.658094 0.142998 0.036187 0.036660
0 0.359680 0.177021 0.036797 0.034980
0 0.323445 0.210664 0.030891 0.036875
0 0.599711 0.176367 0.035359 0.035742
0 0.556453 0.206123 0.032844 0.032520
0 0.862336 0.175107 0.038609 0.039238
0 0.395555 0.355801 0.032891 0.034961
0 0.667008 0.419033 0.037297 0.035645
0 0.810797 0.213838 0.037250 0.034395
0 0.532891 0.375908 0.033875 0.034355
0 0.513891 0.239932 0.029938 0.034355
0 0.423930 0.247764 0.030922 0.034004
0 0.756875 0.244609 0.036094 0.035547
0 0.888852 0.438662 0.035922 0.037637
0 0.841039 0.581523 0.034766 0.036797
0 0.986875 0.182695 0.026250 0.034609
0 0.559500 0.273145 0.038125 0.035703
0 0.433727 0.098037 0.044859 0.041348
0 0.148656 0.132773 0.041125 0.036016
0 0.705109 0.275234 0.030531 0.030859
0 0.951484 0.277832 0.037156 0.038320
0 0.177687 0.100205 0.040437 0.038965
0 0.213883 0.048916 0.045047 0.036543
0 0.966984 0.884111 0.034062 0.041270
0 0.050102 0.743311 0.035172 0.037832