0 0.734570 0.257031 0.034297 0.039336
0 0.291203 0.356035 0.036094 0.033555
0 0.111914 0.371201 0.033391 0.034785
0 0.169203 0.486084 0.036406 0.036816
0 0.045688 0.608281 0.038437 0.034766
0 0.201023 0.651816 0.033547 0.030234
0 0.091312 0.812676 0.033375 0.034258
0 0.494734 0.482871 0.027406 0.026523
0 0.240852 0.899219 0.033047 0.033242
0 0.321906 0.533809 0.032781 0.029023
0 0.297695 0.463037 0.028297 0.033809
0 0.358063 0.737832 0.034063 0.034492
0 0.497773 0.839521 0.032828 0.031738
0 0.685773 0.444883 0.028641 0.027656
0 0.376898 0.982529 0.031891 0.033262
0 0.855672 0.347480 0.031969 0.029336
0 0.627063 0.971152 0.034687 0.031016
0 0.590922 0.343848 0.034812 0.032344
0 0.456289 0.414551 0.031328 0.030000
0 0.894195 0.375049 0.038422 0.038184
0 0.737750 0.453213 0.033312 0.032520
0 0.369320 0.611074 0.032891 0.034727
0 0.613641 0.732139 0.031156 0.031934
0 0.482578 0.681475 0.031656 0.031660
0 0.605602 0.523945 0.029953 0.034375
0 0.467383 0.520801 0.031422 0.033750
0 0.882156 0.552520 0.036094 0.035547
0 0.882883 0.768506 0.035922 0.037637
0 0.751008 0.865801 0.034516 0.036211
0 0.984875 0.192305 0.030250 0.034609
0 0.571406 0.599570 0.034625 0.033945
0 0.887187 0.178184 0.044500 0.041289
0 0.429758 0.223467 0.041141 0.036035
0 0.751359 0.619131 0.031719 0.033457
0 0.573461 0.138037 0.040453 0.038965
0 0.724172 0.043291 0.045031 0.036543
0 0.260148 0.154707 0.043328 0.040508
0 0.409156 0.010801 0.040719 0.020273
0 0.124664 0.293662 0.039922 0.035918
0 0.008078 0.425635 0.016156 0.033105
0 0.075250 0.082598 0.045563 0.039375