0 0.381164 0.138672 0.033578 0.039336
0 0.122102 0.302344 0.039078 0.041211
0 0.118602 0.366904 0.038453 0.042441
0 0.099766 0.464170 0.036406 0.036816
0 0.083664 0.604824 0.038453 0.034766
0 0.268109 0.504854 0.033531 0.032715
0 0.236945 0.763340 0.029859 0.034258
0 0.501180 0.475996 0.029047 0.029141
0 0.410062 0.793438 0.032719 0.033242
0 0.303211 0.454854 0.031484 0.036309
0 0.288328 0.359453 0.036406 0.033750
0 0.439898 0.536797 0.033953 0.034805
0 0.619063 0.562568 0.036406 0.038848
0 0.692672 0.442627 0.028625 0.027676
0 0.586766 0.813613 0.031906 0.037422
0 0.864328 0.338662 0.032875 0.034355
0 0.790070 0.709912 0.037797 0.034980
0 0.756727 0.835508 0.035828 0.033750
0 0.641875 0.140654 0.035781 0.036152
0 0.351906 0.172607 0.036813 0.034980
0 0.319906 0.204023 0.030875 0.036875
0 0.588586 0.171436 0.035359 0.035723
0 0.548562 0.198467 0.032844 0.032520
0 0.847227 0.168594 0.038609 0.039219
0 0.397805 0.347012 0.032891 0.034961
0 0.666375 0.409014 0.037312 0.035645
0 0.800547 0.205674 0.037250 0.034395
0 0.534539 0.365615 0.033859 0.034355
0 0.510875 0.230830 0.029938 0.034355
0 0.422695 0.238408 0.030922 0.034004
0 0.749719 0.234219 0.036094 0.035547
0 0.886375 0.427285 0.035937 0.037617
0 0.841797 0.571025 0.034750 0.036816
0 0.986875 0.182695 0.026250 0.034609
0 0.993156 0.244463 0.013687 0.039199
0 0.558570 0.260664 0.038109 0.035703
0 0.414883 0.097314 0.044859 0.041348
0 0.140500 0.132510 0.040406 0.036035
0 0.702016 0.262754 0.030531 0.030859
0 0.945742 0.264902 0.037172 0.038320
0 0.165313 0.101104 0.040437 0.038965
0 0.195695 0.053262 0.045047 0.036172
0 0.973562 0.875469 0.034094 0.041250
0 0.055820 0.742510 0.035172 0.037832