0 0.576883 0.187500 0.034297 0.039336
0 0.198375 0.319912 0.035125 0.032480
0 0.114664 0.372344 0.033391 0.034805
0 0.126125 0.469053 0.036406 0.036816
0 0.050367 0.609551 0.038453 0.034766
0 0.220820 0.585879 0.033547 0.030234
0 0.151383 0.796934 0.029859 0.034258
0 0.499062 0.480840 0.029031 0.026523
0 0.317883 0.854678 0.032734 0.033223
0 0.304844 0.457939 0.031594 0.026777
0 0.300023 0.447031 0.035172 0.033242
0 0.391398 0.650869 0.033953 0.034824
0 0.562578 0.715518 0.032813 0.031738
0 0.687648 0.445469 0.028641 0.027656
0 0.479289 0.913613 0.031891 0.037422
0 0.859242 0.338867 0.032891 0.033945
0 0.714648 0.858145 0.037484 0.034844
0 0.634070 0.965791 0.028078 0.031426
0 0.881359 0.203027 0.038969 0.041133
0 0.475516 0.253730 0.036594 0.034727
0 0.386969 0.303350 0.033531 0.036230
0 0.759711 0.260088 0.035359 0.035723
0 0.651313 0.318760 0.032844 0.032520
0 0.377992 0.488750 0.032891 0.034961
0 0.636469 0.588564 0.031156 0.031934
0 0.940906 0.347051 0.037000 0.034414
0 0.496273 0.543662 0.031109 0.031660
0 0.561367 0.383740 0.029953 0.034355
0 0.444344 0.391318 0.030937 0.034004
0 0.835766 0.402305 0.036094 0.035547
0 0.897734 0.607227 0.035937 0.037617
0 0.806992 0.732158 0.034766 0.036816
0 0.982961 0.189766 0.032516 0.034609
0 0.574922 0.440137 0.034625 0.033945
0 0.679742 0.120107 0.044859 0.041348
0 0.289164 0.162998 0.041141 0.036035
0 0.739187 0.452549 0.031250 0.033457
0 0.995414 0.477461 0.009172 0.038320
0 0.376930 0.099561 0.040453 0.038965
0 0.478883 0.024277 0.045047 0.036562
0 0.076867 0.179277 0.043859 0.040508
0 0.172922 0.013184 0.040719 0.026367
0 0.966906 0.891787 0.034000 0.036035
0 0.011461 0.345352 0.016047 0.025508