0 0.465805 0.154697 0.034203 0.039316
0 0.149422 0.308750 0.039094 0.041211
0 0.118602 0.366768 0.038453 0.042441
0 0.099867 0.464834 0.036391 0.036816
0 0.062031 0.606758 0.038437 0.034766
0 0.243828 0.542930 0.033531 0.032734
0 0.196633 0.779512 0.029859 0.034258
0 0.499461 0.478857 0.029047 0.029160
0 0.370594 0.821396 0.032719 0.033223
0 0.303211 0.454854 0.031484 0.036309
0 0.291297 0.399199 0.036406 0.033750
0 0.419227 0.586260 0.033953 0.034824
0 0.598633 0.630801 0.033359 0.032813
0 0.690383 0.445488 0.028641 0.027656
0 0.540156 0.857871 0.031906 0.037422
0 0.864328 0.338662 0.032875 0.034355
0 0.761680 0.776406 0.037797 0.034961
0 0.700602 0.900977 0.035828 0.033750
0 0.752727 0.163984 0.038016 0.038242
0 0.401133 0.204814 0.036797 0.034980
0 0.347484 0.248965 0.033313 0.036875
0 0.660992 0.206406 0.035359 0.035742
0 0.594906 0.249678 0.032844 0.032520
0 0.953055 0.217910 0.038609 0.039219
0 0.391352 0.410625 0.032891 0.034961
0 0.660703 0.491084 0.035500 0.035723
0 0.863672 0.264912 0.037250 0.034395
0 0.525711 0.439395 0.031516 0.032070
0 0.535516 0.295498 0.029938 0.034355
0 0.429945 0.304092 0.030922 0.034004
0 0.793531 0.308438 0.036094 0.035547
0 0.898461 0.505498 0.035922 0.037637
0 0.832031 0.645361 0.034750 0.036816
0 0.983547 0.188701 0.031594 0.034590
0 0.565516 0.340381 0.035719 0.036387
0 0.535961 0.101924 0.044859 0.041348
0 0.205125 0.138779 0.041125 0.036035
0 0.719531 0.344316 0.030531 0.030859
0 0.977430 0.355176 0.037172 0.038320
0 0.259391 0.094189 0.040437 0.038965
0 0.313617 0.034639 0.045047 0.036543
0 0.929367 0.934072 0.034047 0.041270
0 0.005656 0.215254 0.011219 0.047070
0 0.035625 0.022246 0.040719 0.038203
0 0.993742 0.808809 0.012516 0.035742
0 0.017367 0.745557 0.027922 0.037832