0 0.701773 0.240176 0.034297 0.039336
0 0.268578 0.347549 0.036094 0.033574
0 0.111914 0.371201 0.033391 0.034785
0 0.156969 0.484072 0.036406 0.036816
0 0.046094 0.609551 0.038437 0.034766
0 0.205656 0.637656 0.033531 0.030234
0 0.103172 0.810293 0.032031 0.034258
0 0.496430 0.482070 0.028047 0.026523
0 0.255078 0.892334 0.032719 0.033223
0 0.317219 0.515488 0.032438 0.029023
0 0.298383 0.463896 0.028297 0.033809
0 0.364633 0.719443 0.033953 0.034824
0 0.511070 0.815137 0.032828 0.031758
0 0.685773 0.444883 0.028641 0.027656
0 0.399500 0.969473 0.031906 0.037422
0 0.860602 0.344941 0.033797 0.033672
0 0.647094 0.948877 0.034687 0.033809
0 0.566938 0.323789 0.034813 0.032344
0 0.439680 0.391709 0.031672 0.030488
0 0.864266 0.350156 0.035844 0.033281
0 0.722047 0.424619 0.032844 0.032520
0 0.371781 0.584814 0.032875 0.034980
0 0.620281 0.703838 0.031156 0.031934
0 0.487922 0.651045 0.031125 0.031660
0 0.596484 0.494561 0.029937 0.034355
0 0.462664 0.490928 0.030922 0.034004
0 0.873625 0.519746 0.036094 0.035547
0 0.888578 0.734072 0.035937 0.037637
0 0.765469 0.839795 0.034750 0.036816
0 0.984297 0.191543 0.030938 0.034609
0 0.572484 0.566338 0.034625 0.033965
0 0.844219 0.161543 0.044875 0.041289
0 0.398477 0.209053 0.041141 0.036035
0 0.748750 0.583711 0.031250 0.033477
0 0.529805 0.127041 0.040453 0.038965
0 0.668805 0.036367 0.045047 0.036562
0 0.219469 0.156504 0.043844 0.040508
0 0.357250 0.009297 0.040719 0.018594
0 0.902836 0.984287 0.033984 0.023457
0 0.094617 0.302373 0.039922 0.035918
0 0.024039 0.102461 0.040516 0.039727