0 0.376883 0.137842 0.033578 0.039316
0 0.121008 0.302217 0.039078 0.041230
0 0.118602 0.366943 0.038453 0.042441
0 0.099727 0.463955 0.036391 0.036816
0 0.084859 0.604424 0.038437 0.034785
0 0.268992 0.503174 0.033547 0.032715
0 0.239180 0.762461 0.029859 0.034258
0 0.501180 0.475996 0.029047 0.029141
0 0.412609 0.791621 0.032719 0.033242
0 0.303211 0.454854 0.031484 0.036309
0 0.288547 0.357461 0.036406 0.033750
0 0.441383 0.533828 0.033953 0.034805
0 0.620766 0.558857 0.036406 0.038848
0 0.692672 0.442627 0.028625 0.027676
0 0.588891 0.810879 0.031906 0.037422
0 0.864328 0.338662 0.032875 0.034355
0 0.791727 0.706514 0.037797 0.034980
0 0.758805 0.832461 0.035828 0.033750
0 0.636477 0.139873 0.035641 0.035957
0 0.349320 0.171133 0.036797 0.034961
0 0.318727 0.201816 0.030891 0.036875
0 0.584883 0.169785 0.035359 0.035742
0 0.545922 0.195908 0.032844 0.032520
0 0.842187 0.166416 0.038594 0.039238
0 0.398555 0.344072 0.032891 0.034980
0 0.666164 0.405674 0.037297 0.035645
0 0.797125 0.202939 0.037250 0.034395
0 0.535086 0.362197 0.033859 0.034355
0 0.509875 0.227803 0.029937 0.034355
0 0.422273 0.235283 0.030922 0.034004
0 0.747344 0.230762 0.036094 0.035547
0 0.885555 0.423496 0.035922 0.037617
0 0.842062 0.567529 0.034750 0.036816
0 0.986875 0.182695 0.026250 0.034609
0 0.991609 0.240693 0.016500 0.039199
0 0.558258 0.256504 0.038109 0.035703
0 0.408602 0.097061 0.044859 0.041348
0 0.137773 0.132422 0.040172 0.036016
0 0.700984 0.258594 0.030531 0.030859
0 0.943828 0.260605 0.037156 0.038320
0 0.161187 0.101416 0.040437 0.038965
0 0.189633 0.054717 0.045047 0.036035
0 0.931656 0.992637 0.030813 0.014727
0 0.975758 0.872598 0.034109 0.041250
0 0.057734 0.742256 0.035187 0.037832