0 0.560023 0.181455 0.034297 0.039316
0 0.190383 0.317471 0.035422 0.033262
0 0.115336 0.371895 0.033891 0.035547
0 0.122125 0.467490 0.036406 0.036816
0 0.050977 0.609277 0.037984 0.034766
0 0.223477 0.579307 0.033547 0.030488
0 0.158242 0.794629 0.029859 0.034258
0 0.499062 0.480703 0.029031 0.026797
0 0.326805 0.849229 0.032734 0.033223
0 0.303211 0.459492 0.031484 0.027031
0 0.300203 0.439355 0.036406 0.033750
0 0.395828 0.640850 0.033937 0.034824
0 0.569367 0.702119 0.032828 0.031738
0 0.688070 0.445605 0.028641 0.027656
0 0.489156 0.905586 0.031906 0.037422
0 0.859750 0.338662 0.032875 0.034355
0 0.722562 0.845986 0.037781 0.034980
0 0.645055 0.956230 0.028859 0.033750
0 0.862141 0.195771 0.038906 0.040840
0 0.463586 0.245439 0.036797 0.034980
0 0.380883 0.293477 0.033734 0.036875
0 0.745352 0.250811 0.035359 0.035723
0 0.641906 0.306758 0.032844 0.032500
0 0.379523 0.476797 0.032891 0.034961
0 0.639375 0.573076 0.031594 0.032324
0 0.929125 0.333555 0.037250 0.034414
0 0.499711 0.528525 0.031109 0.031660
0 0.557563 0.369346 0.029938 0.034355
0 0.441836 0.378701 0.030922 0.034004
0 0.829891 0.387285 0.036094 0.035547
0 0.898250 0.591250 0.035937 0.037617
0 0.811359 0.717852 0.034750 0.036797
0 0.982961 0.189766 0.032516 0.034609
0 0.573906 0.424248 0.034687 0.034199
0 0.657023 0.116514 0.044859 0.041348
0 0.275531 0.158389 0.041125 0.036035
0 0.737187 0.435791 0.031250 0.033730
0 0.993266 0.459600 0.013469 0.038340
0 0.358094 0.097773 0.040437 0.038984
0 0.453672 0.024834 0.045031 0.036543
0 0.885609 0.988984 0.034063 0.019570
0 0.060820 0.183848 0.042234 0.041172
0 0.150547 0.014111 0.040719 0.028223
0 0.972641 0.878330 0.032250 0.036035
0 0.005656 0.350938 0.010719 0.022852