0 0.686508 0.233301 0.034297 0.039336
0 0.258609 0.343740 0.036094 0.033574
0 0.111914 0.371201 0.033391 0.034785
0 0.152086 0.483057 0.036391 0.036816
0 0.047320 0.609551 0.038453 0.034766
0 0.207898 0.631035 0.033547 0.030234
0 0.108578 0.808760 0.031406 0.034238
0 0.497180 0.481719 0.028328 0.026523
0 0.260984 0.888770 0.032719 0.033242
0 0.315391 0.506836 0.032437 0.029023
0 0.298687 0.464277 0.028313 0.033789
0 0.366258 0.711309 0.033953 0.034805
0 0.516367 0.803682 0.032828 0.031738
0 0.685773 0.444883 0.028641 0.027656
0 0.409469 0.962344 0.031906 0.037422
0 0.862063 0.344336 0.032375 0.030586
0 0.656047 0.937168 0.034688 0.033789
0 0.995234 0.270010 0.009531 0.041113
0 0.555734 0.314883 0.034813 0.032344
0 0.431945 0.381025 0.031672 0.030488
0 0.846703 0.336221 0.030063 0.029316
0 0.714922 0.411387 0.032844 0.032500
0 0.373820 0.572090 0.032891 0.034961
0 0.623344 0.690859 0.031156 0.031914
0 0.996016 0.439424 0.007969 0.034395
0 0.488734 0.637051 0.031125 0.031641
0 0.592203 0.480566 0.029937 0.034375
0 0.460836 0.477197 0.030922 0.034004
0 0.869344 0.505488 0.036094 0.035547
0 0.890406 0.717783 0.035937 0.037637
0 0.771578 0.828350 0.034750 0.036816
0 0.983914 0.191035 0.031391 0.034609
0 0.573703 0.550566 0.034625 0.033945
0 0.825492 0.154932 0.044859 0.041270
0 0.385039 0.202432 0.041141 0.036035
0 0.747328 0.567178 0.031250 0.033457
0 0.510469 0.122461 0.040437 0.038984
0 0.644375 0.033564 0.045031 0.036543
0 0.201758 0.157773 0.043859 0.040508
0 0.333633 0.009424 0.040703 0.018848
0 0.912500 0.974922 0.034000 0.026289
0 0.081594 0.306943 0.039906 0.035918
0 0.011539 0.113779 0.021547 0.037246