0 0.709398 0.243613 0.034297 0.039336
0 0.273570 0.349463 0.036109 0.033574
0 0.111914 0.371201 0.033391 0.034785
0 0.159414 0.484580 0.036391 0.036816
0 0.045484 0.609551 0.038437 0.034766
0 0.204539 0.640957 0.033547 0.030234
0 0.100469 0.811055 0.032344 0.034258
0 0.496055 0.482256 0.027891 0.026543
0 0.252133 0.894121 0.032734 0.033242
0 0.318133 0.519824 0.032453 0.029023
0 0.298227 0.463701 0.028297 0.033809
0 0.363820 0.723525 0.033953 0.034824
0 0.508430 0.820859 0.032828 0.031758
0 0.685773 0.444883 0.028641 0.027656
0 0.394500 0.973027 0.031906 0.037422
0 0.858953 0.345781 0.033188 0.032227
0 0.642609 0.954727 0.034687 0.033789
0 0.572531 0.328242 0.034813 0.032344
0 0.443539 0.397061 0.031672 0.030488
0 0.873078 0.355908 0.035313 0.034277
0 0.725609 0.431240 0.032844 0.032520
0 0.370766 0.591172 0.032875 0.034961
0 0.618766 0.710322 0.031156 0.031934
0 0.487508 0.658037 0.031109 0.031660
0 0.598617 0.501553 0.029953 0.034355
0 0.463586 0.497803 0.030922 0.034004
0 0.875766 0.526855 0.036094 0.035547
0 0.887656 0.742217 0.035937 0.037637
0 0.762406 0.845518 0.034750 0.036816
0 0.984492 0.191797 0.030703 0.034609
0 0.571875 0.574229 0.034625 0.033965
0 0.853586 0.164854 0.044859 0.041270
0 0.405187 0.212363 0.041125 0.036016
0 0.749469 0.591982 0.031250 0.033457
0 0.539469 0.129326 0.040437 0.038965
0 0.681016 0.037764 0.045031 0.036543
0 0.228320 0.155859 0.043859 0.040508
0 0.369055 0.009238 0.040703 0.018477
0 0.898000 0.988975 0.034000 0.022051
0 0.101133 0.300078 0.039922 0.035938
0 0.033031 0.097441 0.045562 0.039375