0 0.410891 0.144355 0.033719 0.039336
0 0.131039 0.304160 0.039078 0.041211
0 0.118602 0.366768 0.038453 0.042441
0 0.099867 0.464834 0.036391 0.036816
0 0.075812 0.606191 0.038437 0.034766
0 0.260367 0.517666 0.033547 0.032715
0 0.222352 0.769180 0.029859 0.034258
0 0.500773 0.476670 0.029047 0.029160
0 0.394937 0.804170 0.032719 0.033223
0 0.303211 0.454854 0.031484 0.036309
0 0.288547 0.373359 0.036406 0.033750
0 0.431633 0.555244 0.033953 0.034824
0 0.610375 0.587139 0.035687 0.037441
0 0.692133 0.443301 0.028641 0.027656
0 0.570937 0.830313 0.031906 0.037422
0 0.864328 0.338662 0.032875 0.034355
0 0.779602 0.733340 0.037797 0.034961
0 0.738734 0.857900 0.035844 0.033730
0 0.680359 0.147930 0.036625 0.037031
0 0.369437 0.183564 0.036813 0.034980
0 0.329102 0.219668 0.031453 0.036875
0 0.614133 0.183437 0.035359 0.035742
0 0.565500 0.216377 0.032844 0.032520
0 0.883680 0.185176 0.038609 0.039219
0 0.394570 0.368701 0.032891 0.034980
0 0.665523 0.435977 0.036891 0.035664
0 0.823234 0.225850 0.037250 0.034395
0 0.531203 0.390850 0.033312 0.033809
0 0.518984 0.253008 0.029938 0.034375
0 0.425352 0.261025 0.030922 0.034004
0 0.765500 0.259629 0.036094 0.035547
0 0.891117 0.454385 0.035922 0.037637
0 0.838922 0.596543 0.034750 0.036797
0 0.986094 0.184102 0.027500 0.034609
0 0.560914 0.288965 0.037547 0.035859
0 0.457781 0.098955 0.044875 0.041348
0 0.161938 0.134180 0.041125 0.036016
0 0.708500 0.291484 0.030531 0.030859
0 0.958195 0.296035 0.037172 0.038320
0 0.196906 0.098789 0.040438 0.038984
0 0.237352 0.045557 0.045047 0.036543
0 0.958133 0.895869 0.034047 0.041270
0 0.042125 0.743838 0.033906 0.037832