0 0.608641 0.200225 0.034312 0.039316
0 0.214062 0.326260 0.035562 0.032949
0 0.113445 0.371826 0.033391 0.034785
0 0.132234 0.474150 0.036406 0.036816
0 0.050367 0.609551 0.038453 0.034766
0 0.217570 0.598594 0.033547 0.030234
0 0.138352 0.800488 0.029859 0.034258
0 0.499062 0.480840 0.029031 0.026523
0 0.299156 0.865879 0.032719 0.033242
0 0.309359 0.460742 0.031969 0.027773
0 0.297703 0.460518 0.032344 0.031191
0 0.382039 0.668682 0.033953 0.034824
0 0.547922 0.741982 0.032813 0.031738
0 0.686813 0.445215 0.028625 0.027656
0 0.459344 0.927363 0.031906 0.037422
0 0.859242 0.339688 0.032891 0.032305
0 0.698555 0.880264 0.036234 0.034395
0 0.610891 0.983867 0.028094 0.022188
0 0.917594 0.218799 0.038969 0.041113
0 0.498727 0.271016 0.035797 0.033672
0 0.398367 0.325996 0.032703 0.033672
0 0.786172 0.280449 0.035344 0.035742
0 0.671672 0.345225 0.032844 0.032520
0 0.378398 0.511650 0.032891 0.034980
0 0.634031 0.619609 0.031156 0.031914
0 0.963078 0.374541 0.035969 0.034395
0 0.493820 0.569619 0.031109 0.031660
0 0.570328 0.411221 0.029937 0.034355
0 0.449633 0.414209 0.030922 0.034004
0 0.845938 0.432324 0.036094 0.035547
0 0.896516 0.638271 0.035937 0.037637
0 0.798031 0.762178 0.034750 0.036816
0 0.982961 0.189766 0.032516 0.034609
0 0.575734 0.471680 0.034625 0.033945
0 0.723711 0.128232 0.044859 0.041309
0 0.316844 0.173174 0.041125 0.036035
0 0.741219 0.485107 0.031250 0.033457
0 0.414797 0.104648 0.040438 0.038984
0 0.525289 0.025303 0.045047 0.036543
0 0.112695 0.171133 0.043859 0.040508
0 0.218109 0.011650 0.040719 0.023301
0 0.953469 0.917725 0.034000 0.036035
0 0.028156 0.333369 0.026656 0.030137