0 0.444680 0.150723 0.034016 0.039336
0 0.142352 0.306982 0.039078 0.041230
0 0.118602 0.366768 0.038453 0.042441
0 0.099867 0.464834 0.036391 0.036816
0 0.067336 0.606543 0.038453 0.034766
0 0.250195 0.533213 0.033547 0.032715
0 0.206523 0.775547 0.029859 0.034258
0 0.499969 0.478018 0.029031 0.029160
0 0.379953 0.814775 0.032719 0.033223
0 0.303211 0.454854 0.031484 0.036309
0 0.290234 0.389258 0.036406 0.033750
0 0.423992 0.574326 0.033953 0.034824
0 0.603148 0.613994 0.034266 0.034590
0 0.691055 0.444648 0.028641 0.027656
0 0.551984 0.847275 0.031906 0.037441
0 0.864328 0.338662 0.032875 0.034355
0 0.768570 0.759844 0.037797 0.034961
0 0.715266 0.884404 0.035844 0.033730
0 0.724891 0.157812 0.037469 0.037773
0 0.388945 0.196641 0.036797 0.034961
0 0.340406 0.237695 0.032594 0.036875
0 0.642969 0.197568 0.035344 0.035723
0 0.583594 0.236875 0.032844 0.032500
0 0.926367 0.205322 0.038609 0.039238
0 0.392586 0.394502 0.032891 0.034980
0 0.662562 0.469893 0.036031 0.035684
0 0.848125 0.249893 0.037250 0.034395
0 0.527828 0.420723 0.032219 0.032734
0 0.529156 0.279160 0.029938 0.034375
0 0.428180 0.287529 0.030922 0.034004
0 0.782750 0.289668 0.036094 0.035547
0 0.895641 0.485840 0.035937 0.037617
0 0.834672 0.626582 0.034750 0.036797
0 0.984523 0.186934 0.030016 0.034609
0 0.563742 0.320605 0.036422 0.036211
0 0.505898 0.100791 0.044859 0.041348
0 0.188516 0.137012 0.041125 0.036016
0 0.715281 0.324004 0.030531 0.030859
0 0.971187 0.332422 0.037156 0.038320
0 0.235359 0.095967 0.040437 0.038965
0 0.284281 0.038838 0.045031 0.036543
0 0.940430 0.919365 0.034047 0.041270
0 0.016148 0.029766 0.032297 0.036758
0 0.026164 0.744902 0.031359 0.037852