0 0.432016 0.148340 0.033906 0.039336
0 0.138109 0.305928 0.039094 0.041230
0 0.118602 0.366768 0.038453 0.042441
0 0.099867 0.464834 0.036391 0.036816
0 0.070508 0.606406 0.038453 0.034766
0 0.254008 0.527383 0.033547 0.032734
0 0.212461 0.773154 0.029859 0.034238
0 0.500273 0.477520 0.029047 0.029141
0 0.385578 0.810801 0.032719 0.033242
0 0.303211 0.454854 0.031484 0.036309
0 0.289602 0.383301 0.036391 0.033750
0 0.426859 0.567178 0.033938 0.034824
0 0.605852 0.603926 0.034797 0.035664
0 0.691453 0.444141 0.028625 0.027656
0 0.559094 0.840918 0.031906 0.037422
0 0.864328 0.338662 0.032875 0.034355
0 0.772711 0.749902 0.037797 0.034961
0 0.724070 0.874473 0.035828 0.033750
0 0.708195 0.154102 0.037141 0.037500
0 0.381633 0.191738 0.036797 0.034961
0 0.336164 0.230938 0.032172 0.036875
0 0.632156 0.192275 0.035344 0.035723
0 0.576812 0.229189 0.032844 0.032520
0 0.910359 0.197764 0.038594 0.039238
0 0.393336 0.384824 0.032891 0.034961
0 0.663672 0.457178 0.036344 0.035684
0 0.838781 0.240869 0.037250 0.034395
0 0.529094 0.409521 0.032625 0.033145
0 0.525344 0.269346 0.029938 0.034355
0 0.427117 0.277588 0.030922 0.034004
0 0.776281 0.278398 0.036094 0.035547
0 0.893938 0.474043 0.035937 0.037617
0 0.836266 0.615322 0.034750 0.036816
0 0.985117 0.185879 0.029078 0.034609
0 0.562688 0.308740 0.036844 0.036074
0 0.487852 0.100098 0.044859 0.041367
0 0.178555 0.135947 0.041141 0.036035
0 0.712742 0.311816 0.030547 0.030859
0 0.966578 0.318779 0.037156 0.038340
0 0.220938 0.097021 0.040437 0.038965
0 0.266680 0.041357 0.045047 0.036543
0 0.947070 0.910557 0.034047 0.041270
0 0.009828 0.036299 0.019656 0.034551
0 0.032156 0.744502 0.032313 0.037832