0 0.747758 0.265762 0.034297 0.039336
0 0.301406 0.359717 0.036094 0.033574
0 0.111914 0.371201 0.033391 0.034785
0 0.175750 0.486748 0.036406 0.036816
0 0.047586 0.606582 0.038453 0.034766
0 0.199320 0.657461 0.033547 0.030234
0 0.086289 0.812812 0.033891 0.034258
0 0.493977 0.483223 0.027109 0.026523
0 0.233672 0.901260 0.033500 0.033223
0 0.324492 0.540918 0.033234 0.029023
0 0.297383 0.462646 0.028297 0.033809
0 0.352563 0.746064 0.034188 0.034082
0 0.490633 0.849150 0.032828 0.031738
0 0.685773 0.444883 0.028641 0.027656
0 0.366719 0.985684 0.031906 0.027695
0 0.855672 0.347480 0.031969 0.029336
0 0.618266 0.977451 0.034688 0.027324
0 0.600500 0.352783 0.034812 0.032324
0 0.462961 0.423623 0.030859 0.029316
0 0.902844 0.386953 0.038438 0.037734
0 0.744437 0.464873 0.033906 0.032520
0 0.370102 0.620645 0.032891 0.034414
0 0.610891 0.743916 0.031156 0.031934
0 0.477078 0.694053 0.032375 0.031660
0 0.609219 0.535137 0.029938 0.034375
0 0.470000 0.533154 0.032094 0.033418
0 0.884984 0.567734 0.036094 0.035547
0 0.878953 0.781865 0.035937 0.037637
0 0.743938 0.877588 0.034219 0.035449
0 0.984875 0.192305 0.030250 0.034609
0 0.572438 0.612344 0.034625 0.033945
0 0.907008 0.187139 0.044016 0.041270
0 0.444602 0.229453 0.041141 0.036016
0 0.751992 0.633262 0.032359 0.033477
0 0.592484 0.143525 0.040437 0.038965
0 0.749148 0.046924 0.045047 0.036543
0 0.278961 0.154883 0.042609 0.040508
0 0.431148 0.013057 0.040703 0.023027
0 0.138672 0.291201 0.039906 0.035918
0 0.010664 0.418643 0.021328 0.036934
0 0.098969 0.075518 0.045563 0.039395