0 0.588789 0.192275 0.034297 0.039316
0 0.204258 0.322285 0.035297 0.032656
0 0.114211 0.372148 0.033391 0.034805
0 0.128422 0.470967 0.036406 0.036816
0 0.050367 0.609551 0.038453 0.034766
0 0.219602 0.590645 0.033547 0.030234
0 0.146508 0.798262 0.029859 0.034258
0 0.499062 0.480840 0.029031 0.026523
0 0.310859 0.858877 0.032719 0.033223
0 0.307289 0.455215 0.031734 0.027148
0 0.298375 0.452842 0.033312 0.032480
0 0.387891 0.657549 0.033938 0.034824
0 0.557086 0.725439 0.032828 0.031738
0 0.687336 0.445371 0.028641 0.027656
0 0.471813 0.918770 0.031906 0.037422
0 0.859242 0.339170 0.032891 0.033340
0 0.708617 0.866436 0.037016 0.034668
0 0.625383 0.972568 0.028078 0.027949
0 0.894945 0.208936 0.038984 0.041113
0 0.484219 0.260205 0.036313 0.034316
0 0.391242 0.311836 0.033234 0.035273
0 0.769633 0.267725 0.035359 0.035723
0 0.658938 0.328691 0.032844 0.032500
0 0.378141 0.497344 0.032875 0.034961
0 0.635547 0.600205 0.031156 0.031934
0 0.949219 0.357354 0.036594 0.034395
0 0.495352 0.553398 0.031109 0.031641
0 0.564727 0.394053 0.029953 0.034355
0 0.446328 0.399912 0.030938 0.034004
0 0.839578 0.413574 0.036094 0.035547
0 0.897281 0.618867 0.035937 0.037617
0 0.803641 0.743428 0.034750 0.036816
0 0.982961 0.189766 0.032516 0.034609
0 0.575234 0.451963 0.034625 0.033965
0 0.696227 0.123145 0.044859 0.041328
0 0.299547 0.166816 0.041125 0.036016
0 0.739953 0.464756 0.031250 0.033457
0 0.996945 0.488916 0.006109 0.038340
0 0.391125 0.101475 0.040437 0.038965
0 0.496281 0.024658 0.045031 0.036543
0 0.090305 0.176211 0.043859 0.040508
0 0.189867 0.012607 0.040703 0.025215
0 0.961867 0.901514 0.033984 0.036035
0 0.017719 0.340859 0.020031 0.027266