0 0.636430 0.211357 0.034297 0.039316
0 0.227789 0.331807 0.035922 0.033379
0 0.112375 0.371387 0.033375 0.034805
0 0.137578 0.478604 0.036406 0.036816
0 0.050367 0.609551 0.038453 0.034766
0 0.214719 0.609727 0.033531 0.030234
0 0.126961 0.803613 0.029859 0.034258
0 0.499062 0.480840 0.029031 0.026523
0 0.282766 0.875674 0.032719 0.033223
0 0.310375 0.477871 0.032312 0.028633
0 0.298570 0.463945 0.029516 0.028477
0 0.373844 0.684268 0.033937 0.034824
0 0.535102 0.765137 0.032828 0.031758
0 0.686086 0.444980 0.028641 0.027656
0 0.441891 0.939375 0.031906 0.037422
0 0.859242 0.340410 0.032891 0.030859
0 0.684477 0.899619 0.035141 0.033965
0 0.596094 0.993828 0.028094 0.012344
0 0.949297 0.232598 0.038969 0.041133
0 0.519039 0.286133 0.035109 0.032734
0 0.408336 0.345811 0.031984 0.031465
0 0.809320 0.298262 0.035359 0.035742
0 0.689484 0.368389 0.032844 0.032520
0 0.378758 0.531689 0.032891 0.034980
0 0.631891 0.646777 0.031156 0.031914
0 0.982469 0.398584 0.035063 0.034395
0 0.491687 0.592334 0.031125 0.031660
0 0.578156 0.435273 0.029938 0.034375
0 0.454273 0.434248 0.030922 0.034004
0 0.854844 0.458613 0.036094 0.035547
0 0.895445 0.665430 0.035922 0.037617
0 0.790203 0.788457 0.034750 0.036797
0 0.982961 0.189766 0.032516 0.034609
0 0.576453 0.499297 0.034625 0.033945
0 0.762180 0.135332 0.044859 0.041289
0 0.341070 0.182080 0.041141 0.036035
0 0.743000 0.513613 0.031250 0.033477
0 0.447922 0.109102 0.040437 0.038984
0 0.565898 0.026191 0.045047 0.036562
0 0.144047 0.164004 0.043844 0.040508
0 0.257656 0.010322 0.040719 0.020645
0 0.941719 0.940439 0.034000 0.036035
0 0.042766 0.322891 0.035937 0.034180