0 0.717039 0.247041 0.034297 0.039316
0 0.278562 0.351367 0.036094 0.033555
0 0.111914 0.371201 0.033391 0.034785
0 0.161859 0.485088 0.036406 0.036816
0 0.044867 0.609551 0.038453 0.034766
0 0.203414 0.644277 0.033547 0.030234
0 0.097781 0.811816 0.032656 0.034258
0 0.495672 0.482432 0.027750 0.026543
0 0.249180 0.895898 0.032734 0.033242
0 0.319055 0.524141 0.032453 0.029023
0 0.298070 0.463506 0.028297 0.033809
0 0.363008 0.727588 0.033953 0.034824
0 0.505789 0.826592 0.032828 0.031738
0 0.685773 0.444883 0.028641 0.027656
0 0.389516 0.976592 0.031906 0.037441
0 0.857313 0.346641 0.032563 0.030781
0 0.638133 0.960586 0.034672 0.033789
0 0.578125 0.332695 0.034812 0.032344
0 0.447414 0.402402 0.031672 0.030508
0 0.880273 0.362178 0.028047 0.029785
0 0.729172 0.437842 0.032844 0.032520
0 0.369742 0.597529 0.032891 0.034980
0 0.617234 0.716816 0.031156 0.031914
0 0.487102 0.665039 0.031109 0.031641
0 0.600750 0.508555 0.029938 0.034375
0 0.464492 0.504678 0.030922 0.034004
0 0.877906 0.533984 0.036094 0.035547
0 0.886742 0.750352 0.035922 0.037617
0 0.759359 0.851240 0.034750 0.036816
0 0.984680 0.192051 0.030484 0.034609
0 0.571266 0.582109 0.034625 0.033945
0 0.862945 0.168154 0.044859 0.041270
0 0.411906 0.215664 0.041125 0.036016
0 0.750180 0.600254 0.031234 0.033477
0 0.549141 0.131621 0.040437 0.038984
0 0.693227 0.039170 0.045047 0.036543
0 0.237180 0.155225 0.043859 0.040527
0 0.380859 0.009170 0.040719 0.018340
0 0.892906 0.993428 0.034000 0.013145
0 0.107648 0.297783 0.039922 0.035918
0 0.044563 0.092139 0.045563 0.039395