0 0.406672 0.143564 0.033688 0.039316
0 0.129633 0.303799 0.039078 0.041230
0 0.118602 0.366768 0.038453 0.042441
0 0.099867 0.464834 0.036391 0.036816
0 0.076875 0.606152 0.038437 0.034766
0 0.261641 0.515723 0.033531 0.032734
0 0.224336 0.768379 0.029859 0.034258
0 0.500883 0.476504 0.029047 0.029141
0 0.396813 0.802842 0.032719 0.033223
0 0.303211 0.454854 0.031484 0.036309
0 0.288328 0.371367 0.036406 0.033750
0 0.432586 0.552861 0.033953 0.034824
0 0.611273 0.583779 0.035859 0.037793
0 0.692266 0.443125 0.028625 0.027656
0 0.573297 0.828184 0.031906 0.037422
0 0.864328 0.338662 0.032875 0.034355
0 0.780977 0.730029 0.037797 0.034980
0 0.741664 0.854590 0.035828 0.033750
0 0.674797 0.146699 0.036500 0.036953
0 0.366992 0.181934 0.036797 0.034961
0 0.327688 0.217422 0.031313 0.036875
0 0.610523 0.181670 0.035359 0.035723
0 0.563234 0.213818 0.032844 0.032520
0 0.878344 0.182656 0.038594 0.039219
0 0.394820 0.365479 0.032891 0.034980
0 0.665898 0.431738 0.036984 0.035664
0 0.820125 0.222852 0.037250 0.034414
0 0.531617 0.387109 0.033453 0.033945
0 0.517703 0.249736 0.029938 0.034355
0 0.424992 0.257705 0.030922 0.034004
0 0.763344 0.255859 0.036094 0.035547
0 0.890547 0.450459 0.035937 0.037637
0 0.839453 0.592783 0.034750 0.036816
0 0.986281 0.183750 0.027187 0.034609
0 0.560562 0.285010 0.037688 0.035840
0 0.451773 0.098721 0.044859 0.041348
0 0.158617 0.133828 0.041141 0.036016
0 0.707656 0.287422 0.030531 0.030859
0 0.956516 0.291484 0.037156 0.038320
0 0.192102 0.099141 0.040453 0.038984
0 0.231484 0.046396 0.045031 0.036543
0 0.960344 0.892920 0.034062 0.041270
0 0.044117 0.743701 0.034234 0.037832