0 0.667414 0.224717 0.034297 0.039316
0 0.246141 0.338965 0.036094 0.033555
0 0.111914 0.371201 0.033391 0.034785
0 0.145984 0.481787 0.036406 0.036816
0 0.048836 0.609551 0.038453 0.034766
0 0.210695 0.622773 0.033547 0.030234
0 0.115320 0.806855 0.030641 0.034258
0 0.498125 0.481289 0.028688 0.026523
0 0.268359 0.884326 0.032719 0.033223
0 0.313102 0.496035 0.032453 0.029023
0 0.299070 0.464756 0.028297 0.033809
0 0.368297 0.701123 0.033937 0.034824
0 0.522984 0.789375 0.032813 0.031758
0 0.685773 0.444883 0.028641 0.027656
0 0.421937 0.953437 0.031906 0.037422
0 0.861625 0.343799 0.030500 0.031426
0 0.667242 0.922539 0.034672 0.033789
0 0.982586 0.254883 0.031859 0.041133
0 0.541750 0.303750 0.034813 0.032344
0 0.422273 0.367666 0.031672 0.030488
0 0.835328 0.321045 0.035375 0.032480
0 0.706016 0.394854 0.032844 0.032520
0 0.376367 0.556182 0.032891 0.034980
0 0.627156 0.674639 0.031156 0.031934
0 0.990141 0.424326 0.019719 0.034395
0 0.489758 0.619561 0.031109 0.031660
0 0.586859 0.463076 0.029938 0.034355
0 0.458539 0.460010 0.030922 0.034004
0 0.864008 0.487676 0.036078 0.035547
0 0.892695 0.697432 0.035922 0.037637
0 0.779203 0.814033 0.034750 0.036816
0 0.983430 0.190391 0.031953 0.034609
0 0.575234 0.530840 0.034625 0.033945
0 0.802078 0.146660 0.044875 0.041289
0 0.368250 0.194160 0.041125 0.036016
0 0.745547 0.546494 0.031250 0.033457
0 0.486297 0.116738 0.040437 0.038984
0 0.613844 0.030068 0.045031 0.036543
0 0.179617 0.159355 0.043859 0.040508
0 0.304117 0.009590 0.040703 0.019180
0 0.924594 0.963203 0.034000 0.029844
0 0.065305 0.312676 0.039922 0.035938