0 0.427789 0.147539 0.033859 0.039336
0 0.136695 0.305566 0.039078 0.041211
0 0.118602 0.366768 0.038453 0.042441
0 0.099867 0.464834 0.036391 0.036816
0 0.071570 0.606367 0.038453 0.034766
0 0.255281 0.525439 0.033531 0.032715
0 0.214445 0.772363 0.029859 0.034258
0 0.500375 0.477344 0.029031 0.029141
0 0.387453 0.809473 0.032719 0.033242
0 0.303211 0.454854 0.031484 0.036309
0 0.289391 0.381309 0.036406 0.033750
0 0.427813 0.564785 0.033938 0.034805
0 0.606758 0.600566 0.034984 0.036016
0 0.691594 0.443965 0.028625 0.027656
0 0.561461 0.838789 0.031891 0.037422
0 0.864328 0.338662 0.032875 0.034355
0 0.774086 0.746592 0.037797 0.034980
0 0.727000 0.871152 0.035844 0.033750
0 0.702633 0.152881 0.037047 0.037402
0 0.379195 0.190107 0.036797 0.034980
0 0.334750 0.228672 0.032031 0.036875
0 0.628547 0.190498 0.035344 0.035723
0 0.574547 0.226631 0.032844 0.032520
0 0.905023 0.195244 0.038609 0.039238
0 0.393578 0.381602 0.032875 0.034961
0 0.664039 0.452939 0.036453 0.035684
0 0.835672 0.237871 0.037250 0.034414
0 0.529508 0.405781 0.032766 0.033281
0 0.524070 0.266084 0.029953 0.034355
0 0.426758 0.274268 0.030922 0.034004
0 0.774125 0.274648 0.036094 0.035547
0 0.893375 0.470117 0.035937 0.037617
0 0.836797 0.611563 0.034750 0.036797
0 0.985305 0.185527 0.028766 0.034609
0 0.562336 0.304775 0.036984 0.036035
0 0.481836 0.099873 0.044859 0.041348
0 0.175234 0.135596 0.041125 0.036035
0 0.711891 0.307754 0.030531 0.030859
0 0.964906 0.314229 0.037156 0.038340
0 0.216133 0.097373 0.040453 0.038965
0 0.260820 0.042197 0.045047 0.036543
0 0.949281 0.907617 0.034063 0.041250
0 0.007727 0.038467 0.015453 0.033809
0 0.034148 0.744365 0.032641 0.037832