0 0.655969 0.219561 0.034313 0.039316
0 0.238656 0.336104 0.036094 0.033574
0 0.111914 0.371201 0.033391 0.034785
0 0.142313 0.481016 0.036406 0.036797
0 0.049758 0.609551 0.038453 0.034766
0 0.212375 0.617812 0.033531 0.030234
0 0.119375 0.805703 0.030156 0.034258
0 0.498688 0.481016 0.028906 0.026523
0 0.272797 0.881650 0.032719 0.033223
0 0.311727 0.489531 0.032453 0.029023
0 0.299070 0.463467 0.028297 0.025020
0 0.369523 0.695029 0.033953 0.034824
0 0.526961 0.780791 0.032828 0.031738
0 0.685773 0.444883 0.028641 0.027656
0 0.429422 0.948096 0.031906 0.037441
0 0.861016 0.343467 0.031969 0.031348
0 0.673961 0.913770 0.034672 0.033789
0 0.972422 0.245059 0.039438 0.041133
0 0.533344 0.297070 0.034813 0.032344
0 0.416477 0.359648 0.031672 0.030508
0 0.826937 0.311934 0.036781 0.034414
0 0.700672 0.384932 0.032844 0.032520
0 0.377891 0.546641 0.032875 0.034961
0 0.629438 0.664902 0.031156 0.031914
0 0.986648 0.415068 0.026703 0.034395
0 0.490367 0.609063 0.031109 0.031641
0 0.583656 0.452568 0.029938 0.034355
0 0.457164 0.449717 0.030922 0.034004
0 0.860797 0.476992 0.036094 0.035547
0 0.894070 0.685215 0.035922 0.037617
0 0.783781 0.805439 0.034750 0.036816
0 0.983148 0.190020 0.032297 0.034609
0 0.576141 0.519014 0.034625 0.033965
0 0.788039 0.141699 0.044859 0.041289
0 0.358172 0.189199 0.041125 0.036016
0 0.744484 0.534092 0.031250 0.033457
0 0.471789 0.113301 0.040453 0.038984
0 0.595523 0.027969 0.045047 0.036562
0 0.166336 0.160312 0.043859 0.040508
0 0.286406 0.009687 0.040719 0.019375
0 0.931844 0.956182 0.034000 0.031973
0 0.055539 0.316104 0.039922 0.035918