0 0.515383 0.167119 0.034297 0.039316
0 0.169977 0.313213 0.037453 0.037676
0 0.117148 0.369053 0.036422 0.039395
0 0.109766 0.466025 0.036406 0.036816
0 0.054055 0.607959 0.035641 0.034785
0 0.232664 0.562334 0.033547 0.031738
0 0.176273 0.787559 0.029859 0.034258
0 0.499062 0.480010 0.029031 0.028184
0 0.348008 0.835977 0.032734 0.033242
0 0.303211 0.456914 0.031484 0.032188
0 0.295609 0.420361 0.036406 0.033730
0 0.406242 0.612939 0.033953 0.034824
0 0.584992 0.668174 0.032828 0.031738
0 0.689109 0.445937 0.028625 0.027656
0 0.513539 0.882617 0.031891 0.037422
0 0.862289 0.338662 0.032891 0.034355
0 0.742000 0.812852 0.037781 0.034961
0 0.671023 0.931055 0.032734 0.033750
0 0.811344 0.179248 0.038563 0.039473
0 0.432961 0.225596 0.036797 0.034980
0 0.364680 0.272500 0.033734 0.036875
0 0.706664 0.229893 0.035359 0.035723
0 0.620328 0.279795 0.032844 0.032520
0 0.992906 0.245781 0.014188 0.039219
0 0.387711 0.445645 0.032891 0.034961
0 0.650852 0.534404 0.033703 0.034316
0 0.897938 0.300420 0.037250 0.034395
0 0.513836 0.485283 0.031109 0.031660
0 0.549750 0.331670 0.029938 0.034355
0 0.435883 0.344307 0.030922 0.034004
0 0.813281 0.349746 0.036094 0.035547
0 0.899312 0.550166 0.035937 0.037637
0 0.821953 0.683838 0.034750 0.036816
0 0.982961 0.189766 0.032516 0.034609
0 0.569828 0.384248 0.035031 0.035488
0 0.598437 0.108770 0.044875 0.041367
0 0.241953 0.148086 0.041125 0.036016
0 0.729750 0.392764 0.031250 0.035098
0 0.986961 0.408887 0.025922 0.038320
0 0.311273 0.095195 0.040453 0.038984
0 0.385641 0.028887 0.045031 0.036562
0 0.906641 0.970156 0.034062 0.037305
0 0.021727 0.196523 0.035703 0.044453
0 0.095188 0.016875 0.040719 0.033750
0 0.984508 0.843506 0.023484 0.036035
0 0.005391 0.745967 0.010781 0.037832