0 0.497523 0.161387 0.034297 0.039336
0 0.161820 0.311514 0.038266 0.039434
0 0.117875 0.367910 0.037437 0.040898
0 0.104813 0.465430 0.036406 0.036797
0 0.056445 0.607422 0.037047 0.034766
0 0.236336 0.555547 0.033547 0.032227
0 0.183477 0.784727 0.029859 0.034258
0 0.499062 0.479736 0.029031 0.028730
0 0.356492 0.830674 0.032734 0.033223
0 0.303211 0.455889 0.031484 0.034238
0 0.293773 0.412764 0.036391 0.033730
0 0.410414 0.601787 0.033953 0.034824
0 0.591242 0.654590 0.032828 0.031758
0 0.689531 0.446055 0.028625 0.027656
0 0.523297 0.873428 0.031906 0.037441
0 0.863312 0.338662 0.032875 0.034355
0 0.749773 0.799600 0.037797 0.034980
0 0.681406 0.920977 0.034281 0.033750
0 0.791031 0.172646 0.038437 0.038926
0 0.420703 0.217656 0.036812 0.034961
0 0.358203 0.264102 0.033750 0.036875
0 0.691188 0.221514 0.035344 0.035723
0 0.611703 0.268994 0.032844 0.032520
0 0.981273 0.231523 0.027484 0.039219
0 0.390977 0.433184 0.032891 0.034961
0 0.655445 0.518936 0.034547 0.035137
0 0.885469 0.287178 0.037250 0.034395
0 0.519492 0.467979 0.031109 0.031660
0 0.546625 0.316611 0.029938 0.034355
0 0.433492 0.330537 0.030922 0.034004
0 0.806641 0.334727 0.036094 0.035547
0 0.899734 0.533730 0.035937 0.037617
0 0.826203 0.670225 0.034750 0.036816
0 0.982961 0.189766 0.032516 0.034609
0 0.568203 0.368242 0.035156 0.036016
0 0.575000 0.105674 0.044875 0.041348
0 0.228523 0.143955 0.041141 0.036035
0 0.726773 0.375557 0.031234 0.035645
0 0.984070 0.388848 0.031547 0.038320
0 0.292539 0.094170 0.040453 0.038965
0 0.358430 0.030508 0.045047 0.036562
0 0.914203 0.950508 0.034062 0.040469
0 0.014430 0.201592 0.028828 0.045762
0 0.073039 0.017979 0.040703 0.035957
0 0.989258 0.829590 0.019984 0.036016
0 0.008102 0.745967 0.016203 0.037832