0 0.671234 0.226426 0.034312 0.039336
0 0.248633 0.339912 0.036109 0.033574
0 0.111914 0.371201 0.033391 0.034785
0 0.147203 0.482041 0.036406 0.036816
0 0.048539 0.609551 0.038453 0.034766
0 0.210133 0.624434 0.033547 0.030234
0 0.113977 0.807227 0.030797 0.034258
0 0.497930 0.481367 0.028609 0.026523
0 0.266891 0.885215 0.032719 0.033242
0 0.313555 0.498184 0.032453 0.029023
0 0.298992 0.464658 0.028297 0.033809
0 0.367891 0.703164 0.033937 0.034805
0 0.521664 0.792236 0.032828 0.031738
0 0.685773 0.444883 0.028641 0.027656
0 0.419438 0.955215 0.031906 0.037422
0 0.861492 0.343223 0.029984 0.031289
0 0.665008 0.925469 0.034672 0.033789
0 0.985289 0.258145 0.027953 0.041133
0 0.544547 0.305977 0.034812 0.032344
0 0.424211 0.370342 0.031672 0.030488
0 0.837602 0.324072 0.034328 0.031855
0 0.707797 0.398154 0.032844 0.032520
0 0.375852 0.559365 0.032891 0.034980
0 0.626391 0.677881 0.031156 0.031934
0 0.991305 0.427432 0.017391 0.034395
0 0.489555 0.623057 0.031109 0.031660
0 0.587930 0.466572 0.029953 0.034355
0 0.458992 0.463447 0.030922 0.034004
0 0.865078 0.491230 0.036094 0.035547
0 0.892242 0.701504 0.035922 0.037617
0 0.777680 0.816885 0.034766 0.036816
0 0.983531 0.190527 0.031844 0.034609
0 0.574922 0.534785 0.034625 0.033945
0 0.806758 0.148311 0.044859 0.041270
0 0.371609 0.195820 0.041125 0.036016
0 0.745906 0.550635 0.031250 0.033457
0 0.491125 0.117881 0.040437 0.038965
0 0.619945 0.030771 0.045047 0.036543
0 0.184047 0.159043 0.043844 0.040508
0 0.310016 0.009561 0.040719 0.019121
0 0.922172 0.965547 0.034000 0.029141
0 0.068562 0.311533 0.039906 0.035918