0 0.474258 0.156289 0.034266 0.039336
0 0.152242 0.309453 0.039078 0.041211
0 0.118602 0.366768 0.038453 0.042441
0 0.099867 0.464834 0.036391 0.036816
0 0.059914 0.606855 0.038453 0.034766
0 0.241289 0.546816 0.033547 0.032734
0 0.192664 0.781113 0.029859 0.034258
0 0.499266 0.479199 0.029031 0.029141
0 0.366844 0.824053 0.032719 0.033223
0 0.303211 0.454854 0.031484 0.036309
0 0.291719 0.403184 0.036406 0.033750
0 0.417320 0.591025 0.033953 0.034824
0 0.596828 0.637510 0.033000 0.032090
0 0.690109 0.445820 0.028625 0.027656
0 0.535414 0.862119 0.031891 0.037441
0 0.864328 0.338662 0.032875 0.034355
0 0.758930 0.783037 0.037797 0.034980
0 0.694734 0.907598 0.035844 0.033750
0 0.763859 0.166455 0.038219 0.038418
0 0.406016 0.208086 0.036813 0.034961
0 0.350312 0.253457 0.033594 0.036875
0 0.668203 0.209941 0.035344 0.035742
0 0.599430 0.254814 0.032859 0.032520
0 0.963727 0.222949 0.038609 0.039219
0 0.390859 0.417080 0.032875 0.034980
0 0.659961 0.499561 0.035297 0.035723
0 0.869891 0.270908 0.037250 0.034395
0 0.524859 0.446855 0.031250 0.031797
0 0.538062 0.302041 0.029938 0.034355
0 0.430648 0.310713 0.030922 0.034004
0 0.797844 0.315957 0.036094 0.035547
0 0.899594 0.513359 0.035937 0.037617
0 0.830969 0.652861 0.034750 0.036816
0 0.983148 0.189414 0.032203 0.034609
0 0.566219 0.348301 0.035438 0.036484
0 0.547992 0.102373 0.044859 0.041348
0 0.211773 0.139482 0.041141 0.036035
0 0.721219 0.352441 0.030531 0.030859
0 0.979922 0.364277 0.037156 0.038320
0 0.269000 0.093486 0.040437 0.038965
0 0.325352 0.032969 0.045047 0.036562
0 0.924945 0.939951 0.034047 0.041270
0 0.008727 0.209531 0.017359 0.047070
0 0.045797 0.020146 0.040719 0.038184
0 0.992648 0.816572 0.014703 0.039824
0 0.014164 0.745830 0.026047 0.037832