0 0.659789 0.221279 0.034297 0.039316
0 0.241156 0.337061 0.036094 0.033574
0 0.111914 0.371201 0.033391 0.034785
0 0.143531 0.481270 0.036406 0.036797
0 0.049453 0.609551 0.038437 0.034766
0 0.211813 0.619473 0.033531 0.030234
0 0.118023 0.806094 0.030328 0.034258
0 0.498492 0.481113 0.028828 0.026523
0 0.271312 0.882539 0.032719 0.033242
0 0.312180 0.491699 0.032453 0.029023
0 0.299070 0.462461 0.028297 0.025078
0 0.369117 0.697061 0.033953 0.034824
0 0.525633 0.783643 0.032828 0.031738
0 0.685773 0.444883 0.028641 0.027656
0 0.426922 0.949883 0.031906 0.037422
0 0.861906 0.344941 0.031500 0.031680
0 0.671727 0.916689 0.034672 0.033809
0 0.977195 0.248340 0.039672 0.041133
0 0.536141 0.299297 0.034812 0.032344
0 0.418398 0.362324 0.031672 0.030508
0 0.830781 0.314961 0.037500 0.033750
0 0.702453 0.388232 0.032844 0.032520
0 0.377383 0.549824 0.032891 0.034961
0 0.628688 0.668145 0.031156 0.031914
0 0.987813 0.418154 0.024375 0.034395
0 0.490164 0.612559 0.031109 0.031641
0 0.584727 0.456074 0.029953 0.034375
0 0.457625 0.453154 0.030937 0.034004
0 0.861875 0.480547 0.036094 0.035547
0 0.893617 0.689287 0.035922 0.037637
0 0.782266 0.808311 0.034750 0.036816
0 0.983250 0.190137 0.032188 0.034609
0 0.575844 0.522949 0.034625 0.033945
0 0.792719 0.143350 0.044875 0.041270
0 0.361531 0.190859 0.041125 0.036016
0 0.744836 0.538232 0.031234 0.033457
0 0.476625 0.114443 0.040437 0.038965
0 0.601625 0.028672 0.045031 0.036562
0 0.170766 0.160000 0.043844 0.040508
0 0.292313 0.009648 0.040719 0.019297
0 0.929422 0.958525 0.034000 0.031270
0 0.058789 0.314971 0.039922 0.035918