0 0.690320 0.235020 0.034297 0.039336
0 0.261102 0.344687 0.036109 0.033555
0 0.111914 0.371201 0.033391 0.034785
0 0.153313 0.483311 0.036406 0.036816
0 0.047008 0.609551 0.038453 0.034766
0 0.207336 0.632695 0.033547 0.030234
0 0.107227 0.809141 0.031578 0.034258
0 0.496992 0.481816 0.028266 0.026523
0 0.259516 0.889668 0.032719 0.033242
0 0.315844 0.509004 0.032438 0.029023
0 0.298617 0.464189 0.028297 0.033809
0 0.365852 0.713350 0.033953 0.034824
0 0.515047 0.806553 0.032813 0.031738
0 0.685773 0.444883 0.028641 0.027656
0 0.406969 0.964121 0.031906 0.037422
0 0.862492 0.345459 0.034078 0.030371
0 0.653813 0.940098 0.034688 0.033789
0 0.997656 0.272871 0.004687 0.041133
0 0.558531 0.317109 0.034813 0.032344
0 0.433867 0.383701 0.031672 0.030488
0 0.848977 0.339268 0.029016 0.028691
0 0.716703 0.414697 0.032844 0.032520
0 0.373305 0.575264 0.032891 0.034980
0 0.622578 0.694102 0.031156 0.031914
0 0.488531 0.640547 0.031125 0.031641
0 0.593273 0.484062 0.029953 0.034375
0 0.461289 0.480635 0.030922 0.034004
0 0.870422 0.509043 0.036094 0.035547
0 0.889953 0.721855 0.035937 0.037617
0 0.770047 0.831201 0.034750 0.036816
0 0.984016 0.191162 0.031281 0.034590
0 0.573391 0.554512 0.034625 0.033945
0 0.830172 0.156582 0.044875 0.041289
0 0.388398 0.204082 0.041141 0.036016
0 0.747687 0.571309 0.031250 0.033477
0 0.515297 0.123604 0.040437 0.038965
0 0.650484 0.034268 0.045031 0.036543
0 0.206188 0.157451 0.043844 0.040527
0 0.339539 0.009395 0.040703 0.018789
0 0.910086 0.977266 0.033984 0.025586
0 0.084852 0.305811 0.039922 0.035918
0 0.013711 0.111387 0.025391 0.040742