0 0.519844 0.168555 0.034312 0.039336
0 0.172016 0.313643 0.037250 0.037246
0 0.116961 0.369336 0.036172 0.038984
0 0.111000 0.466162 0.036406 0.036816
0 0.053750 0.608086 0.035875 0.034766
0 0.231742 0.564023 0.033547 0.031602
0 0.174477 0.788262 0.029859 0.034258
0 0.499062 0.480078 0.029031 0.028047
0 0.345891 0.837305 0.032719 0.033242
0 0.303211 0.457178 0.031484 0.031660
0 0.296070 0.422266 0.036391 0.033750
0 0.405195 0.615732 0.033953 0.034824
0 0.583430 0.671563 0.032828 0.031758
0 0.689008 0.445898 0.028641 0.027656
0 0.511094 0.884912 0.031906 0.037441
0 0.862039 0.338662 0.032891 0.034355
0 0.740055 0.816162 0.037797 0.034980
0 0.668430 0.933574 0.032359 0.033750
0 0.816430 0.180908 0.038609 0.039629
0 0.436023 0.227578 0.036797 0.034961
0 0.366305 0.274609 0.033734 0.036875
0 0.710531 0.231982 0.035344 0.035723
0 0.622484 0.282490 0.032844 0.032520
0 0.994492 0.250205 0.011016 0.039238
0 0.386891 0.448760 0.032875 0.034980
0 0.649703 0.538271 0.033500 0.034121
0 0.901063 0.303740 0.037250 0.034395
0 0.512430 0.489609 0.031109 0.031641
0 0.550531 0.335439 0.029938 0.034355
0 0.436477 0.347744 0.030922 0.034004
0 0.814953 0.353496 0.036094 0.035547
0 0.899211 0.554268 0.035922 0.037637
0 0.820891 0.687236 0.034750 0.036816
0 0.982961 0.189766 0.032516 0.034609
0 0.570234 0.388252 0.035000 0.035371
0 0.604297 0.109541 0.044875 0.041348
0 0.245312 0.149111 0.041125 0.036035
0 0.730500 0.397070 0.031250 0.034961
0 0.987680 0.413887 0.024516 0.038320
0 0.315953 0.095459 0.040437 0.038965
0 0.392445 0.028477 0.045047 0.036563
0 0.904508 0.971895 0.034047 0.035625
0 0.025875 0.195264 0.036250 0.044121
0 0.100719 0.016602 0.040719 0.033203
0 0.983320 0.846992 0.024359 0.036016
0 0.003453 0.745967 0.006906 0.037832