0 0.652148 0.217842 0.034297 0.039316
0 0.236164 0.335146 0.036109 0.033574
0 0.111914 0.371201 0.033391 0.034785
0 0.141094 0.480762 0.036406 0.036797
0 0.050062 0.609551 0.038438 0.034766
0 0.212938 0.616152 0.033531 0.030234
0 0.120727 0.805332 0.030016 0.034258
0 0.498875 0.480938 0.028969 0.026523
0 0.274266 0.880762 0.032719 0.033242
0 0.311266 0.487383 0.032437 0.029023
0 0.299070 0.464473 0.028297 0.024961
0 0.369930 0.692988 0.033953 0.034805
0 0.528273 0.777920 0.032828 0.031738
0 0.685773 0.444883 0.028641 0.027656
0 0.431906 0.946309 0.031906 0.037422
0 0.860133 0.341992 0.032422 0.030977
0 0.676203 0.910840 0.034687 0.033789
0 0.967656 0.241797 0.039219 0.041133
0 0.530547 0.294844 0.034812 0.032344
0 0.414539 0.356982 0.031672 0.030488
0 0.823094 0.308916 0.036063 0.035059
0 0.698891 0.381611 0.032844 0.032520
0 0.378398 0.543467 0.032891 0.034980
0 0.630203 0.661660 0.031156 0.031914
0 0.985484 0.411973 0.029031 0.034414
0 0.490570 0.605557 0.031109 0.031660
0 0.582586 0.449072 0.029953 0.034355
0 0.456711 0.446279 0.030922 0.034004
0 0.859734 0.473418 0.036094 0.035547
0 0.894531 0.681143 0.035937 0.037637
0 0.785313 0.802588 0.034750 0.036816
0 0.983047 0.189883 0.032406 0.034609
0 0.576453 0.515068 0.034625 0.033965
0 0.783352 0.140039 0.044859 0.041289
0 0.354812 0.187549 0.041125 0.036035
0 0.744125 0.529961 0.031250 0.033477
0 0.466953 0.112158 0.040437 0.038965
0 0.589414 0.027275 0.045047 0.036543
0 0.161914 0.160635 0.043859 0.040527
0 0.280500 0.009717 0.040719 0.019434
0 0.934258 0.953838 0.033984 0.032676
0 0.052273 0.317256 0.039922 0.035918