0 0.488594 0.158516 0.034312 0.039336
0 0.157742 0.310654 0.038672 0.040332
0 0.118234 0.367344 0.037937 0.041680
0 0.102344 0.465127 0.036406 0.036816
0 0.057656 0.607168 0.037750 0.034766
0 0.238180 0.552158 0.033547 0.032480
0 0.187086 0.783320 0.029859 0.034258
0 0.499062 0.479600 0.029031 0.029004
0 0.360734 0.828027 0.032719 0.033242
0 0.303211 0.455371 0.031484 0.035273
0 0.292859 0.408965 0.036406 0.033750
0 0.412492 0.596201 0.033953 0.034824
0 0.594367 0.647803 0.032828 0.031738
0 0.689734 0.446133 0.028625 0.027656
0 0.528172 0.868828 0.031906 0.037422
0 0.863820 0.338662 0.032891 0.034355
0 0.753664 0.792979 0.037797 0.034980
0 0.686609 0.915947 0.035062 0.033730
0 0.780867 0.169346 0.038359 0.038652
0 0.414578 0.213682 0.036813 0.034980
0 0.354961 0.259912 0.033734 0.036855
0 0.683453 0.217334 0.035344 0.035723
0 0.607391 0.263604 0.032844 0.032520
0 0.975164 0.228496 0.033047 0.039219
0 0.392617 0.426943 0.032891 0.034980
0 0.657742 0.511201 0.034984 0.035527
0 0.879234 0.280537 0.037250 0.034395
0 0.522320 0.459336 0.031109 0.031641
0 0.545063 0.309072 0.029938 0.034355
0 0.432305 0.323643 0.030922 0.034004
0 0.803320 0.327207 0.036078 0.035547
0 0.899945 0.525508 0.035922 0.037617
0 0.828313 0.663428 0.034750 0.036816
0 0.982961 0.189766 0.032516 0.034609
0 0.567391 0.360244 0.035219 0.036270
0 0.563281 0.104111 0.044875 0.041348
0 0.221813 0.141895 0.041125 0.036016
0 0.725289 0.366953 0.031234 0.035938
0 0.982617 0.378848 0.034359 0.038320
0 0.283172 0.093643 0.040437 0.038965
0 0.344820 0.031318 0.045047 0.036543
0 0.918305 0.944697 0.034047 0.041270
0 0.012344 0.204141 0.024625 0.046406
0 0.061969 0.018535 0.040719 0.037070
0 0.991000 0.825215 0.018000 0.039961
0 0.010375 0.745967 0.020750 0.037832