0 0.415117 0.145156 0.033766 0.039336
0 0.132461 0.304512 0.039078 0.041211
0 0.118602 0.366768 0.038453 0.042441
0 0.099867 0.464834 0.036391 0.036816
0 0.074758 0.606230 0.038453 0.034766
0 0.259102 0.519609 0.033547 0.032734
0 0.220383 0.769980 0.029859 0.034258
0 0.500680 0.476836 0.029047 0.029141
0 0.393062 0.805498 0.032719 0.033223
0 0.303211 0.454854 0.031484 0.036309
0 0.288750 0.375352 0.036406 0.033750
0 0.430680 0.557627 0.033953 0.034824
0 0.609461 0.590498 0.035516 0.037090
0 0.691992 0.443467 0.028641 0.027676
0 0.568562 0.832432 0.031906 0.037441
0 0.864328 0.338662 0.032875 0.034355
0 0.778227 0.736650 0.037797 0.034980
0 0.735805 0.861211 0.035828 0.033750
0 0.685930 0.149170 0.036734 0.037129
0 0.371875 0.185195 0.036813 0.034961
0 0.330508 0.221914 0.031609 0.036875
0 0.617734 0.185205 0.035344 0.035723
0 0.567766 0.218936 0.032844 0.032520
0 0.889016 0.187695 0.038594 0.039219
0 0.394320 0.371924 0.032891 0.034980
0 0.665156 0.440215 0.036781 0.035664
0 0.826344 0.228857 0.037250 0.034395
0 0.530781 0.394580 0.033188 0.033691
0 0.520250 0.256279 0.029938 0.034355
0 0.425703 0.264326 0.030938 0.034004
0 0.767656 0.263379 0.036094 0.035547
0 0.891680 0.458320 0.035922 0.037617
0 0.838391 0.600303 0.034750 0.036816
0 0.985898 0.184463 0.027828 0.034590
0 0.561273 0.292920 0.037422 0.035918
0 0.463797 0.099189 0.044875 0.041348
0 0.165266 0.134531 0.041125 0.036016
0 0.709352 0.295547 0.030547 0.030859
0 0.959875 0.300576 0.037156 0.038340
0 0.201719 0.098428 0.040437 0.038965
0 0.243219 0.044717 0.045031 0.036543
0 0.955922 0.898799 0.034063 0.041270
0 0.040133 0.743975 0.033578 0.037832