0 0.592758 0.193867 0.034297 0.039336
0 0.206219 0.323086 0.035344 0.032734
0 0.114055 0.372080 0.033391 0.034785
0 0.129188 0.471602 0.036406 0.036797
0 0.050367 0.609551 0.038453 0.034766
0 0.219195 0.592246 0.033547 0.030234
0 0.144867 0.798711 0.029859 0.034258
0 0.499062 0.480840 0.029031 0.026523
0 0.308516 0.860273 0.032719 0.033242
0 0.308109 0.454297 0.031781 0.027266
0 0.298086 0.454336 0.033172 0.032227
0 0.386727 0.659775 0.033953 0.034824
0 0.555250 0.728750 0.032813 0.031758
0 0.687234 0.445342 0.028625 0.027676
0 0.469313 0.920488 0.031906 0.037422
0 0.859242 0.339277 0.032891 0.033125
0 0.706602 0.869199 0.036859 0.034609
0 0.622484 0.974824 0.028094 0.026797
0 0.899477 0.210908 0.038984 0.041113
0 0.487117 0.262373 0.036203 0.034199
0 0.392664 0.314668 0.033109 0.034961
0 0.772938 0.270264 0.035344 0.035723
0 0.661484 0.332002 0.032844 0.032520
0 0.378195 0.500205 0.032891 0.034980
0 0.635250 0.604092 0.031156 0.031934
0 0.951992 0.360791 0.036484 0.034395
0 0.495039 0.556650 0.031109 0.031660
0 0.565844 0.397490 0.029938 0.034355
0 0.446992 0.402764 0.030922 0.034004
0 0.840859 0.417324 0.036094 0.035547
0 0.897125 0.622744 0.035937 0.037637
0 0.802516 0.747178 0.034750 0.036816
0 0.982961 0.189766 0.032516 0.034609
0 0.575328 0.455908 0.034625 0.033965
0 0.701727 0.124160 0.044859 0.041328
0 0.303000 0.168086 0.041125 0.036016
0 0.740203 0.468828 0.031250 0.033477
0 0.997453 0.492734 0.005094 0.038320
0 0.395859 0.102100 0.040438 0.038965
0 0.502086 0.024795 0.045047 0.036543
0 0.094789 0.175195 0.043859 0.040508
0 0.195516 0.012422 0.040719 0.024844
0 0.960187 0.904756 0.034000 0.036035
0 0.019805 0.339365 0.021359 0.027832