0 0.533234 0.172852 0.034312 0.039336
0 0.178141 0.314922 0.036656 0.035898
0 0.116422 0.370195 0.035406 0.037852
0 0.114703 0.466611 0.036406 0.036816
0 0.052820 0.608496 0.036578 0.034766
0 0.228992 0.569131 0.033547 0.031230
0 0.169070 0.790391 0.029859 0.034258
0 0.499062 0.480293 0.029031 0.027617
0 0.339531 0.841279 0.032719 0.033223
0 0.303211 0.457949 0.031484 0.030117
0 0.297453 0.427969 0.036406 0.033750
0 0.402070 0.624102 0.033953 0.034805
0 0.578742 0.681748 0.032828 0.031738
0 0.688695 0.445801 0.028641 0.027656
0 0.503781 0.891807 0.031906 0.037441
0 0.861273 0.338662 0.032891 0.034355
0 0.734227 0.826104 0.037797 0.034980
0 0.660641 0.941133 0.031188 0.033750
0 0.831664 0.185869 0.038703 0.040020
0 0.445211 0.233535 0.036797 0.034961
0 0.371164 0.280898 0.033734 0.036875
0 0.722141 0.238262 0.035344 0.035742
0 0.628953 0.290576 0.032844 0.032520
0 0.384430 0.458105 0.032891 0.034961
0 0.646258 0.549873 0.032859 0.033535
0 0.910422 0.313682 0.037250 0.034395
0 0.508188 0.502588 0.031125 0.031660
0 0.552875 0.346748 0.029938 0.034355
0 0.438258 0.358057 0.030922 0.034004
0 0.819937 0.364766 0.036094 0.035547
0 0.898891 0.566592 0.035937 0.037637
0 0.817719 0.697441 0.034750 0.036797
0 0.982961 0.189766 0.032516 0.034609
0 0.571461 0.400244 0.034891 0.034980
0 0.621875 0.111865 0.044875 0.041348
0 0.255383 0.152207 0.041141 0.036016
0 0.732727 0.409980 0.031234 0.034570
0 0.989844 0.428906 0.020313 0.038320
0 0.330000 0.096221 0.040437 0.038965
0 0.412852 0.027266 0.045047 0.036562
0 0.898109 0.977119 0.034063 0.030566
0 0.038328 0.191455 0.037906 0.043145
0 0.117328 0.015771 0.040719 0.031543
0 0.979758 0.857432 0.026984 0.036035