0 0.624523 0.206582 0.034297 0.039336
0 0.221906 0.329434 0.035781 0.033203
0 0.112836 0.371572 0.033391 0.034785
0 0.135297 0.476689 0.036406 0.036816
0 0.050367 0.609551 0.038453 0.034766
0 0.215937 0.604961 0.033531 0.030234
0 0.131852 0.802266 0.029859 0.034258
0 0.499062 0.480840 0.029031 0.026523
0 0.289789 0.871475 0.032734 0.033223
0 0.309938 0.470527 0.032156 0.028281
0 0.298852 0.464902 0.030734 0.030156
0 0.377352 0.677588 0.033953 0.034824
0 0.540594 0.755215 0.032813 0.031758
0 0.686398 0.445078 0.028641 0.027656
0 0.449359 0.934229 0.031906 0.037441
0 0.859242 0.340107 0.032891 0.031465
0 0.690508 0.891328 0.035609 0.034141
0 0.600680 0.991445 0.028078 0.017109
0 0.935711 0.226689 0.038984 0.041113
0 0.510336 0.279658 0.035422 0.033145
0 0.404055 0.337314 0.032297 0.032402
0 0.799398 0.290625 0.035359 0.035742
0 0.681844 0.358467 0.032844 0.032520
0 0.378602 0.523105 0.032891 0.034961
0 0.632797 0.635127 0.031156 0.031934
0 0.974148 0.388271 0.035453 0.034395
0 0.492602 0.582598 0.031109 0.031641
0 0.574797 0.424971 0.029937 0.034355
0 0.452289 0.425674 0.030922 0.034004
0 0.851031 0.447344 0.036094 0.035547
0 0.895906 0.653789 0.035937 0.037617
0 0.793562 0.777197 0.034750 0.036816
0 0.982961 0.189766 0.032516 0.034609
0 0.576141 0.487461 0.034625 0.033945
0 0.745695 0.132295 0.044859 0.041309
0 0.330687 0.178262 0.041125 0.036016
0 0.742242 0.501396 0.031234 0.033457
0 0.433719 0.107197 0.040437 0.038965
0 0.548500 0.025811 0.045031 0.036543
0 0.130617 0.167051 0.043859 0.040508
0 0.240703 0.010889 0.040719 0.021777
0 0.946750 0.930713 0.034000 0.036035
0 0.036500 0.327383 0.031969 0.032461