0 0.440461 0.149922 0.033984 0.039336
0 0.140937 0.306631 0.039094 0.041230
0 0.118602 0.366768 0.038453 0.042441
0 0.099867 0.464834 0.036391 0.036816
0 0.068391 0.606504 0.038437 0.034766
0 0.251461 0.531270 0.033547 0.032734
0 0.208508 0.774746 0.029859 0.034258
0 0.500070 0.477852 0.029047 0.029141
0 0.381828 0.813447 0.032719 0.033223
0 0.303211 0.454854 0.031484 0.036309
0 0.290031 0.387275 0.036406 0.033730
0 0.424945 0.571943 0.033953 0.034824
0 0.604047 0.610645 0.034438 0.034961
0 0.691188 0.444473 0.028625 0.027656
0 0.554359 0.845156 0.031906 0.037422
0 0.864328 0.338662 0.032875 0.034355
0 0.769953 0.756533 0.037781 0.034980
0 0.718195 0.881094 0.035828 0.033750
0 0.719328 0.156572 0.037375 0.037676
0 0.386508 0.195010 0.036797 0.034980
0 0.338992 0.235430 0.032453 0.036875
0 0.639367 0.195811 0.035359 0.035723
0 0.581328 0.234307 0.032844 0.032520
0 0.921031 0.202803 0.038594 0.039238
0 0.392836 0.391279 0.032891 0.034980
0 0.662930 0.465654 0.036141 0.035684
0 0.845000 0.246885 0.037250 0.034395
0 0.528242 0.416982 0.032359 0.032871
0 0.527891 0.275889 0.029938 0.034355
0 0.427820 0.284209 0.030922 0.034004
0 0.780594 0.285898 0.036094 0.035547
0 0.895070 0.481914 0.035922 0.037617
0 0.835203 0.622822 0.034750 0.036816
0 0.984719 0.186582 0.029687 0.034609
0 0.563391 0.316650 0.036562 0.036152
0 0.499883 0.100557 0.044859 0.041348
0 0.185195 0.136660 0.041141 0.036016
0 0.714438 0.319941 0.030531 0.030859
0 0.969938 0.327871 0.037156 0.038320
0 0.230555 0.096318 0.040453 0.038965
0 0.278414 0.039678 0.045047 0.036543
0 0.942641 0.916436 0.034063 0.041270
0 0.014039 0.031943 0.028078 0.036035
0 0.028164 0.744775 0.031672 0.037832