0 0.551086 0.178594 0.034297 0.039336
0 0.186297 0.316621 0.035844 0.034141
0 0.115695 0.371328 0.034391 0.036328
0 0.119656 0.467197 0.036406 0.036816
0 0.051602 0.609023 0.037516 0.034766
0 0.225312 0.575908 0.033531 0.030723
0 0.161852 0.793203 0.029859 0.034258
0 0.499062 0.480566 0.029031 0.027070
0 0.331047 0.846582 0.032719 0.033242
0 0.303211 0.458975 0.031484 0.028066
0 0.299281 0.435566 0.036406 0.033750
0 0.397914 0.635264 0.033953 0.034824
0 0.572492 0.695322 0.032828 0.031738
0 0.688273 0.445664 0.028641 0.027656
0 0.494031 0.900996 0.031906 0.037422
0 0.860258 0.338662 0.032891 0.034355
0 0.726445 0.839365 0.037797 0.034980
0 0.650250 0.951201 0.029625 0.033730
0 0.851984 0.192471 0.038844 0.040566
0 0.457461 0.241475 0.036797 0.034980
0 0.377641 0.289297 0.033750 0.036875
0 0.737617 0.246631 0.035359 0.035723
0 0.637594 0.301357 0.032844 0.032520
0 0.381164 0.470566 0.032891 0.034961
0 0.641672 0.565342 0.032000 0.032715
0 0.922891 0.326924 0.037250 0.034395
0 0.502531 0.519873 0.031125 0.031660
0 0.556000 0.361807 0.029938 0.034355
0 0.440633 0.371826 0.030922 0.034004
0 0.826578 0.379785 0.036094 0.035547
0 0.898469 0.583027 0.035937 0.037617
0 0.813469 0.711045 0.034750 0.036816
0 0.982961 0.189766 0.032516 0.034609
0 0.573086 0.416240 0.034766 0.034473
0 0.645312 0.114971 0.044875 0.041348
0 0.268813 0.156328 0.041125 0.036016
0 0.735703 0.427187 0.031250 0.034023
0 0.992125 0.449375 0.015750 0.038320
0 0.348734 0.097256 0.040437 0.038965
0 0.440062 0.025645 0.045031 0.036562
0 0.889672 0.984561 0.034062 0.023535
0 0.053719 0.186377 0.040625 0.041816
0 0.139477 0.014668 0.040703 0.029336
0 0.975016 0.871357 0.030500 0.036035
0 0.004031 0.353545 0.008063 0.021348