0 0.389719 0.140342 0.033563 0.039316
0 0.124289 0.302607 0.039078 0.041230
0 0.118602 0.366816 0.038453 0.042422
0 0.099828 0.464619 0.036406 0.036816
0 0.081258 0.605625 0.038453 0.034766
0 0.266344 0.508213 0.033531 0.032715
0 0.232492 0.765117 0.029859 0.034258
0 0.501180 0.475996 0.029047 0.029141
0 0.404977 0.797061 0.032734 0.033223
0 0.303211 0.454854 0.031484 0.036309
0 0.287906 0.363418 0.036406 0.033750
0 0.436930 0.542734 0.033953 0.034805
0 0.615672 0.569990 0.036406 0.038848
0 0.692672 0.442627 0.028625 0.027676
0 0.582531 0.819092 0.031906 0.037441
0 0.864328 0.338662 0.032875 0.034355
0 0.786773 0.716689 0.037797 0.034980
0 0.752555 0.841602 0.035828 0.033750
0 0.652688 0.142217 0.036062 0.036504
0 0.357086 0.175557 0.036797 0.034980
0 0.322258 0.208447 0.030891 0.036855
0 0.596008 0.174717 0.035359 0.035723
0 0.553828 0.203564 0.032844 0.032520
0 0.857297 0.172930 0.038594 0.039219
0 0.396305 0.352871 0.032891 0.034961
0 0.666797 0.415693 0.037312 0.035645
0 0.807375 0.211123 0.037250 0.034395
0 0.533438 0.372480 0.033875 0.034375
0 0.512891 0.236904 0.029937 0.034355
0 0.423523 0.244639 0.030922 0.034004
0 0.754500 0.241133 0.036094 0.035547
0 0.888031 0.434873 0.035937 0.037637
0 0.841297 0.578027 0.034750 0.036797
0 0.986875 0.182695 0.026250 0.034609
0 0.996687 0.251826 0.006625 0.039199
0 0.559187 0.268984 0.038125 0.035703
0 0.427445 0.097803 0.044859 0.041348
0 0.145930 0.132686 0.040891 0.036035
0 0.704078 0.271074 0.030531 0.030859
0 0.949570 0.273516 0.037172 0.038320
0 0.173563 0.100498 0.040437 0.038965
0 0.207820 0.050361 0.045047 0.036426
0 0.969172 0.881230 0.034062 0.041250
0 0.052008 0.743037 0.035172 0.037832