0 0.423570 0.146738 0.033828 0.039336
0 0.135289 0.305215 0.039078 0.041211
0 0.118602 0.366768 0.038453 0.042441
0 0.099867 0.464834 0.036391 0.036816
0 0.072633 0.606328 0.038453 0.034766
0 0.256555 0.523496 0.033547 0.032734
0 0.216414 0.771562 0.029859 0.034258
0 0.500477 0.477168 0.029047 0.029141
0 0.389320 0.808145 0.032734 0.033242
0 0.303211 0.454854 0.031484 0.036309
0 0.289172 0.379326 0.036406 0.033730
0 0.428766 0.562402 0.033937 0.034805
0 0.607656 0.597207 0.035156 0.036367
0 0.691727 0.443809 0.028641 0.027656
0 0.563828 0.836680 0.031906 0.037422
0 0.864328 0.338662 0.032875 0.034355
0 0.775461 0.743271 0.037797 0.034980
0 0.729930 0.867832 0.035828 0.033750
0 0.697063 0.151641 0.036937 0.037305
0 0.376758 0.188467 0.036797 0.034980
0 0.333336 0.226426 0.031891 0.036875
0 0.624945 0.188740 0.035359 0.035723
0 0.572281 0.224072 0.032844 0.032520
0 0.899687 0.192734 0.038594 0.039219
0 0.393828 0.378379 0.032875 0.034961
0 0.664414 0.448701 0.036578 0.035684
0 0.832562 0.234873 0.037250 0.034395
0 0.529937 0.402051 0.032906 0.033398
0 0.522797 0.262813 0.029938 0.034375
0 0.426414 0.270947 0.030922 0.034004
0 0.771969 0.270879 0.036094 0.035547
0 0.892813 0.466182 0.035937 0.037637
0 0.837328 0.607803 0.034750 0.036816
0 0.985508 0.185166 0.028453 0.034590
0 0.561977 0.300830 0.037141 0.035996
0 0.475828 0.099639 0.044875 0.041348
0 0.171906 0.135244 0.041125 0.036035
0 0.711047 0.303672 0.030531 0.030859
0 0.963227 0.309678 0.037172 0.038340
0 0.211328 0.097725 0.040437 0.038965
0 0.254953 0.043037 0.045031 0.036543
0 0.951492 0.904678 0.034047 0.041270
0 0.005617 0.040645 0.011234 0.033086
0 0.036141 0.744238 0.032938 0.037852