0 0.359758 0.134502 0.033578 0.039316
0 0.116625 0.301680 0.039094 0.041211
0 0.118602 0.367119 0.038453 0.042441
0 0.099578 0.463076 0.036406 0.036816
0 0.089664 0.602832 0.038453 0.034766
0 0.272523 0.496455 0.033547 0.032715
0 0.248086 0.758926 0.029859 0.034258
0 0.501180 0.475996 0.029047 0.029141
0 0.422789 0.784375 0.032734 0.033242
0 0.303211 0.454854 0.031484 0.036309
0 0.289391 0.349512 0.036406 0.033750
0 0.447320 0.521953 0.033953 0.034805
0 0.627547 0.544014 0.036406 0.038848
0 0.692672 0.442627 0.028625 0.027676
0 0.597367 0.799922 0.031891 0.037422
0 0.864328 0.338662 0.032875 0.034355
0 0.798352 0.692939 0.037797 0.034980
0 0.767148 0.820264 0.035828 0.033730
0 0.614852 0.136758 0.035078 0.035273
0 0.338945 0.165244 0.036797 0.034980
0 0.314023 0.192988 0.030891 0.036875
0 0.570055 0.163203 0.035359 0.035742
0 0.535391 0.185693 0.032844 0.032520
0 0.822047 0.157725 0.038594 0.039238
0 0.401547 0.332354 0.032875 0.034980
0 0.665312 0.392314 0.037312 0.035645
0 0.783469 0.192041 0.037250 0.034395
0 0.537281 0.348467 0.033875 0.034355
0 0.505859 0.215674 0.029937 0.034355
0 0.420617 0.222822 0.030922 0.034004
0 0.737797 0.216914 0.036094 0.035547
0 0.882258 0.408330 0.035922 0.037637
0 0.843078 0.553535 0.034750 0.036797
0 0.986875 0.182695 0.026250 0.034609
0 0.985422 0.225596 0.027688 0.039199
0 0.557008 0.239883 0.038109 0.035703
0 0.383469 0.096084 0.044875 0.041348
0 0.126891 0.132070 0.039188 0.036016
0 0.696859 0.241953 0.030531 0.030859
0 0.936172 0.243369 0.037156 0.038340
0 0.144703 0.102627 0.040437 0.038965
0 0.165375 0.060508 0.045031 0.035508
0 0.939359 0.986523 0.027406 0.025117
0 0.982000 0.861064 0.029125 0.041230
0 0.065367 0.741191 0.035172 0.037852