0 0.402445 0.142773 0.033641 0.039336
0 0.128219 0.303447 0.039094 0.041230
0 0.118602 0.366768 0.038453 0.042441
0 0.099867 0.464834 0.036391 0.036816
0 0.077930 0.606104 0.038453 0.034785
0 0.262914 0.513779 0.033547 0.032715
0 0.226320 0.767588 0.029859 0.034238
0 0.500977 0.476328 0.029047 0.029141
0 0.398687 0.801523 0.032719 0.033242
0 0.303211 0.454854 0.031484 0.036309
0 0.288117 0.369385 0.036391 0.033730
0 0.433539 0.550479 0.033953 0.034824
0 0.612180 0.580420 0.036047 0.038145
0 0.692398 0.442969 0.028641 0.027656
0 0.575672 0.826074 0.031906 0.037422
0 0.864328 0.338662 0.032875 0.034355
0 0.782352 0.726709 0.037797 0.034980
0 0.744602 0.851270 0.035828 0.033750
0 0.669234 0.145459 0.036406 0.036855
0 0.364555 0.180293 0.036797 0.034961
0 0.326273 0.215156 0.031172 0.036875
0 0.606922 0.179902 0.035344 0.035742
0 0.560984 0.211260 0.032844 0.032520
0 0.873008 0.180137 0.038609 0.039219
0 0.395062 0.362256 0.032875 0.034980
0 0.666266 0.427500 0.037094 0.035664
0 0.817016 0.219854 0.037250 0.034395
0 0.532047 0.383379 0.033594 0.034102
0 0.516437 0.246475 0.029938 0.034355
0 0.424648 0.254385 0.030922 0.034004
0 0.761187 0.252109 0.036094 0.035547
0 0.889984 0.446523 0.035937 0.037617
0 0.839984 0.589033 0.034750 0.036816
0 0.986484 0.183398 0.026875 0.034609
0 0.560211 0.281055 0.037828 0.035781
0 0.445758 0.098506 0.044859 0.041348
0 0.155297 0.133477 0.041125 0.036016
0 0.706805 0.283359 0.030547 0.030859
0 0.954844 0.286934 0.037156 0.038320
0 0.187297 0.099492 0.040437 0.038984
0 0.225617 0.047236 0.045047 0.036543
0 0.962555 0.889990 0.034047 0.041270
0 0.046109 0.743574 0.034531 0.037852