0 0.364039 0.135332 0.033578 0.039336
0 0.117719 0.301816 0.039094 0.041211
0 0.118602 0.367080 0.038453 0.042441
0 0.099625 0.463291 0.036406 0.036816
0 0.088461 0.603232 0.038453 0.034785
0 0.271648 0.498135 0.033547 0.032715
0 0.245852 0.759805 0.029859 0.034258
0 0.501180 0.475996 0.029047 0.029141
0 0.420250 0.786191 0.032719 0.033242
0 0.303211 0.454854 0.031484 0.036309
0 0.289172 0.351494 0.036406 0.033730
0 0.445836 0.524922 0.033953 0.034805
0 0.625852 0.547725 0.036391 0.038848
0 0.692672 0.442627 0.028625 0.027676
0 0.595250 0.802656 0.031906 0.037422
0 0.864328 0.338662 0.032875 0.034355
0 0.796695 0.696338 0.037797 0.034980
0 0.765062 0.823311 0.035844 0.033730
0 0.620258 0.137529 0.035234 0.035449
0 0.341539 0.166719 0.036797 0.034961
0 0.315195 0.195195 0.030891 0.036875
0 0.573758 0.164854 0.035359 0.035723
0 0.538016 0.188232 0.032844 0.032520
0 0.827078 0.159902 0.038594 0.039219
0 0.400797 0.335283 0.032875 0.034980
0 0.665523 0.395654 0.037297 0.035645
0 0.786891 0.194775 0.037250 0.034395
0 0.536734 0.351904 0.033875 0.034355
0 0.506859 0.218711 0.029938 0.034375
0 0.421023 0.225928 0.030922 0.034004
0 0.740187 0.220371 0.036094 0.035547
0 0.883078 0.412119 0.035937 0.037637
0 0.842820 0.557041 0.034766 0.036816
0 0.986875 0.182695 0.026250 0.034609
0 0.986969 0.229365 0.024875 0.039199
0 0.557320 0.244043 0.038109 0.035703
0 0.389750 0.096318 0.044875 0.041348
0 0.129609 0.132168 0.039437 0.036016
0 0.697891 0.246113 0.030531 0.030859
0 0.938086 0.247676 0.037172 0.038320
0 0.148820 0.102324 0.040453 0.038984
0 0.171437 0.059063 0.045031 0.035625
0 0.935898 0.987861 0.027422 0.024277
0 0.980438 0.863945 0.030375 0.041250
0 0.063461 0.741455 0.035172 0.037832