0 0.555555 0.180020 0.034297 0.039336
0 0.188336 0.317041 0.035641 0.033691
0 0.115516 0.371621 0.034156 0.035938
0 0.120891 0.467344 0.036406 0.036797
0 0.051289 0.609150 0.037734 0.034785
0 0.224398 0.577607 0.033547 0.030605
0 0.160055 0.793926 0.029859 0.034258
0 0.499062 0.480635 0.029031 0.026934
0 0.328922 0.847910 0.032719 0.033242
0 0.303211 0.459229 0.031484 0.027559
0 0.299750 0.437461 0.036406 0.033750
0 0.396867 0.638057 0.033953 0.034824
0 0.570930 0.698721 0.032828 0.031738
0 0.688172 0.445645 0.028625 0.027656
0 0.491594 0.903291 0.031906 0.037441
0 0.860008 0.338662 0.032891 0.034355
0 0.724508 0.842676 0.037797 0.034961
0 0.647656 0.953711 0.029250 0.033750
0 0.857062 0.194121 0.038875 0.040703
0 0.460523 0.243457 0.036797 0.034961
0 0.379258 0.291387 0.033734 0.036875
0 0.741484 0.248721 0.035344 0.035723
0 0.639750 0.304053 0.032844 0.032520
0 0.380344 0.473682 0.032875 0.034980
0 0.640523 0.569209 0.031797 0.032520
0 0.926016 0.330244 0.037250 0.034395
0 0.501117 0.524209 0.031109 0.031660
0 0.556781 0.365576 0.029938 0.034355
0 0.441234 0.375264 0.030938 0.034004
0 0.828234 0.383535 0.036094 0.035547
0 0.898359 0.587139 0.035937 0.037637
0 0.812406 0.714443 0.034750 0.036816
0 0.982961 0.189766 0.032516 0.034609
0 0.573500 0.420244 0.034719 0.034355
0 0.651172 0.115752 0.044875 0.041348
0 0.272172 0.157363 0.041125 0.036016
0 0.736445 0.431494 0.031234 0.033887
0 0.992695 0.454482 0.014609 0.038340
0 0.353414 0.097510 0.040453 0.038965
0 0.446867 0.025244 0.045047 0.036543
0 0.887641 0.986768 0.034062 0.021543
0 0.057266 0.185107 0.041437 0.041504
0 0.145016 0.014395 0.040719 0.028789
0 0.973828 0.874854 0.031375 0.036035
0 0.004836 0.352246 0.009391 0.022109