0 0.640398 0.212949 0.034297 0.039336
0 0.229750 0.332607 0.036000 0.033457
0 0.112227 0.371318 0.033391 0.034785
0 0.138344 0.479229 0.036406 0.036816
0 0.050367 0.609551 0.038453 0.034766
0 0.214305 0.611328 0.033547 0.030234
0 0.125336 0.804053 0.029859 0.034238
0 0.499062 0.480840 0.029031 0.026523
0 0.280422 0.877070 0.032719 0.033242
0 0.310516 0.480322 0.032344 0.028770
0 0.298742 0.464453 0.029109 0.027266
0 0.372680 0.686494 0.033953 0.034824
0 0.533266 0.768447 0.032813 0.031738
0 0.685977 0.444951 0.028641 0.027676
0 0.439391 0.941094 0.031906 0.037422
0 0.859242 0.340518 0.032891 0.030645
0 0.682461 0.902383 0.034984 0.033906
0 0.953828 0.234570 0.038969 0.041133
0 0.521945 0.288301 0.035016 0.032617
0 0.409750 0.348652 0.031875 0.031133
0 0.812633 0.300811 0.035359 0.035723
0 0.692023 0.371689 0.032859 0.032520
0 0.378805 0.534561 0.032891 0.034980
0 0.631578 0.650654 0.031156 0.031934
0 0.983086 0.402021 0.033828 0.034395
0 0.491383 0.595576 0.031109 0.031660
0 0.579281 0.438701 0.029937 0.034355
0 0.454930 0.437119 0.030922 0.034004
0 0.856125 0.462363 0.036094 0.035547
0 0.895297 0.669307 0.035937 0.037637
0 0.789078 0.792217 0.034750 0.036816
0 0.982961 0.189766 0.032516 0.034609
0 0.576547 0.503242 0.034625 0.033945
0 0.767680 0.136357 0.044859 0.041270
0 0.344531 0.183350 0.041125 0.036035
0 0.743258 0.517686 0.031234 0.033457
0 0.452656 0.109736 0.040437 0.038965
0 0.571703 0.026318 0.045031 0.036543
0 0.148523 0.162988 0.043859 0.040508
0 0.263305 0.010127 0.040703 0.020254
0 0.940031 0.943682 0.034000 0.036035
0 0.044852 0.321387 0.037266 0.034766