0 0.510914 0.165684 0.034297 0.039336
0 0.167938 0.312793 0.037656 0.038125
0 0.117328 0.368770 0.036687 0.039766
0 0.108531 0.465869 0.036406 0.036816
0 0.054656 0.607832 0.036000 0.034766
0 0.233586 0.560635 0.033547 0.031855
0 0.178070 0.786855 0.029859 0.034258
0 0.499062 0.479941 0.029031 0.028320
0 0.350125 0.834648 0.032719 0.033242
0 0.303211 0.456660 0.031484 0.032695
0 0.295156 0.418457 0.036406 0.033750
0 0.407289 0.610146 0.033953 0.034824
0 0.586555 0.664775 0.032828 0.031738
0 0.689219 0.445957 0.028625 0.027656
0 0.515977 0.880313 0.031891 0.037422
0 0.862547 0.338662 0.032875 0.034355
0 0.743945 0.809541 0.037797 0.034980
0 0.673625 0.928535 0.033125 0.033750
0 0.806266 0.177598 0.038531 0.039336
0 0.429898 0.223613 0.036797 0.034961
0 0.363063 0.270410 0.033750 0.036875
0 0.702797 0.227803 0.035344 0.035723
0 0.618172 0.277090 0.032844 0.032500
0 0.990430 0.236064 0.019141 0.039238
0 0.388523 0.442529 0.032891 0.034980
0 0.652000 0.530537 0.033906 0.034512
0 0.894828 0.297109 0.037250 0.034414
0 0.515258 0.480957 0.031109 0.031641
0 0.548969 0.327910 0.029938 0.034375
0 0.435289 0.340850 0.030922 0.034004
0 0.811625 0.345996 0.036094 0.035547
0 0.899422 0.546055 0.035937 0.037617
0 0.823016 0.680439 0.034750 0.036816
0 0.982961 0.189766 0.032516 0.034609
0 0.569422 0.380254 0.035062 0.035625
0 0.592578 0.107998 0.044875 0.041348
0 0.238594 0.147051 0.041125 0.036016
0 0.729008 0.388467 0.031234 0.035254
0 0.986227 0.403867 0.027328 0.038320
0 0.306594 0.094932 0.040437 0.038965
0 0.378836 0.029287 0.045047 0.036543
0 0.908531 0.965244 0.034063 0.038105
0 0.017578 0.197793 0.035156 0.044766
0 0.089648 0.017148 0.040703 0.034297
0 0.985695 0.840029 0.022609 0.036035
0 0.007336 0.745967 0.014672 0.037832