0 0.694133 0.236738 0.034297 0.039336
0 0.263594 0.345645 0.036094 0.033555
0 0.111914 0.371201 0.033391 0.034785
0 0.154531 0.483564 0.036406 0.036816
0 0.046703 0.609551 0.038437 0.034766
0 0.206773 0.634355 0.033547 0.030234
0 0.105875 0.809531 0.031719 0.034258
0 0.496805 0.481895 0.028172 0.026523
0 0.258031 0.890557 0.032719 0.033223
0 0.316305 0.511172 0.032453 0.029023
0 0.298539 0.464092 0.028297 0.033809
0 0.365445 0.715381 0.033953 0.034824
0 0.513727 0.809414 0.032828 0.031758
0 0.685773 0.444883 0.028641 0.027656
0 0.404484 0.965908 0.031906 0.037441
0 0.862242 0.344092 0.034422 0.035137
0 0.651570 0.943027 0.034672 0.033789
0 0.561344 0.319336 0.034812 0.032344
0 0.435805 0.386367 0.031672 0.030508
0 0.851250 0.342295 0.027937 0.028066
0 0.718484 0.417998 0.032844 0.032520
0 0.372805 0.578447 0.032891 0.034980
0 0.621813 0.697344 0.031156 0.031914
0 0.488328 0.644053 0.031125 0.031660
0 0.594344 0.487568 0.029937 0.034355
0 0.461742 0.484072 0.030922 0.034004
0 0.871484 0.512617 0.036094 0.035547
0 0.889492 0.725928 0.035922 0.037637
0 0.768516 0.834072 0.034750 0.036816
0 0.984109 0.191289 0.031156 0.034609
0 0.573094 0.558457 0.034625 0.033945
0 0.834852 0.158232 0.044859 0.041270
0 0.391758 0.205742 0.041141 0.036016
0 0.748047 0.575439 0.031250 0.033457
0 0.520141 0.124756 0.040437 0.038965
0 0.656586 0.034971 0.045047 0.036543
0 0.210617 0.157129 0.043859 0.040508
0 0.345438 0.009365 0.040719 0.018730
0 0.907672 0.979609 0.034000 0.024883
0 0.088102 0.304658 0.039922 0.035918
0 0.016250 0.106152 0.030437 0.040430