0 0.470023 0.155488 0.034234 0.039336
0 0.150836 0.309102 0.039078 0.041211
0 0.118602 0.366768 0.038453 0.042441
0 0.099867 0.464834 0.036391 0.036816
0 0.060969 0.606816 0.038437 0.034766
0 0.242555 0.544873 0.033547 0.032715
0 0.194648 0.780312 0.029859 0.034258
0 0.499367 0.479023 0.029047 0.029141
0 0.368719 0.822725 0.032719 0.033223
0 0.303211 0.454854 0.031484 0.036309
0 0.291516 0.401191 0.036406 0.033750
0 0.418273 0.588643 0.033953 0.034824
0 0.597734 0.634160 0.033188 0.032461
0 0.690242 0.445654 0.028641 0.027676
0 0.537781 0.860000 0.031906 0.037422
0 0.864328 0.338662 0.032875 0.034355
0 0.760305 0.779717 0.037797 0.034980
0 0.697664 0.904277 0.035828 0.033750
0 0.758297 0.165225 0.038125 0.038340
0 0.403570 0.206445 0.036797 0.034961
0 0.348898 0.251211 0.033453 0.036875
0 0.664602 0.208174 0.035359 0.035723
0 0.597172 0.252256 0.032844 0.032520
0 0.958391 0.220430 0.038594 0.039219
0 0.391102 0.413848 0.032891 0.034961
0 0.660336 0.495322 0.035391 0.035723
0 0.866781 0.267910 0.037250 0.034414
0 0.525289 0.443125 0.031391 0.031914
0 0.536797 0.298779 0.029937 0.034355
0 0.430297 0.307393 0.030938 0.034004
0 0.795687 0.312188 0.036094 0.035547
0 0.899031 0.509434 0.035937 0.037617
0 0.831500 0.649111 0.034750 0.036816
0 0.983352 0.189053 0.031891 0.034590
0 0.565867 0.344336 0.035578 0.036445
0 0.541977 0.102158 0.044859 0.041348
0 0.208453 0.139131 0.041125 0.036035
0 0.720375 0.348379 0.030531 0.030859
0 0.978672 0.359727 0.037156 0.038320
0 0.264195 0.093838 0.040453 0.038965
0 0.319484 0.033799 0.045031 0.036543
0 0.927156 0.937002 0.034062 0.041270
0 0.007188 0.212402 0.014281 0.047070
0 0.040711 0.021191 0.040703 0.038203
0 0.993195 0.812695 0.013609 0.037773
0 0.015773 0.745693 0.026984 0.037832