0 0.564484 0.182891 0.034312 0.039336
0 0.192422 0.317900 0.035219 0.032793
0 0.115148 0.372178 0.033641 0.035176
0 0.123367 0.467646 0.036391 0.036816
0 0.050672 0.609414 0.038219 0.034766
0 0.222555 0.580996 0.033547 0.030352
0 0.156445 0.795332 0.029859 0.034258
0 0.499062 0.480771 0.029031 0.026660
0 0.324688 0.850557 0.032719 0.033223
0 0.303211 0.459746 0.031484 0.026523
0 0.300664 0.441260 0.036391 0.033730
0 0.394789 0.643633 0.033953 0.034805
0 0.567805 0.705508 0.032828 0.031758
0 0.687961 0.445566 0.028641 0.027656
0 0.486719 0.907891 0.031906 0.037422
0 0.859492 0.338662 0.032891 0.034355
0 0.720617 0.849297 0.037797 0.034961
0 0.642461 0.958750 0.028484 0.033750
0 0.867219 0.197432 0.038938 0.040996
0 0.466648 0.247422 0.036797 0.034961
0 0.382500 0.295586 0.033750 0.036875
0 0.749227 0.252910 0.035359 0.035742
0 0.644062 0.309463 0.032844 0.032520
0 0.378711 0.479912 0.032891 0.034980
0 0.638227 0.576943 0.031359 0.032129
0 0.932250 0.336865 0.037250 0.034395
0 0.498289 0.532861 0.031109 0.031660
0 0.558344 0.373105 0.029938 0.034375
0 0.442430 0.382158 0.030922 0.034004
0 0.831563 0.391055 0.036094 0.035547
0 0.898148 0.595352 0.035922 0.037617
0 0.810297 0.721260 0.034750 0.036816
0 0.982961 0.189766 0.032516 0.034609
0 0.574313 0.428252 0.034656 0.034082
0 0.662883 0.117295 0.044859 0.041348
0 0.278883 0.159414 0.041141 0.036016
0 0.737937 0.440098 0.031250 0.033594
0 0.993828 0.464717 0.012344 0.038340
0 0.362781 0.098027 0.040437 0.038984
0 0.460477 0.024434 0.045047 0.036563
0 0.883578 0.991201 0.034062 0.017598
0 0.064367 0.182568 0.043047 0.040840
0 0.156086 0.013838 0.040703 0.027676
0 0.971453 0.881807 0.033125 0.036035
0 0.006469 0.349639 0.012063 0.023613