0 0.632461 0.209766 0.034297 0.039336
0 0.225828 0.331016 0.035875 0.033320
0 0.112523 0.371455 0.033391 0.034785
0 0.136813 0.477959 0.036406 0.036816
0 0.050367 0.609551 0.038453 0.034766
0 0.215125 0.608145 0.033531 0.030234
0 0.128586 0.803164 0.029859 0.034258
0 0.499062 0.480840 0.029031 0.026523
0 0.285109 0.874277 0.032719 0.033242
0 0.310227 0.475420 0.032266 0.028535
0 0.298406 0.463438 0.029906 0.029648
0 0.375016 0.682041 0.033937 0.034824
0 0.536930 0.761826 0.032828 0.031738
0 0.686187 0.445020 0.028625 0.027656
0 0.444375 0.937656 0.031906 0.037422
0 0.859242 0.340313 0.032891 0.031055
0 0.686492 0.896855 0.035297 0.034023
0 0.597625 0.993037 0.028094 0.013926
0 0.944766 0.230635 0.038969 0.041113
0 0.516141 0.283975 0.035219 0.032871
0 0.406906 0.342979 0.032094 0.031777
0 0.806016 0.295713 0.035344 0.035723
0 0.686937 0.365068 0.032844 0.032520
0 0.378703 0.528828 0.032875 0.034961
0 0.632188 0.642891 0.031156 0.031914
0 0.979695 0.395146 0.035203 0.034395
0 0.491992 0.589092 0.031109 0.031660
0 0.577039 0.431836 0.029953 0.034375
0 0.453602 0.431396 0.030922 0.034004
0 0.853578 0.454844 0.036094 0.035547
0 0.895602 0.661553 0.035922 0.037637
0 0.791312 0.784697 0.034750 0.036816
0 0.982961 0.189766 0.032516 0.034609
0 0.576344 0.495352 0.034625 0.033945
0 0.756687 0.134316 0.044875 0.041289
0 0.337609 0.180801 0.041125 0.036016
0 0.742750 0.509541 0.031250 0.033457
0 0.443187 0.108467 0.040437 0.038965
0 0.560102 0.026064 0.045047 0.036543
0 0.139570 0.165020 0.043859 0.040508
0 0.252000 0.010508 0.040719 0.021016
0 0.943391 0.937197 0.034000 0.036035
0 0.040680 0.324385 0.034609 0.033613