0 0.720852 0.248760 0.034297 0.039316
0 0.281047 0.352324 0.036094 0.033555
0 0.111914 0.371201 0.033391 0.034785
0 0.163078 0.485342 0.036406 0.036816
0 0.044570 0.609551 0.038453 0.034766
0 0.202859 0.645918 0.033531 0.030234
0 0.096422 0.812188 0.032812 0.034258
0 0.495484 0.482520 0.027688 0.026523
0 0.247703 0.896787 0.032719 0.033223
0 0.319508 0.526309 0.032453 0.029023
0 0.298000 0.463418 0.028313 0.033789
0 0.362602 0.729629 0.033953 0.034805
0 0.504461 0.829443 0.032828 0.031738
0 0.685773 0.444883 0.028641 0.027656
0 0.387031 0.978379 0.031906 0.037422
0 0.856492 0.347061 0.032266 0.030059
0 0.635898 0.963516 0.034672 0.033789
0 0.580930 0.334922 0.034828 0.032344
0 0.449352 0.405068 0.031672 0.030488
0 0.882570 0.364248 0.031234 0.034707
0 0.730953 0.441162 0.032844 0.032520
0 0.369242 0.600713 0.032891 0.034980
0 0.616469 0.720059 0.031156 0.031914
0 0.486898 0.668545 0.031109 0.031660
0 0.601828 0.512051 0.029938 0.034375
0 0.464953 0.508115 0.030938 0.034004
0 0.878969 0.537559 0.036094 0.035547
0 0.886281 0.754424 0.035937 0.037637
0 0.757828 0.854111 0.034750 0.036816
0 0.984781 0.192178 0.030375 0.034590
0 0.570953 0.586055 0.034625 0.033945
0 0.867625 0.169814 0.044875 0.041270
0 0.415266 0.217324 0.041125 0.036016
0 0.750531 0.604385 0.031250 0.033457
0 0.553977 0.132764 0.040453 0.038965
0 0.699336 0.039863 0.045047 0.036562
0 0.241602 0.154902 0.043859 0.040508
0 0.386766 0.009141 0.040719 0.018281
0 0.892906 0.993428 0.034000 0.013145
0 0.110906 0.296650 0.039906 0.035918
0 0.005437 0.434561 0.009125 0.022910
0 0.051008 0.090020 0.045578 0.039375