0 0.537695 0.174287 0.034297 0.039316
0 0.180180 0.315342 0.036453 0.035449
0 0.116234 0.370469 0.035156 0.037461
0 0.115953 0.466748 0.036406 0.036816
0 0.052516 0.608613 0.036813 0.034766
0 0.228070 0.570820 0.033547 0.031094
0 0.167258 0.791094 0.029859 0.034258
0 0.499062 0.480361 0.029031 0.027480
0 0.337406 0.842607 0.032719 0.033223
0 0.303211 0.458203 0.031484 0.029609
0 0.297906 0.429863 0.036406 0.033750
0 0.401039 0.626895 0.033953 0.034805
0 0.577180 0.685146 0.032828 0.031738
0 0.688586 0.445762 0.028641 0.027656
0 0.501344 0.894102 0.031906 0.037422
0 0.861023 0.338662 0.032891 0.034355
0 0.732281 0.829424 0.037781 0.034980
0 0.658039 0.943652 0.030797 0.033750
0 0.836742 0.187520 0.038734 0.040156
0 0.448273 0.235518 0.036797 0.034980
0 0.372781 0.282988 0.033750 0.036875
0 0.726008 0.240352 0.035359 0.035742
0 0.631125 0.293271 0.032844 0.032520
0 0.383617 0.461221 0.032891 0.034980
0 0.645117 0.553740 0.032641 0.033340
0 0.913531 0.316982 0.037250 0.034395
0 0.506773 0.506904 0.031109 0.031660
0 0.553656 0.350508 0.029938 0.034375
0 0.438852 0.361504 0.030922 0.033984
0 0.821594 0.368516 0.036094 0.035547
0 0.898781 0.570703 0.035937 0.037617
0 0.816656 0.700850 0.034750 0.036816
0 0.982961 0.189766 0.032516 0.034609
0 0.571867 0.404248 0.034859 0.034863
0 0.627734 0.112646 0.044875 0.041348
0 0.258742 0.153232 0.041141 0.036035
0 0.733469 0.414277 0.031250 0.034414
0 0.990414 0.434023 0.019172 0.038320
0 0.334687 0.096484 0.040437 0.038984
0 0.419656 0.026865 0.045031 0.036543
0 0.895977 0.978857 0.034047 0.028887
0 0.042469 0.190186 0.038469 0.042793
0 0.122867 0.015498 0.040703 0.030996
0 0.978570 0.860918 0.027859 0.036016