0 0.501984 0.162813 0.034312 0.039336
0 0.163859 0.311943 0.038062 0.039004
0 0.117687 0.368193 0.037187 0.040527
0 0.106047 0.465576 0.036406 0.036816
0 0.055852 0.607559 0.036703 0.034766
0 0.235422 0.557246 0.033531 0.032109
0 0.181680 0.785430 0.029859 0.034258
0 0.499062 0.479805 0.029031 0.028594
0 0.354375 0.832002 0.032719 0.033223
0 0.303211 0.456143 0.031484 0.033730
0 0.294234 0.414668 0.036406 0.033750
0 0.409367 0.604570 0.033953 0.034805
0 0.589680 0.657979 0.032828 0.031738
0 0.689422 0.446035 0.028625 0.027656
0 0.520859 0.875723 0.031906 0.037422
0 0.863055 0.338662 0.032891 0.034355
0 0.747836 0.802920 0.037797 0.034980
0 0.678820 0.923496 0.033891 0.033750
0 0.796109 0.174297 0.038469 0.039062
0 0.423766 0.219639 0.036813 0.034980
0 0.359820 0.266211 0.033734 0.036875
0 0.695055 0.223613 0.035359 0.035742
0 0.613859 0.271689 0.032844 0.032520
0 0.984320 0.233037 0.024703 0.039238
0 0.390164 0.436299 0.032891 0.034980
0 0.654297 0.522803 0.034344 0.034941
0 0.888594 0.290479 0.037250 0.034395
0 0.518086 0.472314 0.031109 0.031660
0 0.547406 0.320381 0.029938 0.034355
0 0.434086 0.333975 0.030922 0.034004
0 0.808297 0.338477 0.036094 0.035547
0 0.899633 0.537842 0.035922 0.037637
0 0.825141 0.673623 0.034750 0.036816
0 0.982961 0.189766 0.032516 0.034609
0 0.568609 0.372246 0.035125 0.035898
0 0.580859 0.106436 0.044875 0.041348
0 0.231883 0.144990 0.041141 0.036035
0 0.727516 0.379863 0.031250 0.035508
0 0.984789 0.393867 0.030141 0.038320
0 0.297219 0.094424 0.040437 0.038965
0 0.365234 0.030098 0.045031 0.036562
0 0.912312 0.955430 0.034062 0.039687
0 0.015469 0.200332 0.030937 0.045430
0 0.078578 0.017705 0.040719 0.035410
0 0.988070 0.833066 0.020859 0.036016
0 0.007852 0.745967 0.015703 0.037832