0 0.741164 0.261396 0.034297 0.039316
0 0.296312 0.357881 0.036094 0.033574
0 0.111914 0.371201 0.033391 0.034785
0 0.172484 0.486416 0.036406 0.036816
0 0.046633 0.607422 0.038453 0.034766
0 0.200172 0.654629 0.033531 0.030234
0 0.088797 0.812754 0.033625 0.034258
0 0.494359 0.483047 0.027250 0.026523
0 0.237266 0.900234 0.033281 0.033242
0 0.323195 0.537363 0.033016 0.029023
0 0.297539 0.462842 0.028297 0.033809
0 0.355312 0.741953 0.034125 0.034297
0 0.494211 0.844336 0.032828 0.031758
0 0.685773 0.444883 0.028641 0.027656
0 0.371812 0.984102 0.031906 0.030469
0 0.855672 0.347480 0.031969 0.029336
0 0.622664 0.974307 0.034672 0.029160
0 0.595703 0.348320 0.034812 0.032344
0 0.459625 0.419082 0.031094 0.029648
0 0.898523 0.381006 0.038422 0.037949
0 0.741094 0.459033 0.033594 0.032520
0 0.369711 0.615859 0.032891 0.034570
0 0.612266 0.738027 0.031156 0.031914
0 0.479828 0.687764 0.032031 0.031660
0 0.607406 0.529541 0.029937 0.034355
0 0.468688 0.526982 0.031750 0.033574
0 0.883578 0.560137 0.036094 0.035547
0 0.880922 0.775186 0.035937 0.037637
0 0.747477 0.871699 0.034359 0.035820
0 0.984875 0.192305 0.030250 0.034609
0 0.571922 0.605957 0.034625 0.033945
0 0.897094 0.182666 0.044250 0.041270
0 0.437180 0.226465 0.041141 0.036016
0 0.751680 0.626191 0.032047 0.033477
0 0.583234 0.140781 0.040437 0.038984
0 0.736664 0.045107 0.045047 0.036543
0 0.269555 0.154795 0.042953 0.040527
0 0.420156 0.011934 0.040719 0.021641
0 0.131664 0.292432 0.039922 0.035918
0 0.009375 0.422139 0.018750 0.035020
0 0.087109 0.079053 0.045562 0.039395