0 0.524305 0.169980 0.034297 0.039336
0 0.174063 0.314063 0.037062 0.036797
0 0.116789 0.369619 0.035922 0.038613
0 0.112234 0.466318 0.036406 0.036816
0 0.053445 0.608223 0.036109 0.034766
0 0.230828 0.565723 0.033531 0.031484
0 0.172664 0.788965 0.029859 0.034258
0 0.499062 0.480146 0.029031 0.027910
0 0.343766 0.838633 0.032719 0.033242
0 0.303211 0.457432 0.031484 0.031152
0 0.296531 0.424160 0.036406 0.033750
0 0.404164 0.618525 0.033953 0.034824
0 0.581867 0.674951 0.032828 0.031738
0 0.688898 0.445859 0.028641 0.027656
0 0.508656 0.887207 0.031906 0.037422
0 0.861789 0.338662 0.032891 0.034355
0 0.738117 0.819482 0.037797 0.034980
0 0.665836 0.936094 0.031953 0.033750
0 0.821508 0.182559 0.038641 0.039766
0 0.439086 0.229561 0.036797 0.034980
0 0.367922 0.276699 0.033750 0.036875
0 0.714406 0.234072 0.035344 0.035723
0 0.624641 0.285186 0.032844 0.032520
0 0.996086 0.254629 0.007828 0.039219
0 0.386070 0.451875 0.032891 0.034961
0 0.648563 0.542139 0.033281 0.033926
0 0.904188 0.307041 0.037250 0.034395
0 0.511016 0.493936 0.031125 0.031660
0 0.551313 0.339209 0.029938 0.034355
0 0.437070 0.351182 0.030922 0.034004
0 0.816609 0.357246 0.036094 0.035547
0 0.899102 0.558379 0.035922 0.037617
0 0.819828 0.690635 0.034750 0.036816
0 0.982961 0.189766 0.032516 0.034609
0 0.570648 0.392246 0.034953 0.035234
0 0.610156 0.110322 0.044875 0.041348
0 0.248672 0.150146 0.041125 0.036035
0 0.731234 0.401377 0.031250 0.034824
0 0.988398 0.418887 0.023109 0.038320
0 0.320641 0.095713 0.040437 0.038965
0 0.399242 0.028076 0.045047 0.036543
0 0.902375 0.973643 0.034062 0.033926
0 0.030031 0.193984 0.036812 0.043789
0 0.106258 0.016328 0.040703 0.032656
0 0.982133 0.850479 0.025234 0.036035
0 0.003453 0.745967 0.006906 0.037832