0 0.493055 0.159951 0.034297 0.039316
0 0.159781 0.311084 0.038469 0.039902
0 0.118055 0.367627 0.037703 0.041309
0 0.103578 0.465283 0.036406 0.036816
0 0.057055 0.607295 0.037391 0.034785
0 0.237258 0.553848 0.033547 0.032344
0 0.185289 0.784023 0.029859 0.034258
0 0.499062 0.479668 0.029031 0.028867
0 0.358609 0.829355 0.032719 0.033242
0 0.303211 0.455635 0.031484 0.034746
0 0.293312 0.410859 0.036406 0.033750
0 0.411445 0.598994 0.033953 0.034824
0 0.592805 0.651201 0.032828 0.031738
0 0.689633 0.446094 0.028641 0.027656
0 0.525734 0.871133 0.031906 0.037422
0 0.863570 0.338662 0.032891 0.034355
0 0.751719 0.796289 0.037781 0.034961
0 0.684008 0.918457 0.034672 0.033750
0 0.785945 0.170996 0.038391 0.038789
0 0.417641 0.215674 0.036813 0.034980
0 0.356586 0.262012 0.033734 0.036875
0 0.687320 0.219424 0.035359 0.035723
0 0.609547 0.266299 0.032844 0.032520
0 0.978219 0.230010 0.030250 0.039238
0 0.391805 0.430068 0.032891 0.034980
0 0.656586 0.515068 0.034766 0.035332
0 0.882359 0.283857 0.037250 0.034395
0 0.520914 0.463662 0.031109 0.031660
0 0.545844 0.312842 0.029938 0.034355
0 0.432898 0.327100 0.030922 0.034004
0 0.804984 0.330977 0.036094 0.035547
0 0.899844 0.529619 0.035937 0.037637
0 0.827250 0.666826 0.034750 0.036816
0 0.982961 0.189766 0.032516 0.034609
0 0.567797 0.364248 0.035187 0.036152
0 0.569141 0.104893 0.044875 0.041348
0 0.225172 0.142930 0.041125 0.036016
0 0.726031 0.371260 0.031250 0.035801
0 0.983344 0.383848 0.032938 0.038320
0 0.287859 0.093906 0.040437 0.038984
0 0.351625 0.030908 0.045031 0.036543
0 0.916094 0.945596 0.034063 0.041270
0 0.013383 0.202871 0.026734 0.046094
0 0.067500 0.018262 0.040719 0.036523
0 0.990445 0.826104 0.019109 0.036035
0 0.008359 0.745967 0.016719 0.037832