0 0.419344 0.145947 0.033781 0.039316
0 0.133867 0.304863 0.039078 0.041211
0 0.118602 0.366768 0.038453 0.042441
0 0.099867 0.464834 0.036391 0.036816
0 0.073695 0.606279 0.038453 0.034785
0 0.257828 0.521553 0.033531 0.032715
0 0.218398 0.770762 0.029859 0.034258
0 0.500578 0.477012 0.029031 0.029141
0 0.391195 0.806816 0.032734 0.033242
0 0.303211 0.454854 0.031484 0.036309
0 0.288969 0.377344 0.036406 0.033750
0 0.429727 0.560010 0.033953 0.034824
0 0.608563 0.593848 0.035344 0.036719
0 0.691859 0.443633 0.028625 0.027656
0 0.566203 0.834551 0.031906 0.037422
0 0.864328 0.338662 0.032875 0.034355
0 0.776852 0.739961 0.037797 0.034961
0 0.732867 0.864531 0.035828 0.033750
0 0.691492 0.150410 0.036828 0.037227
0 0.374312 0.186836 0.036813 0.034961
0 0.331922 0.224180 0.031750 0.036875
0 0.621344 0.186963 0.035344 0.035723
0 0.570031 0.221494 0.032844 0.032520
0 0.894352 0.190215 0.038609 0.039219
0 0.394070 0.375146 0.032891 0.034980
0 0.664789 0.444463 0.036672 0.035684
0 0.829453 0.231865 0.037250 0.034395
0 0.530352 0.398320 0.033047 0.033555
0 0.521523 0.259541 0.029953 0.034355
0 0.426055 0.267646 0.030922 0.034004
0 0.769813 0.267129 0.036094 0.035547
0 0.892242 0.462256 0.035922 0.037637
0 0.837859 0.604053 0.034750 0.036816
0 0.985703 0.184814 0.028125 0.034590
0 0.561625 0.296875 0.037281 0.035937
0 0.469813 0.099404 0.044875 0.041348
0 0.168586 0.134893 0.041141 0.036035
0 0.710203 0.299609 0.030531 0.030859
0 0.961547 0.305127 0.037156 0.038340
0 0.206516 0.098076 0.040438 0.038965
0 0.249086 0.043877 0.045047 0.036543
0 0.953711 0.901738 0.034047 0.041250
0 0.038133 0.744111 0.033266 0.037832