0 0.705586 0.241895 0.034297 0.039336
0 0.271078 0.348506 0.036094 0.033574
0 0.111914 0.371201 0.033391 0.034785
0 0.158188 0.484326 0.036406 0.036816
0 0.045789 0.609551 0.038453 0.034766
0 0.205102 0.639316 0.033547 0.030234
0 0.101828 0.810664 0.032188 0.034258
0 0.496234 0.482168 0.027969 0.026523
0 0.253609 0.893223 0.032719 0.033242
0 0.317680 0.517656 0.032453 0.029023
0 0.298305 0.463799 0.028297 0.033809
0 0.364227 0.721484 0.033953 0.034805
0 0.509758 0.817998 0.032828 0.031738
0 0.685773 0.444883 0.028641 0.027656
0 0.397000 0.971250 0.031906 0.037422
0 0.859773 0.345361 0.033484 0.032949
0 0.644852 0.951797 0.034672 0.033789
0 0.569734 0.326016 0.034812 0.032344
0 0.441609 0.394385 0.031656 0.030488
0 0.868672 0.353037 0.035562 0.033770
0 0.723828 0.427920 0.032844 0.032520
0 0.371273 0.587988 0.032891 0.034961
0 0.619516 0.707080 0.031156 0.031934
0 0.487719 0.654541 0.031125 0.031660
0 0.597547 0.498057 0.029937 0.034355
0 0.463117 0.494365 0.030922 0.034004
0 0.874687 0.523301 0.036094 0.035547
0 0.888117 0.738145 0.035922 0.037617
0 0.763938 0.842656 0.034750 0.036797
0 0.984398 0.191670 0.030828 0.034590
0 0.572172 0.570283 0.034625 0.033965
0 0.848898 0.163193 0.044859 0.041270
0 0.401836 0.210703 0.041141 0.036016
0 0.749109 0.587852 0.031250 0.033477
0 0.534641 0.128184 0.040437 0.038984
0 0.674906 0.037070 0.045031 0.036562
0 0.223898 0.156182 0.043859 0.040527
0 0.363148 0.009268 0.040703 0.018535
0 0.900414 0.986631 0.033984 0.022754
0 0.097875 0.301221 0.039906 0.035918
0 0.027937 0.100625 0.045562 0.039375