0 0.596734 0.195449 0.034312 0.039336
0 0.208180 0.323877 0.035391 0.032793
0 0.113898 0.372021 0.033391 0.034785
0 0.129953 0.472236 0.036406 0.036816
0 0.050367 0.609551 0.038453 0.034766
0 0.218789 0.593828 0.033547 0.030234
0 0.143242 0.799160 0.029859 0.034258
0 0.499062 0.480840 0.029031 0.026523
0 0.306172 0.861680 0.032719 0.033242
0 0.308930 0.453389 0.031828 0.027402
0 0.297812 0.455820 0.033031 0.031953
0 0.385555 0.662002 0.033953 0.034824
0 0.553414 0.732061 0.032828 0.031738
0 0.687125 0.445312 0.028625 0.027656
0 0.466828 0.922207 0.031906 0.037422
0 0.859242 0.339385 0.032891 0.032910
0 0.704594 0.871963 0.036719 0.034551
0 0.619586 0.977090 0.028078 0.025664
0 0.904008 0.212881 0.038984 0.041113
0 0.490023 0.264531 0.036109 0.034062
0 0.394086 0.317500 0.033016 0.034648
0 0.776242 0.272813 0.035359 0.035742
0 0.664031 0.335303 0.032844 0.032520
0 0.378242 0.503066 0.032891 0.034961
0 0.634938 0.607969 0.031156 0.031914
0 0.954758 0.364229 0.036359 0.034395
0 0.494742 0.559893 0.031109 0.031660
0 0.566969 0.400918 0.029938 0.034375
0 0.447648 0.405635 0.030922 0.034004
0 0.842125 0.421074 0.036094 0.035547
0 0.896977 0.626631 0.035922 0.037637
0 0.801391 0.750928 0.034750 0.036816
0 0.982961 0.189766 0.032516 0.034609
0 0.575437 0.459854 0.034625 0.033965
0 0.707219 0.125176 0.044875 0.041328
0 0.306469 0.169355 0.041125 0.036016
0 0.740461 0.472900 0.031234 0.033457
0 0.997453 0.492734 0.005094 0.038320
0 0.400594 0.102744 0.040437 0.038965
0 0.507891 0.024912 0.045031 0.036543
0 0.099266 0.174180 0.043844 0.040508
0 0.201164 0.012227 0.040703 0.024453
0 0.958508 0.907998 0.033984 0.036035
0 0.021898 0.337861 0.022672 0.028418