0 0.506445 0.164248 0.034297 0.039316
0 0.165898 0.312363 0.037859 0.038555
0 0.117508 0.368486 0.036922 0.040137
0 0.107289 0.465723 0.036391 0.036797
0 0.055250 0.607695 0.036344 0.034766
0 0.234500 0.558936 0.033531 0.031973
0 0.179883 0.786133 0.029859 0.034258
0 0.499062 0.479873 0.029031 0.028457
0 0.352250 0.833330 0.032719 0.033223
0 0.303211 0.456406 0.031484 0.033203
0 0.294687 0.416562 0.036406 0.033750
0 0.408320 0.607363 0.033953 0.034805
0 0.588117 0.661377 0.032828 0.031738
0 0.689320 0.445996 0.028641 0.027656
0 0.518422 0.878027 0.031906 0.037422
0 0.862805 0.338662 0.032891 0.034355
0 0.745883 0.806230 0.037797 0.034961
0 0.676219 0.926016 0.033500 0.033750
0 0.801187 0.175947 0.038500 0.039199
0 0.426836 0.221621 0.036797 0.034961
0 0.361445 0.268301 0.033734 0.036875
0 0.698930 0.225703 0.035359 0.035742
0 0.616016 0.274385 0.032844 0.032520
0 0.987383 0.234551 0.021922 0.039219
0 0.389344 0.439414 0.032875 0.034961
0 0.653148 0.526670 0.034141 0.034746
0 0.891703 0.293799 0.037250 0.034395
0 0.516664 0.476631 0.031109 0.031660
0 0.548188 0.324141 0.029938 0.034375
0 0.434688 0.337412 0.030938 0.034004
0 0.809969 0.342227 0.036094 0.035547
0 0.899523 0.541943 0.035922 0.037637
0 0.824078 0.677031 0.034750 0.036797
0 0.982961 0.189766 0.032516 0.034609
0 0.569016 0.376250 0.035094 0.035742
0 0.586719 0.107217 0.044875 0.041348
0 0.235234 0.146016 0.041125 0.036016
0 0.728266 0.384170 0.031250 0.035371
0 0.985508 0.398867 0.028734 0.038320
0 0.301906 0.094678 0.040437 0.038965
0 0.372031 0.029697 0.045031 0.036543
0 0.910422 0.960342 0.034063 0.038887
0 0.016523 0.199063 0.033047 0.045117
0 0.084109 0.017432 0.040719 0.034863
0 0.986883 0.836543 0.021734 0.036016
0 0.007594 0.745967 0.015188 0.037832