0 0.604672 0.198633 0.034313 0.039336
0 0.212102 0.325459 0.035516 0.032910
0 0.113602 0.371895 0.033391 0.034805
0 0.131469 0.473506 0.036406 0.036816
0 0.050367 0.609551 0.038453 0.034766
0 0.217977 0.597012 0.033547 0.030234
0 0.139992 0.800039 0.029859 0.034258
0 0.499062 0.480840 0.029031 0.026523
0 0.301500 0.864473 0.032719 0.033242
0 0.309211 0.458291 0.031922 0.027637
0 0.297250 0.458809 0.032750 0.031445
0 0.383211 0.666455 0.033953 0.034824
0 0.549758 0.738672 0.032828 0.031758
0 0.686922 0.445244 0.028625 0.027676
0 0.461828 0.925645 0.031906 0.037422
0 0.859242 0.339590 0.032891 0.032500
0 0.700570 0.877500 0.036391 0.034453
0 0.613789 0.981611 0.028078 0.023340
0 0.913062 0.216826 0.038969 0.041113
0 0.495828 0.268848 0.035906 0.033789
0 0.396938 0.323154 0.032813 0.034004
0 0.782859 0.277900 0.035344 0.035723
0 0.669125 0.341924 0.032844 0.032520
0 0.378352 0.508789 0.032891 0.034961
0 0.634328 0.615732 0.031156 0.031934
0 0.960297 0.371104 0.036094 0.034395
0 0.494133 0.566377 0.031109 0.031660
0 0.569203 0.407793 0.029938 0.034375
0 0.448977 0.411357 0.030922 0.034004
0 0.844672 0.428574 0.036094 0.035547
0 0.896664 0.634385 0.035922 0.037637
0 0.799156 0.758428 0.034750 0.036816
0 0.982961 0.189766 0.032516 0.034609
0 0.575641 0.467734 0.034625 0.033945
0 0.718211 0.127217 0.044859 0.041309
0 0.313391 0.171895 0.041125 0.036016
0 0.740969 0.481045 0.031250 0.033457
0 0.410062 0.104014 0.040437 0.038965
0 0.519492 0.025176 0.045047 0.036562
0 0.108227 0.172148 0.043859 0.040508
0 0.212469 0.011846 0.040719 0.023691
0 0.955148 0.914482 0.033984 0.036035
0 0.026070 0.334863 0.025328 0.029570