0 0.697953 0.238457 0.034313 0.039336
0 0.266094 0.346592 0.036094 0.033574
0 0.111914 0.371201 0.033391 0.034785
0 0.155750 0.483818 0.036406 0.036816
0 0.046398 0.609551 0.038453 0.034766
0 0.206219 0.635996 0.033531 0.030234
0 0.104531 0.809902 0.031875 0.034258
0 0.496617 0.481992 0.028109 0.026523
0 0.256562 0.891445 0.032719 0.033242
0 0.316766 0.513340 0.032438 0.029023
0 0.298461 0.463994 0.028297 0.033809
0 0.365039 0.717412 0.033953 0.034824
0 0.512398 0.812275 0.032828 0.031738
0 0.685773 0.444883 0.028641 0.027656
0 0.401984 0.967695 0.031906 0.037422
0 0.861422 0.344512 0.034094 0.034414
0 0.649328 0.945957 0.034687 0.033789
0 0.564141 0.321562 0.034812 0.032344
0 0.437742 0.389043 0.031672 0.030508
0 0.857758 0.346230 0.031891 0.030664
0 0.720266 0.421318 0.032844 0.032520
0 0.372289 0.581631 0.032891 0.034980
0 0.621047 0.700586 0.031156 0.031914
0 0.488125 0.647549 0.031125 0.031660
0 0.595406 0.491064 0.029937 0.034355
0 0.462211 0.487490 0.030922 0.034004
0 0.872563 0.516172 0.036094 0.035547
0 0.889031 0.730000 0.035937 0.037617
0 0.766992 0.836924 0.034766 0.036816
0 0.984211 0.191416 0.031047 0.034590
0 0.572781 0.562402 0.034625 0.033945
0 0.839539 0.159893 0.044859 0.041270
0 0.395117 0.207393 0.041141 0.036035
0 0.748398 0.579580 0.031234 0.033457
0 0.524969 0.125898 0.040437 0.038984
0 0.662695 0.035664 0.045047 0.036562
0 0.215039 0.156816 0.043859 0.040508
0 0.351344 0.009336 0.040719 0.018672
0 0.905250 0.981953 0.034000 0.024180
0 0.091367 0.303516 0.039922 0.035938
0 0.020148 0.104307 0.035484 0.040059