0 0.478477 0.157080 0.034297 0.039316
0 0.153664 0.309814 0.039078 0.041230
0 0.118602 0.366768 0.038453 0.042441
0 0.099867 0.464834 0.036391 0.036816
0 0.058852 0.606895 0.038453 0.034766
0 0.240016 0.548760 0.033531 0.032715
0 0.190695 0.781895 0.029859 0.034258
0 0.499164 0.479365 0.029047 0.029160
0 0.364969 0.825371 0.032719 0.033242
0 0.303211 0.454854 0.031484 0.036309
0 0.291938 0.405166 0.036406 0.033730
0 0.416367 0.593408 0.033953 0.034824
0 0.595930 0.640869 0.032828 0.031738
0 0.689977 0.445996 0.028641 0.027656
0 0.533047 0.864238 0.031906 0.037422
0 0.864328 0.338662 0.032875 0.034355
0 0.757555 0.786348 0.037797 0.034961
0 0.691805 0.910908 0.035828 0.033730
0 0.769430 0.167695 0.038328 0.038516
0 0.408453 0.209717 0.036813 0.034980
0 0.351727 0.255723 0.033734 0.036875
0 0.671805 0.211709 0.035359 0.035723
0 0.601687 0.257373 0.032844 0.032520
0 0.969063 0.225469 0.038594 0.039219
0 0.390609 0.420303 0.032875 0.034980
0 0.659594 0.503799 0.035187 0.035723
0 0.873000 0.273916 0.037250 0.034395
0 0.524445 0.450596 0.031109 0.031660
0 0.539336 0.305312 0.029953 0.034375
0 0.431008 0.314033 0.030922 0.034004
0 0.800000 0.319707 0.036094 0.035547
0 0.900164 0.517295 0.035922 0.037637
0 0.830438 0.656621 0.034750 0.036797
0 0.982961 0.189766 0.032516 0.034609
0 0.566570 0.352246 0.035297 0.036523
0 0.554008 0.102607 0.044859 0.041348
0 0.215094 0.139834 0.041125 0.036035
0 0.722078 0.356523 0.030531 0.030859
0 0.981172 0.368828 0.037156 0.038320
0 0.273813 0.093135 0.040437 0.038965
0 0.331219 0.032129 0.045031 0.036562
0 0.922727 0.942881 0.034047 0.041270
0 0.010258 0.206680 0.020422 0.047070
0 0.050891 0.019082 0.040719 0.038164
0 0.992094 0.820449 0.015813 0.041875
0 0.014406 0.745967 0.028813 0.037832