0 0.751055 0.267949 0.034297 0.039336
0 0.303969 0.360635 0.036094 0.033574
0 0.111914 0.371201 0.033391 0.034785
0 0.177391 0.486904 0.036406 0.036816
0 0.048063 0.606152 0.038437 0.034766
0 0.198898 0.658867 0.033547 0.030234
0 0.085031 0.812852 0.034031 0.034258
0 0.493797 0.483320 0.027031 0.026523
0 0.231883 0.901768 0.033609 0.033223
0 0.325133 0.542715 0.033359 0.029023
0 0.297312 0.462559 0.028313 0.033789
0 0.351187 0.748115 0.034219 0.034004
0 0.488844 0.851553 0.032813 0.031738
0 0.685773 0.444883 0.028641 0.027656
0 0.364172 0.986475 0.031906 0.026309
0 0.855672 0.347480 0.031969 0.029336
0 0.616070 0.979023 0.034672 0.026406
0 0.602891 0.355020 0.034813 0.032344
0 0.464641 0.425898 0.030750 0.029141
0 0.905008 0.389932 0.038422 0.037637
0 0.746109 0.467783 0.034063 0.032520
0 0.370305 0.623047 0.032891 0.034336
0 0.610203 0.746865 0.031156 0.031934
0 0.475703 0.697197 0.032563 0.031660
0 0.610117 0.537939 0.029953 0.034355
0 0.470656 0.536240 0.032250 0.033340
0 0.885687 0.571543 0.036094 0.035547
0 0.877977 0.785195 0.035922 0.037617
0 0.742172 0.880527 0.034125 0.035234
0 0.984875 0.192305 0.030250 0.034609
0 0.572688 0.615527 0.034625 0.033945
0 0.911969 0.189385 0.043906 0.041270
0 0.448312 0.230947 0.041125 0.036035
0 0.752148 0.636797 0.032516 0.033477
0 0.596859 0.144902 0.040437 0.038984
0 0.755391 0.047832 0.045031 0.036562
0 0.283664 0.154922 0.042422 0.040508
0 0.436648 0.013633 0.040703 0.023711
0 0.142172 0.290596 0.039906 0.035918
0 0.012031 0.417148 0.024063 0.037383
0 0.104906 0.073750 0.045562 0.039375