0 0.644367 0.214531 0.034297 0.039336
0 0.231711 0.333398 0.036047 0.033516
0 0.112070 0.371260 0.033391 0.034785
0 0.139109 0.479873 0.036406 0.036816
0 0.050367 0.609551 0.038453 0.034766
0 0.213898 0.612910 0.033547 0.030234
0 0.123695 0.804492 0.029859 0.034258
0 0.499062 0.480840 0.029031 0.026523
0 0.278086 0.878467 0.032734 0.033223
0 0.310664 0.482764 0.032391 0.028887
0 0.298898 0.464971 0.028703 0.026074
0 0.371508 0.688721 0.033953 0.034824
0 0.531430 0.771748 0.032828 0.031738
0 0.685875 0.444922 0.028625 0.027656
0 0.436898 0.942813 0.031891 0.037422
0 0.859242 0.340518 0.032891 0.030645
0 0.680453 0.905146 0.034844 0.033848
0 0.958352 0.236543 0.038984 0.041133
0 0.524844 0.290459 0.034906 0.032480
0 0.411180 0.351475 0.031766 0.030801
0 0.815938 0.303350 0.035344 0.035723
0 0.694562 0.375000 0.032844 0.032500
0 0.378852 0.537422 0.032891 0.034961
0 0.631281 0.654531 0.031156 0.031914
0 0.983703 0.405449 0.032594 0.034414
0 0.491070 0.598818 0.031109 0.031660
0 0.580398 0.442139 0.029953 0.034355
0 0.455586 0.439990 0.030922 0.034004
0 0.857391 0.466113 0.036094 0.035547
0 0.895141 0.673193 0.035937 0.037637
0 0.787953 0.795967 0.034750 0.036816
0 0.982961 0.189766 0.032516 0.034609
0 0.576656 0.507178 0.034625 0.033965
0 0.773172 0.137373 0.044875 0.041270
0 0.347992 0.184619 0.041141 0.036035
0 0.743516 0.521748 0.031250 0.033457
0 0.457391 0.110381 0.040437 0.038965
0 0.577508 0.026445 0.045047 0.036562
0 0.153008 0.161973 0.043859 0.040508
0 0.268953 0.009941 0.040719 0.019883
0 0.938359 0.946924 0.034000 0.036035
0 0.046938 0.319902 0.038594 0.035352