0 0.584820 0.190684 0.034297 0.039336
0 0.202305 0.321494 0.035234 0.032598
0 0.114359 0.372217 0.033375 0.034785
0 0.127656 0.470322 0.036406 0.036816
0 0.050367 0.609551 0.038453 0.034766
0 0.220008 0.589063 0.033547 0.030234
0 0.148133 0.797813 0.029859 0.034258
0 0.499062 0.480840 0.029031 0.026523
0 0.313203 0.857480 0.032719 0.033242
0 0.306469 0.456113 0.031688 0.027031
0 0.298922 0.450908 0.033937 0.032715
0 0.389062 0.655322 0.033938 0.034824
0 0.558914 0.722139 0.032828 0.031738
0 0.687438 0.445410 0.028625 0.027656
0 0.474297 0.917051 0.031906 0.037422
0 0.859242 0.339072 0.032891 0.033535
0 0.710633 0.863672 0.037172 0.034727
0 0.628273 0.970303 0.028078 0.029121
0 0.890414 0.206973 0.038984 0.041133
0 0.481312 0.258047 0.036406 0.034453
0 0.389820 0.309014 0.033328 0.035605
0 0.766320 0.265186 0.035359 0.035723
0 0.656406 0.325381 0.032844 0.032520
0 0.378086 0.494482 0.032891 0.034980
0 0.635859 0.596328 0.031156 0.031914
0 0.946445 0.353916 0.036734 0.034395
0 0.495656 0.550156 0.031125 0.031641
0 0.563609 0.390615 0.029938 0.034355
0 0.445664 0.397041 0.030922 0.034004
0 0.838313 0.409805 0.036094 0.035547
0 0.897430 0.614990 0.035922 0.037637
0 0.804750 0.739668 0.034750 0.036797
0 0.982961 0.189766 0.032516 0.034609
0 0.575125 0.448018 0.034625 0.033965
0 0.690734 0.122129 0.044875 0.041328
0 0.296086 0.165537 0.041141 0.036035
0 0.739695 0.460684 0.031234 0.033477
0 0.996438 0.485098 0.007125 0.038320
0 0.386391 0.100830 0.040438 0.038965
0 0.490484 0.024531 0.045031 0.036563
0 0.085828 0.177236 0.043844 0.040527
0 0.184219 0.012803 0.040719 0.025605
0 0.963547 0.898271 0.034000 0.036035
0 0.015633 0.342363 0.018703 0.026680