0 0.448914 0.151514 0.034047 0.039316
0 0.143766 0.307334 0.039094 0.041230
0 0.118602 0.366768 0.038453 0.042441
0 0.099867 0.464834 0.036391 0.036816
0 0.066273 0.606582 0.038453 0.034766
0 0.248922 0.535156 0.033531 0.032734
0 0.204539 0.776328 0.029859 0.034258
0 0.499867 0.478184 0.029047 0.029141
0 0.378086 0.816094 0.032734 0.033242
0 0.303211 0.454854 0.031484 0.036309
0 0.290453 0.391250 0.036406 0.033750
0 0.423039 0.576709 0.033953 0.034824
0 0.602242 0.617363 0.034078 0.034219
0 0.690922 0.444814 0.028625 0.027676
0 0.549625 0.849395 0.031906 0.037422
0 0.864328 0.338662 0.032875 0.034355
0 0.767195 0.763154 0.037797 0.034980
0 0.712336 0.887715 0.035828 0.033750
0 0.730461 0.159053 0.037578 0.037871
0 0.391383 0.198271 0.036797 0.034980
0 0.341828 0.239941 0.032750 0.036875
0 0.646570 0.199336 0.035359 0.035742
0 0.585859 0.239443 0.032844 0.032520
0 0.931711 0.207832 0.038609 0.039219
0 0.392344 0.397725 0.032875 0.034980
0 0.662188 0.474131 0.035937 0.035684
0 0.851234 0.252891 0.037250 0.034414
0 0.527398 0.424453 0.032078 0.032617
0 0.530430 0.282432 0.029953 0.034355
0 0.428523 0.290830 0.030922 0.034004
0 0.784906 0.293418 0.036094 0.035547
0 0.896203 0.489775 0.035937 0.037637
0 0.834148 0.630342 0.034766 0.036816
0 0.984328 0.187285 0.030312 0.034609
0 0.564094 0.324561 0.036281 0.036230
0 0.511906 0.101006 0.044875 0.041348
0 0.191844 0.137363 0.041125 0.036016
0 0.716141 0.328066 0.030531 0.030859
0 0.972430 0.336973 0.037172 0.038320
0 0.240164 0.095605 0.040453 0.038984
0 0.290148 0.037998 0.045047 0.036543
0 0.938219 0.922314 0.034063 0.041270
0 0.018250 0.027588 0.036500 0.037520
0 0.995945 0.793291 0.008109 0.027559
0 0.024180 0.745029 0.031047 0.037832