0 0.648336 0.216133 0.034297 0.039336
0 0.233672 0.334189 0.036094 0.033574
0 0.111914 0.371201 0.033391 0.034785
0 0.139875 0.480508 0.036406 0.036797
0 0.050367 0.609551 0.038453 0.034766
0 0.213492 0.614502 0.033547 0.030254
0 0.122070 0.804941 0.029859 0.034258
0 0.499062 0.480840 0.029031 0.026523
0 0.275742 0.879873 0.032734 0.033223
0 0.310813 0.485215 0.032438 0.029023
0 0.299070 0.465479 0.028297 0.024902
0 0.370336 0.690947 0.033953 0.034824
0 0.529602 0.775059 0.032828 0.031758
0 0.685773 0.444883 0.028641 0.027656
0 0.434406 0.944531 0.031906 0.037422
0 0.859242 0.340518 0.032891 0.030645
0 0.678438 0.907910 0.034687 0.033789
0 0.962883 0.238516 0.038984 0.041133
0 0.527750 0.292617 0.034812 0.032344
0 0.412602 0.354307 0.031672 0.030488
0 0.819250 0.305889 0.035344 0.035723
0 0.697109 0.378311 0.032844 0.032520
0 0.378906 0.540283 0.032875 0.034980
0 0.630969 0.658418 0.031156 0.031914
0 0.984320 0.408877 0.031359 0.034395
0 0.490773 0.602061 0.031109 0.031660
0 0.581516 0.445576 0.029938 0.034355
0 0.456258 0.442842 0.030922 0.034004
0 0.858664 0.469863 0.036078 0.035547
0 0.894984 0.677070 0.035937 0.037617
0 0.786844 0.799717 0.034750 0.036816
0 0.982961 0.189766 0.032516 0.034609
0 0.576750 0.511123 0.034625 0.033965
0 0.778672 0.138389 0.044875 0.041270
0 0.351453 0.185898 0.041125 0.036016
0 0.743766 0.525830 0.031250 0.033457
0 0.462125 0.111006 0.040437 0.038965
0 0.583305 0.026572 0.045047 0.036543
0 0.157484 0.160957 0.043844 0.040508
0 0.274602 0.009746 0.040703 0.019492
0 0.936672 0.950176 0.034000 0.036055
0 0.049023 0.318398 0.039922 0.035938