0 0.678867 0.229863 0.034297 0.039336
0 0.253625 0.341826 0.036094 0.033574
0 0.111914 0.371201 0.033391 0.034785
0 0.149641 0.482549 0.036406 0.036816
0 0.047930 0.609551 0.038453 0.034766
0 0.209016 0.627734 0.033531 0.030234
0 0.111273 0.807988 0.031109 0.034258
0 0.497563 0.481543 0.028469 0.026523
0 0.263937 0.886992 0.032719 0.033242
0 0.314469 0.502520 0.032437 0.029023
0 0.298836 0.464463 0.028297 0.033809
0 0.367070 0.707236 0.033953 0.034824
0 0.519016 0.797959 0.032813 0.031738
0 0.685773 0.444883 0.028641 0.027656
0 0.414453 0.958789 0.031906 0.037422
0 0.861211 0.342080 0.028984 0.031035
0 0.660531 0.931328 0.034687 0.033789
0 0.990398 0.264277 0.019203 0.041133
0 0.550141 0.310430 0.034813 0.032344
0 0.428070 0.375684 0.031672 0.030508
0 0.842156 0.330156 0.032188 0.030586
0 0.711359 0.404775 0.032844 0.032520
0 0.374836 0.565723 0.032891 0.034961
0 0.624859 0.684365 0.031156 0.031934
0 0.993734 0.434971 0.012531 0.034395
0 0.489148 0.630049 0.031109 0.031660
0 0.590062 0.473564 0.029938 0.034355
0 0.459914 0.470322 0.030922 0.034004
0 0.867219 0.498359 0.036094 0.035547
0 0.891320 0.709639 0.035922 0.037637
0 0.774625 0.822617 0.034750 0.036797
0 0.983727 0.190781 0.031609 0.034609
0 0.574313 0.542676 0.034625 0.033945
0 0.816125 0.151621 0.044875 0.041289
0 0.378320 0.199121 0.041141 0.036016
0 0.746617 0.558906 0.031234 0.033477
0 0.500797 0.120166 0.040437 0.038965
0 0.632164 0.032168 0.045047 0.036562
0 0.192898 0.158408 0.043859 0.040527
0 0.321828 0.009492 0.040719 0.018984
0 0.917336 0.970244 0.033984 0.027715
0 0.075078 0.309238 0.039906 0.035938
0 0.007187 0.118555 0.013875 0.030234