0 0.612609 0.201816 0.034313 0.039336
0 0.216023 0.327051 0.035609 0.033008
0 0.113289 0.371768 0.033391 0.034785
0 0.133000 0.474775 0.036406 0.036816
0 0.050367 0.609551 0.038453 0.034766
0 0.217156 0.600195 0.033531 0.030234
0 0.136727 0.800938 0.029859 0.034258
0 0.499062 0.480840 0.029031 0.026523
0 0.296813 0.867275 0.032719 0.033223
0 0.309508 0.463184 0.032016 0.027891
0 0.298164 0.462227 0.031953 0.030938
0 0.380867 0.670908 0.033953 0.034824
0 0.546086 0.745283 0.032828 0.031738
0 0.686711 0.445176 0.028641 0.027656
0 0.456844 0.929072 0.031906 0.037441
0 0.859242 0.339795 0.032891 0.032090
0 0.696547 0.883027 0.036094 0.034336
0 0.608000 0.986133 0.028094 0.021016
0 0.922125 0.220771 0.038969 0.041113
0 0.501633 0.273174 0.035703 0.033535
0 0.399789 0.328828 0.032609 0.033359
0 0.789477 0.282998 0.035359 0.035723
0 0.674211 0.348545 0.032859 0.032520
0 0.378445 0.514521 0.032891 0.034980
0 0.633719 0.623486 0.031156 0.031934
0 0.965844 0.377969 0.035844 0.034414
0 0.493523 0.572861 0.031109 0.031660
0 0.571438 0.414658 0.029938 0.034355
0 0.450297 0.417080 0.030937 0.034004
0 0.847219 0.436094 0.036094 0.035547
0 0.896359 0.642148 0.035937 0.037617
0 0.796922 0.765937 0.034750 0.036797
0 0.982961 0.189766 0.032516 0.034609
0 0.575844 0.475625 0.034625 0.033945
0 0.729203 0.129248 0.044875 0.041309
0 0.320305 0.174443 0.041141 0.036035
0 0.741477 0.489189 0.031234 0.033457
0 0.419523 0.105283 0.040453 0.038965
0 0.531094 0.025430 0.045031 0.036562
0 0.117180 0.170117 0.043859 0.040508
0 0.223766 0.011465 0.040719 0.022930
0 0.951789 0.920977 0.033984 0.036055
0 0.030242 0.331885 0.027984 0.030723