0 0.368320 0.136172 0.033578 0.039336
0 0.118820 0.301943 0.039078 0.041230
0 0.118602 0.367041 0.038453 0.042441
0 0.099656 0.463516 0.036406 0.036797
0 0.087258 0.603633 0.038453 0.034766
0 0.270758 0.499814 0.033547 0.032715
0 0.243633 0.760703 0.029859 0.034258
0 0.501180 0.475996 0.029047 0.029141
0 0.417703 0.787998 0.032719 0.033223
0 0.303211 0.454854 0.031484 0.036309
0 0.288969 0.353477 0.036406 0.033750
0 0.444352 0.527891 0.033953 0.034805
0 0.624156 0.551436 0.036406 0.038848
0 0.692672 0.442627 0.028625 0.027676
0 0.593125 0.805391 0.031906 0.037422
0 0.864328 0.338662 0.032875 0.034355
0 0.795039 0.699727 0.037797 0.034961
0 0.762977 0.826357 0.035828 0.033730
0 0.625664 0.138320 0.035359 0.035625
0 0.344133 0.168193 0.036797 0.034980
0 0.316367 0.197402 0.030891 0.036875
0 0.577469 0.166494 0.035344 0.035723
0 0.540656 0.190791 0.032844 0.032520
0 0.832117 0.162070 0.038609 0.039219
0 0.400047 0.338213 0.032875 0.034980
0 0.665742 0.398994 0.037297 0.035645
0 0.790297 0.197490 0.037250 0.034395
0 0.536187 0.355322 0.033875 0.034355
0 0.507859 0.221738 0.029938 0.034375
0 0.421445 0.229053 0.030922 0.034004
0 0.742563 0.223848 0.036094 0.035547
0 0.883906 0.415908 0.035937 0.037637
0 0.842562 0.560537 0.034750 0.036816
0 0.986875 0.182695 0.026250 0.034609
0 0.988516 0.233135 0.022094 0.039199
0 0.557633 0.248203 0.038109 0.035703
0 0.396031 0.096572 0.044875 0.041348
0 0.132336 0.132246 0.039672 0.036016
0 0.698922 0.250273 0.030531 0.030859
0 0.940000 0.251992 0.037156 0.038320
0 0.152945 0.102021 0.040453 0.038965
0 0.177508 0.057607 0.045047 0.035762
0 0.934625 0.990244 0.027406 0.019512
0 0.978883 0.866826 0.031609 0.041230
0 0.061547 0.741719 0.035187 0.037852