0 0.385437 0.139512 0.033563 0.039336
0 0.123195 0.302480 0.039078 0.041211
0 0.118602 0.366865 0.038453 0.042441
0 0.099797 0.464404 0.036406 0.036816
0 0.082461 0.605215 0.038453 0.034766
0 0.267227 0.506533 0.033547 0.032715
0 0.234727 0.764238 0.029859 0.034258
0 0.501180 0.475996 0.029047 0.029141
0 0.407523 0.795244 0.032734 0.033223
0 0.303211 0.454854 0.031484 0.036309
0 0.288117 0.361436 0.036391 0.033730
0 0.438414 0.539766 0.033953 0.034805
0 0.617375 0.566279 0.036406 0.038848
0 0.692672 0.442627 0.028625 0.027676
0 0.584641 0.816348 0.031906 0.037422
0 0.864328 0.338662 0.032875 0.034355
0 0.788422 0.713301 0.037781 0.034961
0 0.754633 0.838555 0.035828 0.033750
0 0.647281 0.141436 0.035906 0.036309
0 0.354500 0.174082 0.036813 0.034961
0 0.321086 0.206230 0.030891 0.036875
0 0.592297 0.173076 0.035344 0.035723
0 0.551187 0.201025 0.032844 0.032520
0 0.852258 0.170762 0.038609 0.039219
0 0.397055 0.349941 0.032891 0.034961
0 0.666586 0.412354 0.037297 0.035645
0 0.803969 0.208389 0.037250 0.034395
0 0.533984 0.369053 0.033875 0.034355
0 0.511883 0.233867 0.029953 0.034375
0 0.423102 0.241533 0.030922 0.034004
0 0.752109 0.237676 0.036094 0.035547
0 0.887203 0.431074 0.035937 0.037617
0 0.841547 0.574521 0.034750 0.036816
0 0.986875 0.182695 0.026250 0.034609
0 0.994922 0.248145 0.010156 0.039180
0 0.558875 0.264824 0.038125 0.035703
0 0.421164 0.097549 0.044859 0.041348
0 0.143211 0.132598 0.040641 0.036016
0 0.703047 0.266914 0.030531 0.030859
0 0.947656 0.269219 0.037156 0.038320
0 0.169437 0.100811 0.040437 0.038965
0 0.201758 0.051816 0.045047 0.036289
0 0.971367 0.878350 0.034078 0.041270
0 0.053914 0.742783 0.035172 0.037832