0 0.682687 0.231582 0.034312 0.039336
0 0.256109 0.342783 0.036094 0.033574
0 0.111914 0.371201 0.033391 0.034785
0 0.150859 0.482803 0.036406 0.036816
0 0.047617 0.609551 0.038453 0.034766
0 0.208453 0.629395 0.033531 0.030234
0 0.109922 0.808379 0.031250 0.034258
0 0.497367 0.481641 0.028391 0.026523
0 0.262461 0.887881 0.032734 0.033223
0 0.314930 0.504687 0.032453 0.029023
0 0.298758 0.464365 0.028297 0.033809
0 0.366664 0.709268 0.033953 0.034824
0 0.517695 0.800830 0.032828 0.031738
0 0.685773 0.444883 0.028641 0.027656
0 0.411969 0.960566 0.031906 0.037422
0 0.861641 0.343203 0.030687 0.030820
0 0.658289 0.934238 0.034672 0.033789
0 0.992820 0.267148 0.014359 0.041133
0 0.552937 0.312656 0.034812 0.032344
0 0.430008 0.378350 0.031672 0.030488
0 0.844422 0.333184 0.031125 0.029961
0 0.713141 0.408076 0.032844 0.032520
0 0.374328 0.568906 0.032875 0.034961
0 0.624102 0.687617 0.031172 0.031914
0 0.995008 0.439424 0.009984 0.034395
0 0.488945 0.633545 0.031109 0.031660
0 0.591141 0.477061 0.029938 0.034355
0 0.460367 0.473760 0.030922 0.034004
0 0.868281 0.501934 0.036094 0.035547
0 0.890867 0.713711 0.035922 0.037617
0 0.773094 0.825479 0.034750 0.036816
0 0.983812 0.190908 0.031500 0.034590
0 0.574000 0.546621 0.034625 0.033945
0 0.820805 0.153271 0.044859 0.041270
0 0.381680 0.200781 0.041141 0.036016
0 0.746969 0.563037 0.031250 0.033457
0 0.505633 0.121318 0.040453 0.038965
0 0.638266 0.032871 0.045031 0.036563
0 0.197336 0.158086 0.043859 0.040508
0 0.327734 0.009463 0.040719 0.018926
0 0.914922 0.972588 0.034000 0.027012
0 0.078336 0.308096 0.039922 0.035918
0 0.009367 0.116162 0.017703 0.033730