0 0.457359 0.153105 0.034125 0.039336
0 0.146594 0.308047 0.039094 0.041211
0 0.118602 0.366768 0.038453 0.042441
0 0.099867 0.464834 0.036391 0.036816
0 0.064148 0.606680 0.038453 0.034766
0 0.246375 0.539043 0.033531 0.032734
0 0.200586 0.777930 0.029859 0.034258
0 0.499664 0.478516 0.029047 0.029141
0 0.374336 0.818750 0.032734 0.033242
0 0.303211 0.454854 0.031484 0.036309
0 0.290875 0.395234 0.036406 0.033750
0 0.421133 0.581484 0.033953 0.034805
0 0.600437 0.624082 0.033719 0.033516
0 0.690648 0.445156 0.028641 0.027656
0 0.544891 0.853633 0.031906 0.037422
0 0.864328 0.338662 0.032875 0.034355
0 0.764445 0.769785 0.037797 0.034961
0 0.706461 0.894346 0.035828 0.033730
0 0.741602 0.161523 0.037797 0.038047
0 0.396258 0.201543 0.036797 0.034961
0 0.344656 0.244453 0.033031 0.036875
0 0.653781 0.202871 0.035344 0.035742
0 0.590375 0.244561 0.032844 0.032520
0 0.942383 0.212871 0.038609 0.039219
0 0.391852 0.404170 0.032891 0.034980
0 0.661453 0.482607 0.035719 0.035723
0 0.857453 0.258896 0.037250 0.034395
0 0.526555 0.431924 0.031797 0.032324
0 0.532977 0.288965 0.029953 0.034375
0 0.429242 0.297471 0.030922 0.034004
0 0.789219 0.300937 0.036094 0.035547
0 0.897336 0.497637 0.035922 0.037617
0 0.833094 0.637842 0.034750 0.036816
0 0.983930 0.187988 0.030953 0.034609
0 0.564813 0.332471 0.036000 0.036309
0 0.523937 0.101475 0.044875 0.041348
0 0.198484 0.138066 0.041125 0.036016
0 0.717828 0.336191 0.030531 0.030859
0 0.974930 0.346074 0.037172 0.038320
0 0.249781 0.094902 0.040438 0.038984
0 0.301883 0.036318 0.045047 0.036543
0 0.933789 0.928193 0.034047 0.041270
0 0.025445 0.024355 0.040703 0.038242
0 0.994844 0.801055 0.010313 0.031641
0 0.020578 0.745303 0.029781 0.037832