0 0.628492 0.208174 0.034297 0.039316
0 0.223867 0.330225 0.035828 0.033262
0 0.112680 0.371514 0.033391 0.034785
0 0.136055 0.477334 0.036391 0.036816
0 0.050367 0.609551 0.038453 0.034766
0 0.215531 0.606543 0.033531 0.030234
0 0.130211 0.802715 0.029859 0.034258
0 0.499062 0.480840 0.029031 0.026523
0 0.287453 0.872871 0.032719 0.033242
0 0.310086 0.472969 0.032203 0.028398
0 0.298633 0.464170 0.030328 0.029902
0 0.376188 0.679814 0.033937 0.034824
0 0.538758 0.758525 0.032828 0.031738
0 0.686289 0.445049 0.028641 0.027676
0 0.446875 0.935947 0.031906 0.037441
0 0.859242 0.340205 0.032891 0.031270
0 0.688500 0.894092 0.035469 0.034082
0 0.599148 0.992236 0.028078 0.015527
0 0.940242 0.228662 0.038984 0.041113
0 0.513234 0.281816 0.035312 0.033008
0 0.405484 0.340146 0.032187 0.032090
0 0.802711 0.293174 0.035359 0.035723
0 0.684391 0.361768 0.032844 0.032520
0 0.378648 0.525967 0.032891 0.034980
0 0.632500 0.639014 0.031156 0.031934
0 0.976930 0.391709 0.035328 0.034395
0 0.492297 0.585840 0.031125 0.031641
0 0.575922 0.428398 0.029938 0.034375
0 0.452945 0.428525 0.030922 0.034004
0 0.852297 0.451094 0.036094 0.035547
0 0.895750 0.657666 0.035937 0.037637
0 0.792437 0.780947 0.034750 0.036816
0 0.982961 0.189766 0.032516 0.034609
0 0.576250 0.491406 0.034625 0.033945
0 0.751188 0.133311 0.044875 0.041309
0 0.334148 0.179531 0.041141 0.036016
0 0.742500 0.505469 0.031250 0.033477
0 0.438453 0.107832 0.040437 0.038984
0 0.554297 0.025937 0.045031 0.036562
0 0.135094 0.166035 0.043844 0.040508
0 0.246359 0.010703 0.040719 0.021406
0 0.945070 0.933955 0.033984 0.036035
0 0.038586 0.325889 0.033297 0.033027