0 0.616578 0.203408 0.034312 0.039316
0 0.217984 0.327852 0.035656 0.033086
0 0.113133 0.371709 0.033391 0.034785
0 0.133766 0.475420 0.036406 0.036816
0 0.050367 0.609551 0.038453 0.034766
0 0.216750 0.601777 0.033531 0.030234
0 0.135102 0.801387 0.029859 0.034258
0 0.499062 0.480840 0.029031 0.026523
0 0.294469 0.868672 0.032719 0.033242
0 0.309648 0.465635 0.032078 0.028027
0 0.298617 0.463926 0.031547 0.030664
0 0.379695 0.673135 0.033953 0.034824
0 0.544258 0.748594 0.032828 0.031758
0 0.686602 0.445146 0.028641 0.027676
0 0.454359 0.930791 0.031906 0.037441
0 0.859242 0.339902 0.032891 0.031875
0 0.694539 0.885791 0.035922 0.034277
0 0.605102 0.988389 0.028078 0.019863
0 0.926648 0.222744 0.038984 0.041113
0 0.504539 0.275332 0.035609 0.033398
0 0.401203 0.331660 0.032500 0.033047
0 0.792789 0.285537 0.035359 0.035723
0 0.676750 0.351846 0.032844 0.032520
0 0.378500 0.517383 0.032875 0.034961
0 0.633414 0.627373 0.031172 0.031934
0 0.968617 0.381396 0.035703 0.034395
0 0.493211 0.576104 0.031109 0.031660
0 0.572562 0.418096 0.029937 0.034355
0 0.450961 0.419951 0.030922 0.034004
0 0.848484 0.439844 0.036094 0.035547
0 0.896211 0.646025 0.035922 0.037637
0 0.795797 0.769697 0.034750 0.036816
0 0.982961 0.189766 0.032516 0.034609
0 0.575937 0.479570 0.034625 0.033945
0 0.734703 0.130264 0.044875 0.041309
0 0.323766 0.175723 0.041125 0.036016
0 0.741734 0.493252 0.031250 0.033457
0 0.424258 0.105928 0.040453 0.038965
0 0.536891 0.025557 0.045031 0.036543
0 0.121656 0.169092 0.043844 0.040527
0 0.229406 0.011270 0.040719 0.022539
0 0.950109 0.924229 0.034000 0.036035
0 0.032328 0.330381 0.029312 0.031309