0 0.453133 0.152305 0.034078 0.039336
0 0.145180 0.307686 0.039078 0.041230
0 0.118602 0.366768 0.038453 0.042441
0 0.099867 0.464834 0.036391 0.036816
0 0.065211 0.606641 0.038453 0.034766
0 0.247648 0.537100 0.033547 0.032715
0 0.202570 0.777129 0.029859 0.034258
0 0.499773 0.478359 0.029047 0.029141
0 0.376211 0.817422 0.032734 0.033242
0 0.303211 0.454854 0.031484 0.036309
0 0.290664 0.393242 0.036391 0.033750
0 0.422086 0.579092 0.033953 0.034824
0 0.601344 0.620723 0.033906 0.033867
0 0.690781 0.444980 0.028625 0.027656
0 0.547250 0.851523 0.031906 0.037422
0 0.864328 0.338662 0.032875 0.034355
0 0.765820 0.766475 0.037797 0.034980
0 0.709398 0.891035 0.035828 0.033750
0 0.736031 0.160283 0.037688 0.037949
0 0.393820 0.199912 0.036797 0.034980
0 0.343242 0.242207 0.032891 0.036875
0 0.650180 0.201104 0.035359 0.035723
0 0.588125 0.242002 0.032844 0.032520
0 0.937039 0.210352 0.038609 0.039219
0 0.392094 0.400947 0.032875 0.034980
0 0.661820 0.478369 0.035828 0.035723
0 0.854344 0.255889 0.037250 0.034395
0 0.526984 0.428184 0.031937 0.032461
0 0.531703 0.285693 0.029938 0.034355
0 0.428883 0.294150 0.030922 0.034004
0 0.787062 0.297168 0.036094 0.035547
0 0.896766 0.493701 0.035937 0.037637
0 0.833617 0.634092 0.034766 0.036816
0 0.984133 0.187637 0.030641 0.034609
0 0.564445 0.328516 0.036141 0.036289
0 0.517922 0.101240 0.044875 0.041348
0 0.195164 0.137715 0.041141 0.036016
0 0.716984 0.332129 0.030531 0.030859
0 0.973680 0.341523 0.037172 0.038320
0 0.244969 0.095254 0.040437 0.038984
0 0.296016 0.037158 0.045031 0.036543
0 0.936008 0.925244 0.034047 0.041270
0 0.020359 0.025410 0.040719 0.038242
0 0.995391 0.797168 0.009219 0.029609
0 0.022187 0.745166 0.030719 0.037832