0 0.620555 0.205000 0.034297 0.039336
0 0.219953 0.328643 0.035719 0.033145
0 0.112984 0.371641 0.033375 0.034805
0 0.134531 0.476055 0.036406 0.036797
0 0.050367 0.609551 0.038453 0.034766
0 0.216344 0.603379 0.033531 0.030234
0 0.133477 0.801826 0.029859 0.034238
0 0.499062 0.480840 0.029031 0.026523
0 0.292133 0.870078 0.032734 0.033242
0 0.309789 0.468076 0.032109 0.028145
0 0.299070 0.465635 0.031141 0.030410
0 0.378523 0.675361 0.033953 0.034824
0 0.542430 0.751904 0.032828 0.031738
0 0.686500 0.445117 0.028625 0.027656
0 0.451859 0.932510 0.031906 0.037441
0 0.859242 0.340000 0.032891 0.031680
0 0.692523 0.888555 0.035766 0.034219
0 0.602203 0.990645 0.028094 0.018711
0 0.931180 0.224717 0.038984 0.041113
0 0.507437 0.277490 0.035500 0.033262
0 0.402633 0.334492 0.032391 0.032734
0 0.796094 0.288076 0.035344 0.035723
0 0.679297 0.355146 0.032844 0.032520
0 0.378555 0.520244 0.032891 0.034980
0 0.633109 0.631250 0.031156 0.031914
0 0.971383 0.384834 0.035578 0.034395
0 0.492914 0.579355 0.031109 0.031641
0 0.573687 0.421533 0.029938 0.034355
0 0.451617 0.422803 0.030922 0.034004
0 0.849758 0.443594 0.036078 0.035547
0 0.896055 0.649912 0.035922 0.037637
0 0.794672 0.773447 0.034750 0.036816
0 0.982961 0.189766 0.032516 0.034609
0 0.576047 0.483516 0.034625 0.033945
0 0.740195 0.131279 0.044859 0.041309
0 0.327227 0.176992 0.041141 0.036016
0 0.741984 0.497324 0.031250 0.033477
0 0.428992 0.106553 0.040453 0.038965
0 0.542695 0.025684 0.045047 0.036563
0 0.126133 0.168076 0.043859 0.040527
0 0.235063 0.011084 0.040719 0.022168
0 0.948430 0.927471 0.033984 0.036035
0 0.034414 0.328887 0.030641 0.031875