0 0.461578 0.153906 0.034156 0.039336
0 0.148008 0.308398 0.039078 0.041211
0 0.118602 0.366768 0.038453 0.042441
0 0.099867 0.464834 0.036391 0.036816
0 0.063086 0.606719 0.038453 0.034766
0 0.245102 0.540986 0.033547 0.032715
0 0.198602 0.778711 0.029859 0.034258
0 0.499570 0.478691 0.029047 0.029141
0 0.372469 0.820078 0.032719 0.033242
0 0.303211 0.454854 0.031484 0.036309
0 0.291094 0.397217 0.036406 0.033730
0 0.420180 0.583867 0.033953 0.034805
0 0.599539 0.627441 0.033547 0.033164
0 0.690516 0.445312 0.028625 0.027656
0 0.542516 0.855762 0.031906 0.037422
0 0.864328 0.338662 0.032875 0.034355
0 0.763062 0.773096 0.037781 0.034980
0 0.703539 0.897656 0.035828 0.033750
0 0.747156 0.162754 0.037906 0.038125
0 0.398695 0.203174 0.036797 0.034980
0 0.346070 0.246699 0.033172 0.036875
0 0.657391 0.204639 0.035344 0.035723
0 0.592641 0.247119 0.032844 0.032520
0 0.947719 0.215391 0.038594 0.039219
0 0.391602 0.407402 0.032891 0.034961
0 0.661070 0.486846 0.035609 0.035723
0 0.860563 0.261904 0.037250 0.034395
0 0.526133 0.435654 0.031672 0.032207
0 0.534250 0.292236 0.029938 0.034355
0 0.429586 0.300771 0.030922 0.034004
0 0.791375 0.304688 0.036094 0.035547
0 0.897898 0.501572 0.035922 0.037637
0 0.832563 0.641602 0.034750 0.036797
0 0.983742 0.188350 0.031266 0.034590
0 0.565164 0.336426 0.035859 0.036367
0 0.529953 0.101689 0.044875 0.041348
0 0.201805 0.138418 0.041141 0.036016
0 0.718680 0.340254 0.030547 0.030859
0 0.976180 0.350625 0.037172 0.038320
0 0.254586 0.094541 0.040453 0.038965
0 0.307750 0.035479 0.045031 0.036543
0 0.931578 0.931123 0.034063 0.041270
0 0.004117 0.218125 0.008141 0.047070
0 0.030531 0.023301 0.040719 0.038203
0 0.994297 0.804932 0.011406 0.033691
0 0.018977 0.745430 0.028859 0.037852