0 0.484133 0.157080 0.034297 0.039316
0 0.155703 0.310234 0.038875 0.040781
0 0.118414 0.367061 0.038203 0.042051
0 0.101109 0.464990 0.036406 0.036816
0 0.058250 0.607031 0.038094 0.034766
0 0.239094 0.550459 0.033531 0.032598
0 0.188883 0.782607 0.029859 0.034238
0 0.499062 0.479531 0.029031 0.029141
0 0.362852 0.826699 0.032734 0.033242
0 0.303211 0.455117 0.031484 0.035781
0 0.292391 0.407070 0.036406 0.033750
0 0.413539 0.593408 0.033953 0.034824
0 0.595930 0.644404 0.032828 0.031738
0 0.689844 0.446152 0.028625 0.027656
0 0.530609 0.866543 0.031906 0.037422
0 0.864070 0.338662 0.032891 0.034355
0 0.755602 0.789658 0.037797 0.034980
0 0.689203 0.913428 0.035438 0.033730
0 0.775789 0.167695 0.038328 0.038516
0 0.411516 0.211699 0.036812 0.034961
0 0.353344 0.257812 0.033750 0.036875
0 0.679586 0.215244 0.035359 0.035723
0 0.605227 0.260908 0.032859 0.032520
0 0.972117 0.226973 0.035828 0.039219
0 0.393437 0.423838 0.032875 0.034980
0 0.658891 0.507334 0.035187 0.035723
0 0.876109 0.277236 0.037250 0.034395
0 0.523742 0.455010 0.031109 0.031660
0 0.544281 0.305312 0.029938 0.034375
0 0.431711 0.320205 0.030922 0.034004
0 0.801656 0.323457 0.036094 0.035547
0 0.900055 0.521406 0.035922 0.037617
0 0.829375 0.660029 0.034750 0.036816
0 0.982961 0.189766 0.032516 0.034609
0 0.566977 0.356250 0.035266 0.036406
0 0.557422 0.103350 0.044875 0.041348
0 0.218453 0.140869 0.041125 0.036035
0 0.724547 0.362656 0.031250 0.036055
0 0.981898 0.373828 0.035766 0.038320
0 0.278492 0.093389 0.040453 0.038965
0 0.338016 0.031719 0.045031 0.036563
0 0.920516 0.943789 0.034062 0.041250
0 0.011297 0.205400 0.022531 0.046738
0 0.056430 0.018809 0.040703 0.037617
0 0.991547 0.824336 0.016906 0.043906
0 0.012391 0.745967 0.024781 0.037832