0 0.883430 0.366807 0.038297 0.039316
0 0.413859 0.399512 0.036094 0.033555
0 0.110531 0.374004 0.030625 0.029180
0 0.246797 0.496143 0.036406 0.036816
0 0.075219 0.587793 0.038437 0.034766
0 0.192242 0.707422 0.033547 0.030234
0 0.038477 0.806152 0.036984 0.034258
0 0.489938 0.483887 0.025469 0.026523
0 0.159336 0.915273 0.036047 0.033242
0 0.358766 0.610645 0.035875 0.029023
0 0.295867 0.461631 0.028297 0.033809
0 0.308969 0.825039 0.035000 0.031680
0 0.421992 0.941162 0.032828 0.031738
0 0.684672 0.444883 0.028625 0.027656
0 0.856414 0.345820 0.031953 0.029336
0 0.704813 0.448740 0.034813 0.032324
0 0.529570 0.517559 0.033109 0.031094
0 0.983391 0.513564 0.033219 0.035254
0 0.807258 0.586641 0.037391 0.034805
0 0.372695 0.717129 0.032891 0.032578
0 0.580188 0.862451 0.031156 0.031934
0 0.448516 0.800918 0.036562 0.035547
0 0.642305 0.650596 0.031297 0.034863
0 0.490266 0.653916 0.035906 0.031504
0 0.907562 0.719590 0.036094 0.035547
0 0.836000 0.918750 0.035937 0.037617
0 0.665078 0.985908 0.032437 0.022598
0 0.983406 0.191621 0.030250 0.034609
0 0.569047 0.751064 0.034625 0.033965
0 0.593625 0.302266 0.041125 0.036016
0 0.747711 0.785811 0.035984 0.033457
0 0.784266 0.213223 0.040437 0.038984
0 0.972117 0.123564 0.036797 0.039824
0 0.472961 0.168809 0.038484 0.040508
0 0.666734 0.049307 0.040719 0.039980
0 0.292359 0.271455 0.039906 0.035918
0 0.118836 0.366172 0.041578 0.039531
0 0.337406 0.030918 0.045562 0.039375
0 0.159320 0.120107 0.042828 0.042793
0 0.992734 0.846182 0.014531 0.047324