0 0.905523 0.385244 0.039422 0.039082
0 0.433734 0.406035 0.036094 0.033555
0 0.109945 0.374707 0.029766 0.027461
0 0.259313 0.497881 0.036406 0.036816
0 0.082406 0.583770 0.038438 0.034766
0 0.193070 0.712617 0.033547 0.030234
0 0.036336 0.802480 0.036984 0.034258
0 0.490039 0.483340 0.025453 0.026523
0 0.149320 0.915176 0.036047 0.033242
0 0.366078 0.620195 0.035875 0.029023
0 0.295961 0.462080 0.028297 0.033809
0 0.301891 0.834580 0.035000 0.031699
0 0.411352 0.953965 0.032828 0.031758
0 0.684234 0.444883 0.028625 0.027656
0 0.856711 0.345176 0.031953 0.029336
0 0.721906 0.464971 0.034813 0.032324
0 0.540547 0.532637 0.034594 0.032813
0 0.989508 0.534990 0.020984 0.033457
0 0.816133 0.606514 0.037391 0.035488
0 0.374086 0.729248 0.032891 0.032559
0 0.574141 0.880713 0.031156 0.031934
0 0.447422 0.815088 0.036563 0.036738
0 0.642578 0.669316 0.031719 0.035039
0 0.495641 0.670791 0.035906 0.031504
0 0.909547 0.742852 0.036094 0.035547
0 0.828164 0.937051 0.035922 0.037617
0 0.982828 0.191348 0.030250 0.034609
0 0.564469 0.767822 0.034625 0.033965
0 0.617203 0.316543 0.041125 0.036016
0 0.742055 0.808818 0.035984 0.033457
0 0.812820 0.227480 0.040453 0.038984
0 0.995727 0.149531 0.008547 0.036562
0 0.504055 0.173633 0.038484 0.040508
0 0.702711 0.056748 0.040703 0.040332
0 0.319133 0.269697 0.039922 0.035918
0 0.139055 0.358242 0.041578 0.039531
0 0.377266 0.026328 0.045562 0.039375
0 0.191930 0.112705 0.042828 0.042793
0 0.992312 0.867051 0.015375 0.043828
0 0.011141 0.207930 0.021094 0.040547