0 0.750227 0.441572 0.039234 0.035723
0 0.274461 0.414902 0.037016 0.033555
0 0.080445 0.482891 0.038172 0.033008
0 0.293875 0.477305 0.025469 0.026523
0 0.174055 0.624707 0.035859 0.029023
0 0.087125 0.448975 0.028312 0.033809
0 0.082477 0.837900 0.034984 0.031699
0 0.171164 0.969111 0.032828 0.031738
0 0.487156 0.451074 0.028625 0.027656
0 0.655914 0.363437 0.034953 0.029336
0 0.555438 0.511250 0.034813 0.032344
0 0.368516 0.559434 0.034594 0.032813
0 0.813266 0.606191 0.037969 0.033438
0 0.631945 0.659521 0.036641 0.035488
0 0.166367 0.743418 0.032891 0.032578
0 0.343109 0.916787 0.031156 0.031934
0 0.240313 0.839209 0.036563 0.036738
0 0.449945 0.712480 0.034516 0.035039
0 0.298953 0.701670 0.035906 0.031504
0 0.698352 0.801758 0.040266 0.035547
0 0.585313 0.985430 0.035937 0.029141
0 0.777375 0.214512 0.034938 0.029258
0 0.359781 0.803965 0.034625 0.033945
0 0.469812 0.359082 0.039562 0.036016
0 0.524586 0.854385 0.033828 0.031777
0 0.668039 0.278955 0.040484 0.038965
0 0.369820 0.185469 0.038484 0.040508
0 0.589398 0.116543 0.035047 0.035820
0 0.179039 0.260127 0.039922 0.035918
0 0.266367 0.017939 0.036734 0.035215
0 0.065914 0.079570 0.043953 0.042773
0 0.768773 0.935225 0.035391 0.030449
0 0.789430 0.041436 0.043891 0.039395
0 0.841336 0.031875 0.034766 0.030234
0 0.865070 0.217070 0.040391 0.040156
0 0.883211 0.750488 0.037984 0.032070
0 0.949234 0.387383 0.039531 0.039023
0 0.946945 0.887637 0.034266 0.031797
0 0.991523 0.552432 0.016953 0.039238