0 0.930844 0.404531 0.038750 0.037461
0 0.456687 0.411582 0.036094 0.033555
0 0.108875 0.373652 0.029781 0.027461
0 0.274562 0.497939 0.036406 0.036816
0 0.096086 0.575527 0.038453 0.034766
0 0.193070 0.711826 0.033547 0.030254
0 0.029695 0.793379 0.036984 0.034258
0 0.490195 0.482559 0.025453 0.026523
0 0.136961 0.910020 0.036047 0.033242
0 0.375211 0.625332 0.035859 0.029023
0 0.296086 0.462744 0.028297 0.033809
0 0.296820 0.839336 0.034984 0.031680
0 0.396680 0.964619 0.032828 0.031738
0 0.683617 0.444883 0.028641 0.027656
0 0.857133 0.344238 0.031953 0.029336
0 0.735625 0.482246 0.034812 0.032344
0 0.556109 0.547988 0.034594 0.032813
0 0.996250 0.563066 0.007500 0.028164
0 0.825570 0.627402 0.037391 0.035508
0 0.378289 0.742285 0.032891 0.032578
0 0.564344 0.898896 0.031156 0.031934
0 0.447516 0.830615 0.036563 0.036738
0 0.645937 0.689941 0.031719 0.035039
0 0.502953 0.687441 0.035906 0.031523
0 0.909984 0.766758 0.036094 0.035547
0 0.813219 0.958682 0.035938 0.037637
0 0.982000 0.190957 0.030250 0.034609
0 0.570203 0.779863 0.034625 0.033945
0 0.644500 0.333350 0.041125 0.036035
0 0.738125 0.828193 0.035969 0.033457
0 0.844383 0.242256 0.040453 0.038965
0 0.536461 0.179395 0.038484 0.040508
0 0.742461 0.074297 0.040703 0.040352
0 0.348445 0.269502 0.039922 0.035918
0 0.161539 0.350195 0.041578 0.039531
0 0.419250 0.023301 0.045562 0.039375
0 0.231289 0.105967 0.042828 0.042793
0 0.989156 0.893652 0.021687 0.032500
0 0.033813 0.193281 0.039375 0.045000
0 0.951094 0.008525 0.038875 0.017051