0 0.784039 0.289795 0.034297 0.039316
0 0.329484 0.369844 0.036094 0.033555
0 0.111914 0.371201 0.033391 0.034785
0 0.193750 0.488545 0.036406 0.036816
0 0.052805 0.601914 0.038453 0.034766
0 0.194641 0.672988 0.033531 0.030234
0 0.072469 0.813184 0.035375 0.034258
0 0.491914 0.484199 0.026328 0.026523
0 0.213961 0.906885 0.034734 0.033223
0 0.331594 0.560508 0.034500 0.029023
0 0.296555 0.461611 0.028297 0.033809
0 0.337438 0.768682 0.034563 0.032949
0 0.470977 0.875605 0.032828 0.031758
0 0.685773 0.444883 0.028641 0.027656
0 0.855672 0.347480 0.031969 0.029336
0 0.598234 0.992324 0.034688 0.015352
0 0.626844 0.377344 0.034812 0.032344
0 0.481336 0.448574 0.029578 0.027461
0 0.926625 0.419697 0.038438 0.036543
0 0.762813 0.496924 0.035562 0.032520
0 0.372258 0.646982 0.032891 0.033535
0 0.603344 0.776309 0.031156 0.031914
0 0.461953 0.728652 0.034375 0.031641
0 0.619148 0.565908 0.029953 0.034355
0 0.477211 0.567119 0.033922 0.032520
0 0.892766 0.609590 0.036094 0.035547
0 0.868156 0.818574 0.035937 0.037617
0 0.724508 0.909990 0.033359 0.033262
0 0.984875 0.192305 0.030250 0.034609
0 0.575242 0.647432 0.034609 0.033965
0 0.956141 0.214482 0.042688 0.041270
0 0.485422 0.245918 0.041125 0.036016
0 0.753727 0.672139 0.034078 0.033457
0 0.640609 0.158643 0.040437 0.038965
0 0.817828 0.056904 0.045031 0.036543
0 0.330711 0.155332 0.040641 0.040508
0 0.491625 0.019277 0.040719 0.030586
0 0.177187 0.284463 0.039906 0.035918
0 0.031938 0.404395 0.038437 0.039531
0 0.164219 0.056055 0.045563 0.039375
0 0.990492 0.957148 0.019016 0.041172
0 0.012891 0.184658 0.025781 0.050410