0 0.866344 0.429502 0.042469 0.035723
0 0.389578 0.418369 0.036094 0.033574
0 0.023406 0.364805 0.036625 0.027461
0 0.198234 0.492686 0.039438 0.036816
0 0.017531 0.564727 0.035063 0.034766
0 0.105563 0.703848 0.037250 0.030234
0 0.405695 0.481426 0.029953 0.026523
0 0.033852 0.903203 0.040203 0.033242
0 0.293289 0.626641 0.035859 0.029023
0 0.204719 0.452549 0.031844 0.033809
0 0.204352 0.840586 0.034984 0.031680
0 0.292461 0.969834 0.032828 0.031738
0 0.601461 0.448398 0.028641 0.027656
0 0.768813 0.352480 0.034938 0.029336
0 0.667773 0.503037 0.039328 0.032324
0 0.481195 0.561348 0.034609 0.032813
0 0.933750 0.591816 0.037969 0.033438
0 0.744055 0.651270 0.040047 0.035508
0 0.283758 0.747197 0.035203 0.032559
0 0.456328 0.913164 0.031156 0.031914
0 0.359500 0.842627 0.036563 0.036738
0 0.563234 0.707695 0.034406 0.035039
0 0.412437 0.698408 0.036500 0.031504
0 0.814977 0.790859 0.040266 0.035547
0 0.713953 0.978525 0.035937 0.030645
0 0.896867 0.199355 0.036672 0.029258
0 0.476234 0.799268 0.034625 0.033965
0 0.583805 0.353262 0.041141 0.036016
0 0.645766 0.846260 0.035062 0.032754
0 0.779227 0.265996 0.045172 0.038984
0 0.478305 0.187168 0.038484 0.040508
0 0.693367 0.101924 0.044797 0.040332
0 0.291305 0.264717 0.039922 0.035918
0 0.102781 0.335977 0.052562 0.039531
0 0.362844 0.017529 0.033500 0.029785
0 0.178094 0.091621 0.043312 0.042773
0 0.893406 0.923740 0.035375 0.030449
0 0.897188 0.025059 0.038844 0.039375
0 0.958547 0.015469 0.034781 0.029219
0 0.979805 0.196553 0.040391 0.037988
0 0.996281 0.740996 0.007437 0.032070