0 0.753125 0.447852 0.039250 0.035039
0 0.275430 0.422383 0.037016 0.033555
0 0.077859 0.488330 0.036406 0.031738
0 0.291250 0.493086 0.025469 0.026523
0 0.174055 0.628809 0.035859 0.029492
0 0.082539 0.459648 0.028297 0.031211
0 0.076789 0.841572 0.034984 0.031699
0 0.168617 0.971162 0.032828 0.031738
0 0.486125 0.467549 0.028625 0.025996
0 0.657836 0.378799 0.033922 0.028418
0 0.557078 0.518770 0.034813 0.032344
0 0.371055 0.566875 0.034609 0.032813
0 0.821297 0.610977 0.037969 0.033438
0 0.635398 0.666309 0.036641 0.035508
0 0.161984 0.749346 0.032875 0.032559
0 0.342344 0.918213 0.031156 0.031934
0 0.234656 0.844229 0.036563 0.036738
0 0.453953 0.717500 0.034531 0.035039
0 0.298781 0.705557 0.035906 0.031504
0 0.699766 0.806992 0.037250 0.035547
0 0.588734 0.986768 0.035937 0.026465
0 0.780078 0.232793 0.033687 0.028047
0 0.362703 0.806660 0.034625 0.033945
0 0.467922 0.362744 0.039031 0.036035
0 0.525680 0.857812 0.033828 0.031797
0 0.677703 0.288984 0.039750 0.038047
0 0.376023 0.196650 0.038484 0.040527
0 0.598930 0.123037 0.035766 0.036074
0 0.175570 0.265791 0.039922 0.035918
0 0.278883 0.023506 0.034766 0.035684
0 0.069914 0.084805 0.043953 0.042773
0 0.768531 0.938643 0.035375 0.030449
0 0.804180 0.047686 0.043891 0.039395
0 0.846625 0.050801 0.034781 0.030234
0 0.875836 0.225498 0.040391 0.039238
0 0.886492 0.754814 0.037984 0.032051
0 0.952273 0.391875 0.039547 0.039023
0 0.945883 0.892461 0.034266 0.031797
0 0.993727 0.555576 0.012547 0.039238