0 0.777445 0.285430 0.034297 0.039336
0 0.324383 0.367998 0.036109 0.033574
0 0.111914 0.371201 0.033391 0.034785
0 0.190484 0.488213 0.036406 0.036816
0 0.051859 0.602764 0.038437 0.034785
0 0.195492 0.670156 0.033547 0.030234
0 0.074992 0.813125 0.035109 0.034258
0 0.492297 0.484023 0.026469 0.026523
0 0.217547 0.905859 0.034500 0.033242
0 0.330305 0.556934 0.034266 0.029023
0 0.296695 0.461787 0.028297 0.033809
0 0.340187 0.764561 0.034500 0.033145
0 0.474555 0.870791 0.032828 0.031738
0 0.685773 0.444883 0.028641 0.027656
0 0.345859 0.992168 0.031906 0.015664
0 0.855672 0.347480 0.031969 0.029336
0 0.598234 0.992324 0.034688 0.015352
0 0.622047 0.372881 0.034812 0.032324
0 0.478000 0.444033 0.029812 0.027793
0 0.922305 0.413750 0.038422 0.036758
0 0.759477 0.491104 0.035266 0.032520
0 0.371867 0.642197 0.032891 0.033691
0 0.604703 0.770420 0.031156 0.031934
0 0.464703 0.722363 0.034031 0.031641
0 0.617344 0.560322 0.029938 0.034355
0 0.475898 0.560947 0.033578 0.032676
0 0.891344 0.601973 0.036094 0.035547
0 0.870117 0.811904 0.035922 0.037637
0 0.728039 0.904092 0.033516 0.033652
0 0.984875 0.192305 0.030250 0.034609
0 0.574734 0.641055 0.034625 0.033945
0 0.948383 0.208916 0.042922 0.041270
0 0.478000 0.242930 0.041125 0.036016
0 0.753414 0.665068 0.033766 0.033457
0 0.631859 0.155898 0.040437 0.038984
0 0.805336 0.055088 0.045047 0.036543
0 0.321305 0.155244 0.040984 0.040527
0 0.480625 0.018145 0.040719 0.029219
0 0.170180 0.285684 0.039922 0.035938
0 0.026633 0.407090 0.037922 0.039531
0 0.152359 0.059590 0.045562 0.039375
0 0.986828 0.952568 0.023906 0.041152
0 0.008625 0.192295 0.017250 0.041230