0 0.867828 0.353555 0.037250 0.039336
0 0.399836 0.394658 0.036109 0.033574
0 0.110891 0.373271 0.031344 0.030645
0 0.238078 0.494678 0.036406 0.036816
0 0.070859 0.590156 0.038437 0.034766
0 0.191539 0.702852 0.033547 0.030234
0 0.040289 0.808086 0.036984 0.034258
0 0.489859 0.484238 0.025469 0.026523
0 0.166297 0.914687 0.036062 0.033242
0 0.353695 0.603125 0.035859 0.029023
0 0.295805 0.461318 0.028297 0.033809
0 0.314367 0.817480 0.034984 0.031680
0 0.429180 0.931582 0.032828 0.031758
0 0.684953 0.444883 0.028625 0.027656
0 0.856219 0.346250 0.031969 0.029336
0 0.691969 0.437109 0.034812 0.032344
0 0.522211 0.506670 0.031828 0.029629
0 0.975352 0.498398 0.034578 0.035234
0 0.800891 0.572354 0.037406 0.034199
0 0.372063 0.708457 0.032875 0.032578
0 0.584078 0.849199 0.031156 0.031914
0 0.449453 0.790840 0.036563 0.034531
0 0.642500 0.637256 0.030938 0.034746
0 0.486641 0.641650 0.035906 0.031504
0 0.905922 0.702793 0.036094 0.035547
0 0.840742 0.905908 0.035922 0.037637
0 0.673438 0.979902 0.032437 0.027852
0 0.983797 0.191797 0.030250 0.034609
0 0.573734 0.738281 0.034625 0.033945
0 0.577016 0.292256 0.041125 0.036035
0 0.752055 0.768643 0.035984 0.033457
0 0.763219 0.203027 0.040437 0.038984
0 0.948875 0.109561 0.040844 0.041855
0 0.450586 0.165410 0.038484 0.040508
0 0.640531 0.044814 0.040719 0.039668
0 0.273273 0.272920 0.039922 0.035918
0 0.104461 0.371914 0.041578 0.039531
0 0.308781 0.034453 0.045562 0.039375
0 0.135945 0.126504 0.042828 0.042773
0 0.992875 0.831680 0.014250 0.047305