0 0.780742 0.287607 0.034297 0.039316
0 0.326937 0.368916 0.036094 0.033574
0 0.111914 0.371201 0.033391 0.034785
0 0.192109 0.488379 0.036406 0.036797
0 0.052336 0.602344 0.038453 0.034766
0 0.195062 0.671563 0.033531 0.030234
0 0.073734 0.813164 0.035250 0.034258
0 0.492102 0.484111 0.026391 0.026543
0 0.215758 0.906367 0.034609 0.033242
0 0.330953 0.558711 0.034375 0.029023
0 0.296625 0.461699 0.028313 0.033789
0 0.338812 0.766621 0.034531 0.033047
0 0.472766 0.873193 0.032813 0.031738
0 0.685773 0.444883 0.028641 0.027656
0 0.345859 0.992168 0.031906 0.015664
0 0.855672 0.347480 0.031969 0.029336
0 0.598234 0.992324 0.034688 0.015352
0 0.624453 0.375117 0.034813 0.032344
0 0.479664 0.446309 0.029703 0.027617
0 0.924469 0.416729 0.038438 0.036660
0 0.761148 0.494014 0.035422 0.032520
0 0.372070 0.644580 0.032891 0.033613
0 0.604023 0.773369 0.031172 0.031934
0 0.463328 0.725508 0.034188 0.031641
0 0.618250 0.563115 0.029937 0.034355
0 0.476562 0.564033 0.033750 0.032598
0 0.892047 0.605781 0.036094 0.035547
0 0.869141 0.815234 0.035937 0.037617
0 0.726281 0.907041 0.033437 0.033457
0 0.984875 0.192305 0.030250 0.034609
0 0.574984 0.644238 0.034625 0.033945
0 0.952266 0.211699 0.042812 0.041289
0 0.481711 0.244424 0.041141 0.036035
0 0.753570 0.668604 0.033922 0.033457
0 0.636234 0.157275 0.040437 0.038965
0 0.811586 0.056006 0.045047 0.036543
0 0.326008 0.155293 0.040797 0.040508
0 0.486125 0.018711 0.040719 0.029883
0 0.173680 0.285068 0.039922 0.035918
0 0.029289 0.405742 0.038172 0.039531
0 0.158281 0.057822 0.045562 0.039395
0 0.988656 0.954863 0.021469 0.041172
0 0.010758 0.188477 0.021516 0.045820