0 0.774148 0.283242 0.034297 0.039336
0 0.321828 0.367080 0.036094 0.033574
0 0.111914 0.371201 0.033391 0.034785
0 0.188844 0.488057 0.036406 0.036816
0 0.051383 0.603184 0.038453 0.034766
0 0.195914 0.668750 0.033547 0.030234
0 0.076242 0.813086 0.034984 0.034258
0 0.492477 0.483936 0.026547 0.026543
0 0.219336 0.905352 0.034391 0.033242
0 0.329656 0.555156 0.034156 0.029023
0 0.296773 0.461885 0.028297 0.033809
0 0.341562 0.762510 0.034469 0.033262
0 0.476336 0.868389 0.032828 0.031738
0 0.685773 0.444883 0.028641 0.027656
0 0.345859 0.992168 0.031906 0.015664
0 0.855672 0.347480 0.031969 0.029336
0 0.600680 0.990039 0.034672 0.019922
0 0.619656 0.370645 0.034813 0.032344
0 0.476328 0.441777 0.029938 0.027969
0 0.920141 0.410771 0.038438 0.036855
0 0.757805 0.488174 0.035109 0.032520
0 0.371672 0.639795 0.032875 0.033770
0 0.605391 0.767471 0.031156 0.031934
0 0.466078 0.719209 0.033844 0.031660
0 0.616437 0.557520 0.029938 0.034375
0 0.475250 0.557861 0.033406 0.032754
0 0.890641 0.598164 0.036094 0.035547
0 0.871102 0.808564 0.035922 0.037637
0 0.729812 0.901152 0.033594 0.033867
0 0.984875 0.192305 0.030250 0.034609
0 0.574469 0.637861 0.034625 0.033965
0 0.944508 0.206143 0.043047 0.041270
0 0.474289 0.241426 0.041141 0.036016
0 0.753258 0.661533 0.033609 0.033457
0 0.627484 0.154521 0.040437 0.038965
0 0.799094 0.054189 0.045031 0.036543
0 0.316602 0.155205 0.041172 0.040527
0 0.475125 0.017578 0.040719 0.028516
0 0.166680 0.286299 0.039922 0.035918
0 0.023984 0.408438 0.037656 0.039531
0 0.146422 0.061357 0.045563 0.039395
0 0.989586 0.946465 0.019609 0.041172
0 0.006594 0.195352 0.013187 0.041211