0 0.926945 0.401553 0.038859 0.037715
0 0.453156 0.410732 0.036094 0.033574
0 0.109039 0.373809 0.029766 0.027461
0 0.272219 0.497920 0.036406 0.036816
0 0.093984 0.576797 0.038437 0.034766
0 0.193070 0.711953 0.033547 0.030234
0 0.030711 0.794775 0.036984 0.034238
0 0.490172 0.482686 0.025469 0.026543
0 0.138859 0.910820 0.036062 0.033242
0 0.373805 0.624551 0.035859 0.029023
0 0.296070 0.462646 0.028297 0.033809
0 0.297602 0.838604 0.034984 0.031699
0 0.398938 0.962979 0.032813 0.031738
0 0.683711 0.444883 0.028641 0.027656
0 0.857062 0.344375 0.031969 0.029336
0 0.733516 0.479580 0.034812 0.032324
0 0.553711 0.545625 0.034609 0.032813
0 0.995188 0.555527 0.009625 0.023711
0 0.824117 0.624189 0.037391 0.035488
0 0.377641 0.740273 0.032875 0.032578
0 0.565844 0.896094 0.031156 0.031914
0 0.447500 0.828232 0.036563 0.036738
0 0.645422 0.686768 0.031719 0.035020
0 0.501828 0.684873 0.035906 0.031504
0 0.909922 0.763066 0.036094 0.035547
0 0.815516 0.955352 0.035937 0.037617
0 0.982125 0.191016 0.030250 0.034609
0 0.569312 0.778008 0.034625 0.033945
0 0.640297 0.330762 0.041125 0.036016
0 0.738727 0.825205 0.035984 0.033457
0 0.839531 0.239980 0.040437 0.038984
0 0.531477 0.178516 0.038484 0.040508
0 0.736344 0.071592 0.040719 0.040332
0 0.343938 0.269541 0.039906 0.035918
0 0.158086 0.351426 0.041578 0.039531
0 0.412797 0.023770 0.045562 0.039375
0 0.225227 0.107002 0.042828 0.042793
0 0.989820 0.889707 0.020359 0.034258
0 0.029984 0.195078 0.039375 0.045000
0 0.941562 0.007305 0.038875 0.014609