0 0.803836 0.302900 0.034297 0.039316
0 0.344797 0.375361 0.036094 0.033574
0 0.111914 0.371201 0.033391 0.034785
0 0.203563 0.489521 0.036406 0.036816
0 0.055664 0.599375 0.038453 0.034766
0 0.192086 0.681445 0.033547 0.030234
0 0.064945 0.813398 0.036172 0.034258
0 0.490789 0.484727 0.025891 0.026523
0 0.203203 0.909951 0.035375 0.033223
0 0.335469 0.571172 0.035188 0.029023
0 0.296086 0.461025 0.028297 0.033809
0 0.329188 0.781016 0.034781 0.032305
0 0.460258 0.890029 0.032828 0.031738
0 0.685773 0.444883 0.028641 0.027656
0 0.855672 0.347480 0.031969 0.029336
0 0.641219 0.390752 0.034812 0.032324
0 0.491352 0.462187 0.028891 0.026445
0 0.939602 0.437559 0.038422 0.035898
0 0.772836 0.514404 0.036484 0.032520
0 0.373445 0.661348 0.032891 0.033047
0 0.599219 0.793984 0.031156 0.031914
0 0.455375 0.746475 0.035469 0.031660
0 0.624563 0.582695 0.029938 0.034375
0 0.481148 0.585645 0.034922 0.031992
0 0.897000 0.632402 0.036094 0.035547
0 0.862266 0.838604 0.035937 0.037637
0 0.713914 0.927656 0.032891 0.032070
0 0.984875 0.192305 0.030250 0.034609
0 0.576773 0.666582 0.034609 0.033945
0 0.978234 0.230850 0.038375 0.041270
0 0.507687 0.254902 0.041125 0.036016
0 0.754672 0.693340 0.035031 0.033477
0 0.666859 0.166895 0.040437 0.038984
0 0.845859 0.068252 0.045031 0.036543
0 0.358938 0.155566 0.039562 0.040508
0 0.524609 0.022666 0.040719 0.034707
0 0.198195 0.280771 0.039922 0.035918
0 0.047836 0.396289 0.040016 0.039531
0 0.196297 0.049824 0.045563 0.039375
0 0.979211 0.971865 0.038422 0.036426
0 0.034055 0.172246 0.042828 0.046133