0 0.787336 0.291973 0.034297 0.039336
0 0.332047 0.370762 0.036094 0.033555
0 0.111914 0.371201 0.033391 0.034785
0 0.195391 0.488701 0.036406 0.036816
0 0.053289 0.601484 0.038453 0.034766
0 0.194211 0.674395 0.033547 0.030234
0 0.071219 0.813223 0.035500 0.034258
0 0.491727 0.484297 0.026266 0.026523
0 0.212164 0.907393 0.034828 0.033223
0 0.332242 0.562285 0.034609 0.029023
0 0.296477 0.461514 0.028297 0.033809
0 0.336055 0.770732 0.034609 0.032832
0 0.469195 0.878008 0.032828 0.031758
0 0.685773 0.444883 0.028641 0.027656
0 0.855672 0.347480 0.031969 0.029336
0 0.629234 0.379580 0.034813 0.032324
0 0.483000 0.450850 0.029469 0.027285
0 0.928789 0.422676 0.038422 0.036445
0 0.764484 0.499834 0.035719 0.032520
0 0.372461 0.649375 0.032891 0.033438
0 0.602656 0.779258 0.031156 0.031914
0 0.460578 0.731797 0.034563 0.031641
0 0.620047 0.568711 0.029938 0.034375
0 0.477867 0.570215 0.034078 0.032422
0 0.893469 0.613379 0.036094 0.035547
0 0.867172 0.821914 0.035937 0.037617
0 0.722742 0.912939 0.033297 0.033066
0 0.984875 0.192305 0.030250 0.034609
0 0.575500 0.650625 0.034625 0.033945
0 0.960016 0.217256 0.042563 0.041270
0 0.489133 0.247422 0.041141 0.036016
0 0.753883 0.675674 0.034234 0.033457
0 0.644984 0.160029 0.040437 0.038965
0 0.822500 0.058799 0.045031 0.036543
0 0.335414 0.155371 0.040453 0.040508
0 0.497117 0.019834 0.040703 0.031270
0 0.180688 0.283838 0.039906 0.035918
0 0.034586 0.403037 0.038703 0.039512
0 0.170141 0.054277 0.045562 0.039375
0 0.988070 0.961729 0.022641 0.041152
0 0.016859 0.182363 0.032500 0.048828