0 0.857422 0.344717 0.036563 0.039316
0 0.390484 0.391416 0.036094 0.033574
0 0.111133 0.372783 0.031828 0.031621
0 0.232273 0.493701 0.036391 0.036816
0 0.067953 0.591719 0.038437 0.034766
0 0.191070 0.699805 0.033547 0.030234
0 0.044320 0.809395 0.036984 0.034258
0 0.489813 0.484482 0.025469 0.026543
0 0.170938 0.914297 0.036062 0.033242
0 0.350320 0.598125 0.035859 0.029023
0 0.295758 0.461123 0.028297 0.033809
0 0.316328 0.811934 0.035000 0.031680
0 0.433969 0.925205 0.032813 0.031738
0 0.685148 0.444883 0.028641 0.027656
0 0.856094 0.346543 0.031969 0.029336
0 0.683406 0.429355 0.034812 0.032344
0 0.517313 0.499414 0.030969 0.028633
0 0.969992 0.488291 0.035484 0.035254
0 0.796648 0.562842 0.037391 0.033809
0 0.372453 0.701143 0.032875 0.032559
0 0.586672 0.840361 0.031156 0.031934
0 0.450078 0.784102 0.036562 0.033867
0 0.640180 0.628379 0.030703 0.034648
0 0.485859 0.632959 0.035906 0.031504
0 0.904812 0.691602 0.036094 0.035547
0 0.844320 0.895303 0.035922 0.037637
0 0.680469 0.971768 0.032437 0.028574
0 0.984047 0.191914 0.030250 0.034609
0 0.575234 0.726699 0.034625 0.033945
0 0.565938 0.285586 0.041125 0.036016
0 0.753305 0.756172 0.035984 0.033477
0 0.746719 0.196465 0.040437 0.038984
0 0.931227 0.102510 0.041828 0.040605
0 0.435664 0.163164 0.038484 0.040508
0 0.621016 0.040400 0.040719 0.039473
0 0.260555 0.273896 0.039922 0.035918
0 0.094883 0.375742 0.041578 0.039531
0 0.289703 0.036807 0.045562 0.039395
0 0.118305 0.133896 0.042828 0.042793
0 0.993516 0.818594 0.012969 0.042734