0 0.750227 0.441572 0.039234 0.035723
0 0.274000 0.414902 0.036094 0.033555
0 0.078875 0.486377 0.043500 0.036816
0 0.293875 0.477305 0.025469 0.026523
0 0.171008 0.624707 0.035859 0.029023
0 0.087125 0.448975 0.028312 0.033809
0 0.080023 0.837383 0.034984 0.031680
0 0.164102 0.968232 0.032828 0.031738
0 0.487156 0.451074 0.028625 0.027656
0 0.651008 0.362207 0.034953 0.029336
0 0.552984 0.510020 0.034813 0.032344
0 0.362156 0.560312 0.034594 0.032812
0 0.813266 0.606191 0.037969 0.033438
0 0.626055 0.656455 0.036641 0.035488
0 0.159984 0.744033 0.032875 0.032559
0 0.335344 0.916787 0.031156 0.031934
0 0.231125 0.840088 0.036563 0.036738
0 0.444148 0.712979 0.034516 0.035020
0 0.293063 0.697373 0.035906 0.031504
0 0.691992 0.801758 0.040266 0.035547
0 0.585313 0.985430 0.035937 0.029141
0 0.777375 0.214512 0.034938 0.029258
0 0.355070 0.803965 0.034609 0.033945
0 0.463625 0.357246 0.041125 0.036016
0 0.521055 0.850850 0.033828 0.031777
0 0.668039 0.278955 0.040484 0.038965
0 0.369820 0.185469 0.038484 0.040508
0 0.584516 0.114287 0.044813 0.040332
0 0.176680 0.255703 0.039922 0.035938
0 0.261953 0.018525 0.045562 0.036387
0 0.062867 0.079570 0.043953 0.042773
0 0.763828 0.932568 0.035375 0.030449
0 0.786023 0.040371 0.043891 0.039375
0 0.841336 0.031875 0.034766 0.030234
0 0.865070 0.217070 0.040391 0.040156
0 0.881086 0.750488 0.037984 0.032070
0 0.943125 0.386113 0.039531 0.039023
0 0.941289 0.887637 0.034266 0.031797
0 0.990469 0.548896 0.019063 0.039238