0 0.820320 0.313818 0.034297 0.039316
0 0.357562 0.379971 0.036094 0.033574
0 0.111914 0.371201 0.033391 0.034785
0 0.211750 0.490342 0.036406 0.036816
0 0.058039 0.597246 0.038453 0.034766
0 0.189961 0.688496 0.033547 0.030234
0 0.058664 0.813564 0.036859 0.034238
0 0.489844 0.485176 0.025531 0.026523
0 0.194242 0.912510 0.035953 0.033223
0 0.338703 0.580078 0.035750 0.029023
0 0.295711 0.460557 0.028297 0.033809
0 0.322305 0.791309 0.034953 0.031797
0 0.451320 0.902061 0.032828 0.031738
0 0.685773 0.444883 0.028641 0.027656
0 0.855672 0.347480 0.031969 0.029336
0 0.653187 0.401914 0.034813 0.032344
0 0.499703 0.473535 0.028313 0.025586
0 0.950414 0.452441 0.038422 0.035352
0 0.781195 0.528975 0.037234 0.032520
0 0.374422 0.673311 0.032875 0.032637
0 0.595781 0.808701 0.031156 0.031934
0 0.452664 0.759600 0.036391 0.031660
0 0.629078 0.596689 0.029938 0.034355
0 0.484430 0.601084 0.035734 0.031582
0 0.900531 0.651426 0.036094 0.035547
0 0.857359 0.855293 0.035937 0.037617
0 0.705086 0.942383 0.032516 0.031094
0 0.984875 0.192305 0.030250 0.034609
0 0.578047 0.682529 0.034625 0.033965
0 0.990891 0.243223 0.018219 0.041289
0 0.526234 0.262383 0.041125 0.036016
0 0.755461 0.711006 0.035828 0.033457
0 0.688734 0.173760 0.040437 0.038965
0 0.869227 0.077695 0.045047 0.036562
0 0.382461 0.155781 0.038672 0.040508
0 0.552094 0.025488 0.040719 0.038125
0 0.215695 0.277705 0.039922 0.035918
0 0.061094 0.389531 0.041313 0.039531
0 0.222453 0.045352 0.045562 0.039375
0 0.971367 0.984180 0.038422 0.028320
0 0.056516 0.160303 0.042844 0.043340