0 0.928891 0.403047 0.038812 0.037578
0 0.454922 0.411152 0.036094 0.033555
0 0.108961 0.373730 0.029766 0.027461
0 0.273391 0.497930 0.036406 0.036797
0 0.095039 0.576152 0.038453 0.034766
0 0.193070 0.711895 0.033547 0.030234
0 0.030195 0.794082 0.036984 0.034258
0 0.490188 0.482627 0.025469 0.026543
0 0.137914 0.910420 0.036047 0.033223
0 0.374508 0.624941 0.035859 0.029023
0 0.296070 0.462695 0.028297 0.033789
0 0.297211 0.838965 0.034984 0.031680
0 0.397805 0.963799 0.032828 0.031738
0 0.683664 0.444883 0.028641 0.027656
0 0.857102 0.344297 0.031953 0.029336
0 0.734563 0.480908 0.034812 0.032324
0 0.554914 0.546797 0.034609 0.032813
0 0.995719 0.559297 0.008563 0.025937
0 0.824852 0.625801 0.037391 0.035508
0 0.377961 0.741279 0.032891 0.032559
0 0.565094 0.897490 0.031156 0.031934
0 0.447516 0.829424 0.036563 0.036738
0 0.645680 0.688350 0.031703 0.035020
0 0.502391 0.686162 0.035906 0.031504
0 0.909953 0.764902 0.036094 0.035547
0 0.814367 0.957021 0.035922 0.037637
0 0.982062 0.190996 0.030250 0.034609
0 0.569766 0.778936 0.034625 0.033965
0 0.642406 0.332061 0.041125 0.036035
0 0.738430 0.826699 0.035984 0.033477
0 0.841953 0.241113 0.040437 0.038984
0 0.533961 0.178945 0.038484 0.040508
0 0.739406 0.072949 0.040719 0.040352
0 0.346195 0.269521 0.039922 0.035918
0 0.159805 0.350811 0.041578 0.039512
0 0.416023 0.023535 0.045578 0.039375
0 0.228258 0.106484 0.042828 0.042773
0 0.989492 0.891680 0.021016 0.033359
0 0.031891 0.194180 0.039375 0.045000
0 0.946328 0.007910 0.038875 0.015820