0 0.947539 0.420225 0.038047 0.035723
0 0.468375 0.417549 0.036094 0.033574
0 0.104797 0.374355 0.029781 0.027461
0 0.279594 0.496982 0.036406 0.036816
0 0.097266 0.570020 0.038437 0.034766
0 0.193070 0.710977 0.033547 0.030234
0 0.022523 0.783564 0.036984 0.034238
0 0.490359 0.481729 0.025469 0.026543
0 0.123656 0.904473 0.036063 0.033242
0 0.375273 0.630879 0.035859 0.029023
0 0.289977 0.464873 0.028297 0.033809
0 0.291367 0.844453 0.034984 0.031680
0 0.382508 0.969990 0.032828 0.031738
0 0.682945 0.444883 0.028641 0.027656
0 0.852133 0.347480 0.031953 0.029336
0 0.748766 0.496768 0.034813 0.032324
0 0.561477 0.559434 0.034609 0.032813
0 0.996250 0.563066 0.007500 0.028164
0 0.825977 0.644824 0.037391 0.035508
0 0.370617 0.750215 0.032891 0.032578
0 0.548094 0.912373 0.031156 0.031934
0 0.446000 0.839209 0.036562 0.036738
0 0.646305 0.705020 0.031703 0.035039
0 0.499453 0.698262 0.035906 0.031523
0 0.903125 0.783340 0.036094 0.035547
0 0.797945 0.977900 0.035922 0.037637
0 0.974984 0.190537 0.030250 0.034590
0 0.565000 0.796895 0.034625 0.033945
0 0.656820 0.348408 0.041141 0.036035
0 0.730641 0.842949 0.035969 0.033477
0 0.858852 0.256133 0.040453 0.038984
0 0.556695 0.184570 0.038484 0.040508
0 0.769000 0.092178 0.040719 0.040332
0 0.366180 0.270312 0.039922 0.035938
0 0.178711 0.344453 0.041578 0.039531
0 0.445734 0.025908 0.045563 0.039395
0 0.257273 0.098721 0.042828 0.042793
0 0.982102 0.914463 0.032953 0.030449
0 0.054437 0.184512 0.039375 0.045000
0 0.979906 0.014844 0.038875 0.027930