0 0.757656 0.272324 0.034312 0.039336
0 0.309063 0.362480 0.036094 0.033555
0 0.111914 0.371201 0.033391 0.034785
0 0.180656 0.487236 0.036406 0.036816
0 0.049008 0.605312 0.038453 0.034766
0 0.198039 0.661699 0.033547 0.030234
0 0.082523 0.812910 0.034297 0.034258
0 0.493414 0.483496 0.026891 0.026523
0 0.228305 0.902793 0.033828 0.033242
0 0.326430 0.546270 0.033578 0.029023
0 0.297164 0.462373 0.028297 0.033809
0 0.348438 0.752227 0.034281 0.033789
0 0.485273 0.856357 0.032828 0.031738
0 0.685773 0.444883 0.028641 0.027656
0 0.359086 0.988047 0.031891 0.023516
0 0.855672 0.347480 0.031969 0.029336
0 0.611672 0.982168 0.034687 0.024531
0 0.607687 0.359482 0.034813 0.032324
0 0.467977 0.430420 0.030516 0.028809
0 0.909336 0.395889 0.038422 0.037402
0 0.749445 0.473604 0.034359 0.032520
0 0.370695 0.627832 0.032891 0.034180
0 0.608828 0.752754 0.031156 0.031914
0 0.472953 0.703486 0.032938 0.031660
0 0.611922 0.543525 0.029937 0.034355
0 0.471969 0.542422 0.032594 0.033164
0 0.887109 0.579160 0.036094 0.035547
0 0.876008 0.791875 0.035922 0.037617
0 0.738641 0.886426 0.033969 0.034844
0 0.984875 0.192305 0.030250 0.034609
0 0.573203 0.621914 0.034625 0.033945
0 0.921883 0.193857 0.043641 0.041270
0 0.455734 0.233945 0.041125 0.036016
0 0.752461 0.643857 0.032828 0.033457
0 0.605609 0.147656 0.040437 0.038984
0 0.767875 0.049648 0.045031 0.036563
0 0.293078 0.155000 0.042062 0.040508
0 0.447641 0.014756 0.040719 0.025098
0 0.149180 0.289365 0.039922 0.035918
0 0.014766 0.414150 0.029531 0.038262
0 0.116766 0.070205 0.045563 0.039395
0 0.995734 0.933672 0.008531 0.027773