0 0.752766 0.447070 0.039250 0.035117
0 0.275320 0.421455 0.037016 0.033574
0 0.077922 0.487510 0.036406 0.031738
0 0.291578 0.491113 0.025469 0.026523
0 0.174055 0.628291 0.035859 0.029434
0 0.083117 0.458311 0.028297 0.031543
0 0.077492 0.841113 0.034984 0.031680
0 0.168930 0.970908 0.032828 0.031738
0 0.486258 0.465488 0.028641 0.026211
0 0.657602 0.376875 0.034047 0.028555
0 0.556875 0.517832 0.034813 0.032344
0 0.370727 0.565937 0.034609 0.032813
0 0.820281 0.610391 0.037969 0.033438
0 0.634961 0.665469 0.036641 0.035508
0 0.162531 0.748604 0.032875 0.032559
0 0.342453 0.918037 0.031156 0.031934
0 0.235359 0.843604 0.036563 0.036738
0 0.453445 0.716875 0.034516 0.035039
0 0.298797 0.705068 0.035906 0.031504
0 0.699586 0.806348 0.037641 0.035547
0 0.588313 0.986602 0.035937 0.026797
0 0.779750 0.230508 0.033844 0.028203
0 0.362328 0.806318 0.034625 0.033965
0 0.467453 0.361953 0.039031 0.036016
0 0.525539 0.857383 0.033828 0.031797
0 0.676500 0.287734 0.039844 0.038164
0 0.375250 0.195254 0.038469 0.040508
0 0.597734 0.122217 0.035688 0.036035
0 0.176008 0.265088 0.039922 0.035918
0 0.277305 0.022676 0.034641 0.035547
0 0.069414 0.084150 0.043953 0.042793
0 0.768563 0.938213 0.035375 0.030449
0 0.802336 0.046904 0.043891 0.039395
0 0.845969 0.048437 0.034781 0.030234
0 0.874492 0.224443 0.040391 0.039355
0 0.886078 0.754277 0.038000 0.032070
0 0.951891 0.391318 0.039531 0.039004
0 0.946016 0.891855 0.034250 0.031797
0 0.993453 0.555176 0.013094 0.039219