0 0.750227 0.441572 0.039234 0.035723
0 0.274305 0.414902 0.036703 0.033555
0 0.079914 0.484053 0.039953 0.034277
0 0.293875 0.477305 0.025469 0.026523
0 0.173039 0.624707 0.035859 0.029023
0 0.087125 0.448975 0.028312 0.033809
0 0.081664 0.837725 0.034984 0.031699
0 0.168820 0.968818 0.032828 0.031738
0 0.487156 0.451074 0.028625 0.027656
0 0.654281 0.363027 0.034938 0.029336
0 0.554625 0.510840 0.034813 0.032344
0 0.366398 0.559727 0.034609 0.032813
0 0.813266 0.606191 0.037969 0.033438
0 0.629977 0.658496 0.036641 0.035508
0 0.164234 0.743623 0.032875 0.032559
0 0.340516 0.916787 0.031156 0.031934
0 0.237250 0.839502 0.036563 0.036738
0 0.448008 0.712646 0.034516 0.035020
0 0.297000 0.700244 0.035906 0.031504
0 0.696227 0.801758 0.040266 0.035547
0 0.585313 0.985430 0.035937 0.029141
0 0.777375 0.214512 0.034938 0.029258
0 0.358219 0.803965 0.034625 0.033945
0 0.467750 0.358477 0.040094 0.036016
0 0.523414 0.853213 0.033828 0.031777
0 0.668039 0.278955 0.040484 0.038965
0 0.369820 0.185469 0.038484 0.040508
0 0.587773 0.115791 0.038297 0.037324
0 0.178258 0.258643 0.039922 0.035918
0 0.264898 0.018135 0.039672 0.035605
0 0.064898 0.079570 0.043953 0.042773
0 0.767125 0.934346 0.035375 0.030449
0 0.788289 0.041084 0.043891 0.039395
0 0.841336 0.031875 0.034766 0.030234
0 0.865070 0.217070 0.040391 0.040156
0 0.882500 0.750488 0.038000 0.032070
0 0.947195 0.386953 0.039547 0.039023
0 0.945055 0.887637 0.034266 0.031797
0 0.991172 0.551250 0.017656 0.039219