0 0.925000 0.400078 0.038906 0.037852
0 0.451391 0.410303 0.036094 0.033574
0 0.109125 0.373887 0.029781 0.027461
0 0.271047 0.497920 0.036406 0.036816
0 0.092930 0.577422 0.038453 0.034766
0 0.193070 0.712012 0.033547 0.030234
0 0.031227 0.795469 0.036984 0.034258
0 0.490156 0.482754 0.025469 0.026523
0 0.139812 0.911211 0.036062 0.033242
0 0.373102 0.624160 0.035859 0.029023
0 0.296055 0.462588 0.028297 0.033809
0 0.297992 0.838232 0.034984 0.031699
0 0.400070 0.962158 0.032828 0.031738
0 0.683758 0.444883 0.028641 0.027656
0 0.857031 0.344453 0.031969 0.029336
0 0.732453 0.478252 0.034813 0.032324
0 0.552523 0.544434 0.034609 0.032812
0 0.994672 0.553662 0.010656 0.024590
0 0.823398 0.622578 0.037391 0.035508
0 0.377320 0.739277 0.032891 0.032578
0 0.566602 0.894697 0.031172 0.031934
0 0.447500 0.827041 0.036563 0.036738
0 0.645164 0.685176 0.031703 0.035039
0 0.501266 0.683604 0.035906 0.031504
0 0.909891 0.761230 0.036094 0.035547
0 0.816672 0.953691 0.035937 0.037617
0 0.982203 0.191055 0.030250 0.034609
0 0.568875 0.777090 0.034625 0.033945
0 0.638203 0.329473 0.041125 0.036016
0 0.739031 0.823721 0.035969 0.033457
0 0.837102 0.238838 0.040453 0.038965
0 0.528977 0.178066 0.038484 0.040508
0 0.733289 0.070244 0.040703 0.040332
0 0.341680 0.269551 0.039922 0.035938
0 0.156352 0.352051 0.041578 0.039531
0 0.409562 0.024004 0.045562 0.039375
0 0.222211 0.107520 0.042828 0.042773
0 0.990148 0.887734 0.019703 0.035117
0 0.028078 0.195977 0.039375 0.045000
0 0.936781 0.006699 0.038875 0.013398