0 0.839219 0.329258 0.035344 0.039336
0 0.374141 0.385752 0.036094 0.033574
0 0.111555 0.371934 0.032672 0.033320
0 0.222102 0.491982 0.036391 0.036816
0 0.062867 0.594473 0.038453 0.034766
0 0.190242 0.694473 0.033547 0.030234
0 0.051367 0.811660 0.036984 0.034258
0 0.489734 0.484902 0.025469 0.026523
0 0.181977 0.913613 0.036047 0.033242
0 0.344414 0.589355 0.035859 0.029023
0 0.295695 0.460771 0.028297 0.033809
0 0.318805 0.801934 0.034984 0.031680
0 0.442352 0.914033 0.032828 0.031738
0 0.685484 0.444883 0.028625 0.027656
0 0.855859 0.347051 0.031969 0.029336
0 0.668422 0.415781 0.034813 0.032344
0 0.508727 0.486699 0.029484 0.026914
0 0.960609 0.470596 0.037063 0.035254
0 0.789227 0.546172 0.037391 0.033125
0 0.373617 0.687441 0.032891 0.032578
0 0.591203 0.824902 0.031156 0.031914
0 0.451172 0.772324 0.036562 0.032656
0 0.634695 0.612812 0.030297 0.034492
0 0.485438 0.617451 0.035906 0.031504
0 0.902891 0.672012 0.036094 0.035547
0 0.850812 0.875557 0.035937 0.037637
0 0.692766 0.957529 0.032437 0.029824
0 0.984492 0.192129 0.030266 0.034609
0 0.576891 0.704629 0.034625 0.033945
0 0.546562 0.273896 0.041125 0.036035
0 0.754555 0.733760 0.035984 0.033457
0 0.717852 0.184980 0.040453 0.038984
0 0.900359 0.090166 0.043562 0.038418
0 0.409547 0.159199 0.038469 0.040508
0 0.586859 0.032676 0.040719 0.039141
0 0.238289 0.275615 0.039922 0.035918
0 0.078117 0.382441 0.041578 0.039531
0 0.256297 0.040928 0.045563 0.039395
0 0.087453 0.146826 0.042844 0.042793