0 0.760953 0.274502 0.034313 0.039316
0 0.311625 0.363398 0.036094 0.033555
0 0.111914 0.371201 0.033391 0.034785
0 0.182297 0.487393 0.036406 0.036816
0 0.049484 0.604883 0.038437 0.034766
0 0.197617 0.663105 0.033547 0.030234
0 0.081266 0.812949 0.034437 0.034258
0 0.493227 0.483574 0.026828 0.026523
0 0.226508 0.903301 0.033953 0.033242
0 0.327070 0.548047 0.033703 0.029023
0 0.297086 0.462275 0.028297 0.033809
0 0.347062 0.754277 0.034344 0.033672
0 0.483484 0.858770 0.032813 0.031758
0 0.685773 0.444883 0.028641 0.027656
0 0.356547 0.988838 0.031906 0.022129
0 0.855672 0.347480 0.031969 0.029336
0 0.609477 0.983740 0.034672 0.023613
0 0.610078 0.361719 0.034812 0.032344
0 0.469648 0.432695 0.030391 0.028633
0 0.911492 0.398867 0.038422 0.037305
0 0.751117 0.476514 0.034516 0.032520
0 0.370891 0.630225 0.032875 0.034082
0 0.608141 0.755693 0.031156 0.031934
0 0.471578 0.706631 0.033125 0.031660
0 0.612828 0.546328 0.029938 0.034375
0 0.472625 0.545508 0.032750 0.033086
0 0.887813 0.582949 0.036094 0.035547
0 0.875031 0.795215 0.035937 0.037617
0 0.736875 0.889375 0.033906 0.034648
0 0.984875 0.192305 0.030250 0.034609
0 0.573453 0.625098 0.034625 0.033945
0 0.926844 0.196104 0.043531 0.041270
0 0.459445 0.235439 0.041141 0.036035
0 0.752625 0.647393 0.032969 0.033457
0 0.609984 0.149033 0.040437 0.038965
0 0.774125 0.050557 0.045031 0.036543
0 0.297781 0.155039 0.041875 0.040508
0 0.453141 0.015322 0.040719 0.025762
0 0.152680 0.288750 0.039922 0.035938
0 0.015961 0.412461 0.031203 0.038281
0 0.122703 0.068437 0.045562 0.039375
0 0.994891 0.935342 0.010219 0.031113