0 0.880828 0.364600 0.038125 0.039316
0 0.411516 0.398701 0.036094 0.033574
0 0.110594 0.373887 0.030750 0.029414
0 0.245344 0.495908 0.036406 0.036816
0 0.074492 0.588184 0.038453 0.034766
0 0.192125 0.706660 0.033531 0.030234
0 0.038641 0.806475 0.036969 0.034238
0 0.489922 0.483945 0.025469 0.026523
0 0.160500 0.915176 0.036062 0.033242
0 0.357914 0.609395 0.035859 0.029023
0 0.295852 0.461572 0.028297 0.033809
0 0.309867 0.823779 0.034984 0.031699
0 0.423195 0.939561 0.032828 0.031738
0 0.684719 0.444883 0.028625 0.027656
0 0.856383 0.345898 0.031953 0.029336
0 0.702672 0.446807 0.034813 0.032324
0 0.528344 0.515752 0.032906 0.030840
0 0.982047 0.511035 0.033438 0.035234
0 0.806195 0.584248 0.037391 0.034707
0 0.372586 0.715684 0.032891 0.032578
0 0.580828 0.860244 0.031156 0.031934
0 0.448672 0.799248 0.036563 0.035371
0 0.642336 0.648369 0.031234 0.034863
0 0.489672 0.651865 0.035906 0.031504
0 0.907289 0.716777 0.036078 0.035547
0 0.836789 0.916611 0.035922 0.037637
0 0.666469 0.984902 0.032437 0.023477
0 0.983469 0.191641 0.030250 0.034609
0 0.569828 0.748936 0.034625 0.033965
0 0.590852 0.300605 0.041141 0.036016
0 0.748437 0.782949 0.035969 0.033477
0 0.780875 0.211514 0.040438 0.038965
0 0.968344 0.121104 0.037562 0.040293
0 0.469227 0.168242 0.038484 0.040508
0 0.662469 0.048633 0.040719 0.039922
0 0.289180 0.271689 0.039922 0.035918
0 0.116445 0.367129 0.041578 0.039531
0 0.332641 0.031504 0.045562 0.039375
0 0.155523 0.121016 0.042828 0.042773
0 0.992930 0.843643 0.014141 0.047324