0 0.919156 0.395625 0.039062 0.038203
0 0.446094 0.409023 0.036094 0.033555
0 0.109375 0.374141 0.029781 0.027461
0 0.267531 0.497900 0.036406 0.036816
0 0.089773 0.579336 0.038453 0.034766
0 0.193070 0.712187 0.033547 0.030234
0 0.032758 0.797578 0.036984 0.034258
0 0.490125 0.482930 0.025469 0.026523
0 0.142664 0.912402 0.036047 0.033242
0 0.370992 0.622969 0.035859 0.029023
0 0.296023 0.462441 0.028297 0.033789
0 0.299164 0.837139 0.034984 0.031699
0 0.403445 0.959697 0.032828 0.031738
0 0.683898 0.444883 0.028641 0.027656
0 0.856938 0.344668 0.031969 0.029336
0 0.729289 0.474268 0.034828 0.032324
0 0.548930 0.540898 0.034609 0.032812
0 0.993125 0.548066 0.013750 0.027266
0 0.821211 0.617764 0.037391 0.035488
0 0.376352 0.736270 0.032891 0.032578
0 0.568859 0.890498 0.031156 0.031934
0 0.447469 0.823447 0.036562 0.036738
0 0.644391 0.680420 0.031719 0.035020
0 0.499578 0.679756 0.035906 0.031504
0 0.909781 0.755723 0.036094 0.035547
0 0.820117 0.948701 0.035922 0.037637
0 0.982391 0.191133 0.030250 0.034609
0 0.567547 0.774307 0.034625 0.033965
0 0.631898 0.325596 0.041141 0.036035
0 0.739938 0.819248 0.035969 0.033457
0 0.829812 0.235439 0.040437 0.038965
0 0.521508 0.176738 0.038484 0.040508
0 0.724109 0.066201 0.040719 0.040332
0 0.334914 0.269600 0.039922 0.035918
0 0.151164 0.353906 0.041578 0.039531
0 0.399875 0.024707 0.045562 0.039375
0 0.213117 0.109082 0.042828 0.042773
0 0.991133 0.881797 0.017734 0.037734
0 0.021844 0.200801 0.039375 0.045000
0 0.922469 0.004873 0.038875 0.009746