0 0.849625 0.338086 0.036031 0.039336
0 0.383484 0.388984 0.036094 0.033555
0 0.111313 0.372422 0.032188 0.032344
0 0.227914 0.492959 0.036391 0.036816
0 0.065773 0.592900 0.038453 0.034785
0 0.190711 0.697520 0.033547 0.030234
0 0.047336 0.810352 0.036984 0.034258
0 0.489781 0.484668 0.025469 0.026523
0 0.175008 0.914004 0.036047 0.033242
0 0.347789 0.594375 0.035859 0.029023
0 0.295727 0.460967 0.028297 0.033809
0 0.317391 0.807646 0.035000 0.031699
0 0.437563 0.920420 0.032813 0.031738
0 0.685289 0.444883 0.028641 0.027656
0 0.855992 0.346758 0.031953 0.029336
0 0.676984 0.423535 0.034813 0.032344
0 0.513633 0.493965 0.030328 0.027891
0 0.965969 0.480703 0.036156 0.035234
0 0.793469 0.555703 0.037406 0.033516
0 0.372953 0.695273 0.032875 0.032578
0 0.588609 0.833740 0.031156 0.031934
0 0.450547 0.779053 0.036563 0.033340
0 0.637828 0.621709 0.030531 0.034590
0 0.485680 0.626318 0.035922 0.031504
0 0.903984 0.683203 0.036094 0.035547
0 0.847102 0.886846 0.035922 0.037637
0 0.685734 0.965674 0.032437 0.029121
0 0.984234 0.192012 0.030250 0.034609
0 0.575937 0.717246 0.034625 0.033945
0 0.557633 0.280576 0.041141 0.036035
0 0.753836 0.746572 0.035984 0.033457
0 0.734344 0.191543 0.040437 0.038984
0 0.918000 0.097217 0.042563 0.039668
0 0.424469 0.161465 0.038469 0.040508
0 0.606375 0.037090 0.040719 0.039336
0 0.251008 0.274639 0.039922 0.035918
0 0.087695 0.378613 0.041578 0.039531
0 0.275391 0.038574 0.045563 0.039375
0 0.105086 0.139443 0.042828 0.042793
0 0.994305 0.807803 0.011391 0.038184