0 0.921102 0.397109 0.039016 0.038086
0 0.447859 0.409453 0.036094 0.033555
0 0.109289 0.374063 0.029766 0.027461
0 0.268703 0.497920 0.036406 0.036816
0 0.090820 0.578691 0.038453 0.034766
0 0.193070 0.712129 0.033547 0.030234
0 0.032242 0.796875 0.036984 0.034258
0 0.490141 0.482871 0.025469 0.026523
0 0.141711 0.912002 0.036047 0.033223
0 0.371695 0.623359 0.035859 0.029023
0 0.296039 0.462490 0.028297 0.033809
0 0.298773 0.837510 0.034984 0.031699
0 0.402320 0.960518 0.032828 0.031738
0 0.683852 0.444883 0.028641 0.027656
0 0.856969 0.344590 0.031969 0.029336
0 0.730344 0.475596 0.034813 0.032324
0 0.550117 0.542070 0.034609 0.032813
0 0.993641 0.549922 0.012719 0.026367
0 0.821945 0.619365 0.037391 0.035488
0 0.376672 0.737266 0.032875 0.032578
0 0.568109 0.891904 0.031156 0.031934
0 0.447484 0.824648 0.036562 0.036719
0 0.644648 0.682012 0.031703 0.035039
0 0.500141 0.681035 0.035906 0.031523
0 0.909812 0.757559 0.036094 0.035547
0 0.818969 0.950361 0.035937 0.037637
0 0.982328 0.191113 0.030250 0.034609
0 0.568000 0.775234 0.034625 0.033945
0 0.634000 0.326885 0.041125 0.036035
0 0.739633 0.820742 0.035984 0.033477
0 0.832242 0.236572 0.040453 0.038965
0 0.523992 0.177187 0.038484 0.040508
0 0.727172 0.067549 0.040719 0.040332
0 0.337172 0.269580 0.039906 0.035918
0 0.152898 0.353281 0.041578 0.039531
0 0.403109 0.024473 0.045562 0.039375
0 0.216148 0.108564 0.042828 0.042793
0 0.990805 0.883779 0.018391 0.036855
0 0.024000 0.198838 0.039375 0.044980
0 0.927250 0.005488 0.038875 0.010977