0 0.823625 0.316006 0.034313 0.039316
0 0.360109 0.380889 0.036094 0.033574
0 0.111914 0.371201 0.033391 0.034785
0 0.213391 0.490498 0.036406 0.036816
0 0.058508 0.596826 0.038453 0.034785
0 0.189539 0.689922 0.033547 0.030234
0 0.057414 0.813594 0.036984 0.034258
0 0.489656 0.485254 0.025469 0.026523
0 0.192445 0.913018 0.036047 0.033223
0 0.339352 0.581855 0.035859 0.029023
0 0.295633 0.460459 0.028297 0.033809
0 0.320930 0.793359 0.034984 0.031680
0 0.449539 0.904463 0.032828 0.031738
0 0.685773 0.444883 0.028641 0.027656
0 0.855672 0.347480 0.031969 0.029336
0 0.655594 0.404150 0.034813 0.032324
0 0.501375 0.475801 0.028187 0.025430
0 0.952570 0.455430 0.038422 0.035234
0 0.782867 0.531904 0.037391 0.032520
0 0.374617 0.675703 0.032891 0.032578
0 0.595094 0.811650 0.031156 0.031934
0 0.452125 0.762236 0.036562 0.031660
0 0.629984 0.599482 0.029937 0.034355
0 0.485078 0.604170 0.035906 0.031504
0 0.901242 0.655234 0.036078 0.035547
0 0.856375 0.858633 0.035937 0.037617
0 0.703313 0.945332 0.032437 0.030898
0 0.984875 0.192305 0.030250 0.034609
0 0.578305 0.685723 0.034609 0.033945
0 0.990891 0.243223 0.018219 0.041289
0 0.529953 0.263887 0.041125 0.036016
0 0.755617 0.714541 0.035984 0.033457
0 0.693109 0.175146 0.040437 0.038965
0 0.873898 0.079590 0.045047 0.036562
0 0.387164 0.155820 0.038484 0.040508
0 0.557594 0.026055 0.040719 0.038828
0 0.219203 0.277100 0.039906 0.035918
0 0.063742 0.388184 0.041578 0.039531
0 0.227672 0.044463 0.045562 0.039395
0 0.969789 0.986641 0.038422 0.026719
0 0.061008 0.157910 0.042828 0.042773