0 0.932352 0.421328 0.040672 0.035742
0 0.453109 0.418809 0.036094 0.033555
0 0.089445 0.372637 0.032047 0.027461
0 0.265195 0.496025 0.037422 0.036816
0 0.078937 0.571211 0.037313 0.034766
0 0.176812 0.708828 0.034781 0.030234
0 0.011344 0.782285 0.022687 0.034258
0 0.473047 0.481270 0.026969 0.026523
0 0.106094 0.906260 0.037437 0.033223
0 0.359242 0.629297 0.035859 0.029023
0 0.272617 0.458975 0.033203 0.033809
0 0.276648 0.844912 0.034984 0.031699
0 0.365273 0.970303 0.032828 0.031738
0 0.665367 0.443916 0.028641 0.027676
0 0.832852 0.347852 0.033453 0.029336
0 0.735383 0.496895 0.036328 0.032344
0 0.545867 0.561680 0.034609 0.032813
0 0.989695 0.585732 0.020609 0.030801
0 0.811547 0.646660 0.039156 0.035508
0 0.353570 0.748594 0.037547 0.032578
0 0.531531 0.915596 0.031156 0.031934
0 0.430078 0.840049 0.036562 0.036738
0 0.629945 0.704687 0.035109 0.035039
0 0.481602 0.698311 0.037109 0.031504
0 0.890617 0.786660 0.038172 0.035547
0 0.780570 0.974033 0.035922 0.034316
0 0.959961 0.192148 0.033453 0.031914
0 0.548641 0.795518 0.034625 0.033965
0 0.643672 0.350020 0.041125 0.036016
0 0.715570 0.841865 0.035672 0.033223
0 0.844133 0.260547 0.043391 0.038984
0 0.543867 0.188018 0.038484 0.040527
0 0.753594 0.093486 0.040719 0.040332
0 0.351266 0.267188 0.039906 0.035938
0 0.165773 0.343828 0.045234 0.039531
0 0.426586 0.023115 0.041547 0.036191
0 0.243867 0.098193 0.042984 0.042793
0 0.965914 0.918506 0.034172 0.030449
0 0.040750 0.181270 0.037313 0.045000
0 0.960133 0.017305 0.045984 0.033672