0 0.917211 0.394141 0.039109 0.038320
0 0.444328 0.408594 0.036094 0.033555
0 0.109453 0.374219 0.029781 0.027461
0 0.266352 0.497900 0.036391 0.036816
0 0.088727 0.579961 0.038453 0.034766
0 0.193070 0.712246 0.033547 0.030234
0 0.033273 0.798281 0.036984 0.034258
0 0.490109 0.482988 0.025469 0.026523
0 0.143617 0.912793 0.036047 0.033242
0 0.370289 0.622568 0.035859 0.029004
0 0.296016 0.462393 0.028313 0.033809
0 0.299555 0.836777 0.034984 0.031680
0 0.404586 0.958877 0.032828 0.031738
0 0.683945 0.444883 0.028641 0.027656
0 0.856906 0.344746 0.031969 0.029336
0 0.728234 0.472939 0.034812 0.032324
0 0.547727 0.539727 0.034609 0.032813
0 0.992602 0.546201 0.014797 0.028145
0 0.820492 0.616152 0.037391 0.035508
0 0.376023 0.735264 0.032891 0.032559
0 0.569625 0.889102 0.031156 0.031914
0 0.447469 0.822256 0.036562 0.036738
0 0.644133 0.678838 0.031703 0.035020
0 0.499016 0.678467 0.035906 0.031504
0 0.909750 0.753887 0.036094 0.035547
0 0.821266 0.947041 0.035937 0.037637
0 0.982453 0.191172 0.030250 0.034609
0 0.567109 0.773379 0.034625 0.033945
0 0.629797 0.324297 0.041125 0.036016
0 0.740242 0.817764 0.035984 0.033457
0 0.827391 0.234297 0.040437 0.038984
0 0.519008 0.176289 0.038484 0.040508
0 0.721055 0.064854 0.040703 0.040332
0 0.332664 0.269609 0.039922 0.035938
0 0.149430 0.354531 0.041578 0.039531
0 0.396641 0.024932 0.045562 0.039395
0 0.210102 0.109600 0.042828 0.042793
0 0.991461 0.879834 0.017078 0.038613
0 0.019688 0.202764 0.039375 0.044980
0 0.917703 0.004268 0.038875 0.008535