0 0.752398 0.446279 0.039234 0.035215
0 0.275195 0.420518 0.037016 0.033574
0 0.078000 0.486680 0.036406 0.031758
0 0.291906 0.489141 0.025469 0.026523
0 0.174055 0.627773 0.035859 0.029375
0 0.083695 0.456973 0.028297 0.031875
0 0.078211 0.840654 0.034984 0.031699
0 0.169258 0.970654 0.032828 0.031738
0 0.486383 0.463428 0.028641 0.026426
0 0.657352 0.374961 0.034172 0.028672
0 0.556672 0.516895 0.034813 0.032344
0 0.370414 0.565020 0.034609 0.032813
0 0.819281 0.609785 0.037969 0.033438
0 0.634539 0.664619 0.036641 0.035488
0 0.163078 0.747861 0.032875 0.032559
0 0.342547 0.917861 0.031156 0.031934
0 0.236078 0.842979 0.036563 0.036738
0 0.452945 0.716250 0.034516 0.035039
0 0.298828 0.704580 0.035906 0.031504
0 0.699414 0.805684 0.038016 0.035547
0 0.587883 0.986436 0.035922 0.027129
0 0.779406 0.228223 0.034000 0.028359
0 0.361969 0.805977 0.034625 0.033945
0 0.466992 0.361172 0.039047 0.036016
0 0.525414 0.856953 0.033828 0.031797
0 0.675289 0.286484 0.039922 0.038281
0 0.374477 0.193857 0.038484 0.040527
0 0.596547 0.121416 0.035594 0.035996
0 0.176437 0.264385 0.039906 0.035918
0 0.275734 0.021855 0.034500 0.035430
0 0.068914 0.083496 0.043953 0.042773
0 0.768594 0.937783 0.035375 0.030449
0 0.800492 0.046123 0.043891 0.039395
0 0.845305 0.046074 0.034766 0.030234
0 0.873148 0.223389 0.040391 0.039473
0 0.885664 0.753730 0.037984 0.032070
0 0.951516 0.390762 0.039531 0.039023
0 0.946148 0.891250 0.034266 0.031797
0 0.993172 0.554785 0.013656 0.039219