0 0.870422 0.355762 0.037437 0.039336
0 0.402172 0.395469 0.036094 0.033555
0 0.110828 0.373398 0.031219 0.030391
0 0.239531 0.494922 0.036406 0.036797
0 0.071586 0.589766 0.038453 0.034766
0 0.191656 0.703613 0.033531 0.030234
0 0.039273 0.807773 0.036984 0.034258
0 0.489875 0.484180 0.025469 0.026523
0 0.165141 0.914785 0.036062 0.033242
0 0.354539 0.604375 0.035859 0.029023
0 0.295820 0.461377 0.028297 0.033809
0 0.313461 0.818740 0.034984 0.031699
0 0.427977 0.933174 0.032828 0.031738
0 0.684906 0.444883 0.028625 0.027656
0 0.856250 0.346182 0.031969 0.029355
0 0.694109 0.439043 0.034813 0.032344
0 0.523445 0.508486 0.032047 0.029863
0 0.976688 0.500928 0.034344 0.035254
0 0.801945 0.574736 0.037391 0.034316
0 0.372164 0.709902 0.032891 0.032578
0 0.583422 0.851406 0.031156 0.031914
0 0.449297 0.792510 0.036562 0.034707
0 0.642469 0.639492 0.031000 0.034766
0 0.487250 0.643691 0.035906 0.031523
0 0.906188 0.705586 0.036094 0.035547
0 0.839953 0.908047 0.035937 0.037617
0 0.672047 0.980908 0.032437 0.026973
0 0.983727 0.191768 0.030266 0.034590
0 0.572953 0.740410 0.034625 0.033945
0 0.579781 0.293926 0.041125 0.036016
0 0.751328 0.771504 0.035969 0.033477
0 0.767344 0.204668 0.040437 0.038984
0 0.953281 0.111318 0.040594 0.042168
0 0.454313 0.165977 0.038469 0.040508
0 0.645406 0.045918 0.040719 0.039727
0 0.276453 0.272676 0.039906 0.035938
0 0.106852 0.370957 0.041578 0.039531
0 0.313563 0.033857 0.045562 0.039395
0 0.140352 0.124658 0.042828 0.042793
0 0.993023 0.833975 0.013953 0.047324