0 0.934734 0.407500 0.038656 0.037227
0 0.460211 0.412432 0.036109 0.033574
0 0.108711 0.373496 0.029766 0.027461
0 0.276906 0.497939 0.036406 0.036816
0 0.098195 0.574258 0.038453 0.034766
0 0.193070 0.711699 0.033547 0.030234
0 0.028664 0.791973 0.036984 0.034258
0 0.490219 0.482441 0.025469 0.026523
0 0.135055 0.909229 0.036047 0.033223
0 0.376617 0.626133 0.035859 0.029023
0 0.296102 0.462842 0.028297 0.033809
0 0.296039 0.840068 0.034984 0.031699
0 0.394430 0.966260 0.032828 0.031738
0 0.683516 0.444883 0.028625 0.027656
0 0.857195 0.344082 0.031953 0.029336
0 0.737734 0.484902 0.034813 0.032344
0 0.558508 0.550352 0.034609 0.032813
0 0.996250 0.563066 0.007500 0.028164
0 0.827023 0.630615 0.037391 0.035488
0 0.378930 0.744287 0.032891 0.032559
0 0.562828 0.901689 0.031156 0.031934
0 0.447531 0.833008 0.036562 0.036719
0 0.646453 0.693105 0.031719 0.035039
0 0.504078 0.690010 0.035906 0.031504
0 0.910047 0.770430 0.036094 0.035547
0 0.810922 0.962012 0.035937 0.037617
0 0.981875 0.190898 0.030250 0.034609
0 0.571078 0.781719 0.034625 0.033945
0 0.648703 0.335938 0.041125 0.036016
0 0.737523 0.831172 0.035984 0.033477
0 0.849234 0.244521 0.040437 0.038965
0 0.541445 0.180273 0.038484 0.040508
0 0.748578 0.077002 0.040719 0.040332
0 0.352953 0.269482 0.039906 0.035918
0 0.164992 0.348945 0.041578 0.039531
0 0.425719 0.022842 0.045563 0.039395
0 0.237336 0.104932 0.042828 0.042793
0 0.988500 0.897607 0.023000 0.030762
0 0.037625 0.191484 0.039375 0.045000
0 0.957984 0.009922 0.038875 0.019492