0 0.750586 0.442354 0.039234 0.035645
0 0.274586 0.415840 0.037016 0.033555
0 0.078359 0.482549 0.036406 0.031738
0 0.293547 0.479277 0.025469 0.026523
0 0.174055 0.625205 0.035859 0.029082
0 0.086555 0.450313 0.028297 0.033477
0 0.081773 0.838359 0.034984 0.031680
0 0.170852 0.969365 0.032828 0.031738
0 0.487023 0.453135 0.028641 0.027441
0 0.656156 0.365352 0.034812 0.029219
0 0.555641 0.512188 0.034812 0.032344
0 0.368836 0.560352 0.034609 0.032813
0 0.814266 0.606797 0.037969 0.033438
0 0.632375 0.660371 0.036656 0.035508
0 0.165820 0.744160 0.032891 0.032578
0 0.343016 0.916963 0.031156 0.031934
0 0.239609 0.839834 0.036563 0.036738
0 0.450445 0.713115 0.034516 0.035020
0 0.298937 0.702158 0.035906 0.031504
0 0.698523 0.802402 0.039891 0.035547
0 0.585742 0.985596 0.035922 0.028809
0 0.777719 0.216797 0.034781 0.029102
0 0.360141 0.804297 0.034625 0.033945
0 0.464672 0.357246 0.039031 0.036016
0 0.524727 0.854814 0.033828 0.031777
0 0.669242 0.280205 0.040391 0.038848
0 0.370586 0.186875 0.038484 0.040508
0 0.590586 0.117363 0.035141 0.035859
0 0.178602 0.260830 0.039922 0.035918
0 0.267836 0.017744 0.033797 0.034824
0 0.066414 0.080225 0.043953 0.042793
0 0.768750 0.935654 0.035375 0.030449
0 0.791273 0.042217 0.043891 0.039395
0 0.842000 0.034238 0.034781 0.030234
0 0.866414 0.218125 0.040391 0.040039
0 0.883617 0.751025 0.037984 0.032051
0 0.949609 0.387949 0.039531 0.039023
0 0.946805 0.888242 0.034266 0.031797
0 0.991797 0.552822 0.016406 0.039238