0 0.828828 0.320420 0.034656 0.039316
0 0.364789 0.382510 0.036109 0.033574
0 0.111797 0.371445 0.033156 0.034297
0 0.216297 0.490996 0.036406 0.036797
0 0.059961 0.596035 0.038453 0.034766
0 0.189773 0.691445 0.033547 0.030234
0 0.055398 0.812949 0.036984 0.034258
0 0.489680 0.485137 0.025453 0.026523
0 0.188961 0.913213 0.036047 0.033223
0 0.341039 0.584355 0.035859 0.029023
0 0.295648 0.460557 0.028297 0.033809
0 0.320227 0.796211 0.034984 0.031680
0 0.447148 0.907656 0.032828 0.031758
0 0.685672 0.444883 0.028625 0.027656
0 0.855734 0.347344 0.031969 0.029336
0 0.659867 0.408027 0.034828 0.032344
0 0.503828 0.479434 0.028625 0.025938
0 0.955250 0.460479 0.037969 0.035254
0 0.784992 0.536650 0.037391 0.032715
0 0.374289 0.679619 0.032891 0.032559
0 0.593797 0.816064 0.031156 0.031934
0 0.451812 0.765596 0.036563 0.032012
0 0.631555 0.603926 0.030047 0.034414
0 0.485203 0.608604 0.035906 0.031504
0 0.901797 0.660820 0.036094 0.035547
0 0.854523 0.864268 0.035922 0.037637
0 0.699797 0.949395 0.032437 0.030547
0 0.984750 0.192246 0.030250 0.034609
0 0.577828 0.692021 0.034625 0.033965
0 0.995367 0.251367 0.009266 0.041289
0 0.535484 0.267227 0.041125 0.036016
0 0.755258 0.720947 0.035984 0.033457
0 0.701359 0.178428 0.040437 0.038965
0 0.882727 0.083115 0.044547 0.037168
0 0.394625 0.156953 0.038469 0.040508
0 0.567344 0.028252 0.040719 0.038926
0 0.225563 0.276602 0.039906 0.035938
0 0.068539 0.386270 0.041578 0.039531
0 0.237219 0.043281 0.045562 0.039375
0 0.966742 0.988936 0.038422 0.022129
0 0.069820 0.154219 0.042828 0.042773