0 0.800539 0.300713 0.034297 0.039316
0 0.342250 0.374443 0.036094 0.033574
0 0.111914 0.371201 0.033391 0.034785
0 0.201938 0.489365 0.036406 0.036816
0 0.055180 0.599795 0.038453 0.034785
0 0.192516 0.680039 0.033531 0.030234
0 0.066195 0.813359 0.036047 0.034258
0 0.490969 0.484648 0.025969 0.026523
0 0.205000 0.909443 0.035281 0.033223
0 0.334828 0.569395 0.035062 0.029023
0 0.296164 0.461123 0.028297 0.033809
0 0.330562 0.778965 0.034750 0.032422
0 0.462039 0.887627 0.032828 0.031738
0 0.685773 0.444883 0.028641 0.027656
0 0.855672 0.347480 0.031969 0.029336
0 0.638820 0.388516 0.034828 0.032344
0 0.489687 0.459922 0.029000 0.026602
0 0.937438 0.434590 0.038438 0.036016
0 0.771164 0.511494 0.036328 0.032520
0 0.373242 0.658945 0.032891 0.033125
0 0.599906 0.791035 0.031156 0.031914
0 0.455914 0.743857 0.035297 0.031660
0 0.623664 0.579902 0.029953 0.034375
0 0.480492 0.582549 0.034734 0.032090
0 0.896297 0.628613 0.036094 0.035547
0 0.863250 0.835264 0.035937 0.037637
0 0.715680 0.924717 0.032984 0.032285
0 0.984875 0.192305 0.030250 0.034609
0 0.576516 0.663379 0.034625 0.033945
0 0.975531 0.228379 0.042062 0.041289
0 0.503977 0.253408 0.041141 0.036035
0 0.754516 0.689805 0.034875 0.033477
0 0.662484 0.165518 0.040437 0.038965
0 0.841187 0.066357 0.045031 0.036543
0 0.354234 0.155527 0.039750 0.040508
0 0.519109 0.022100 0.040719 0.034004
0 0.194695 0.281387 0.039922 0.035938
0 0.045188 0.397637 0.039750 0.039531
0 0.191062 0.050713 0.045563 0.039395
0 0.980789 0.969404 0.038422 0.038027
0 0.029570 0.174639 0.042828 0.046699