0 0.790641 0.294160 0.034313 0.039336
0 0.334594 0.371680 0.036094 0.033555
0 0.111914 0.371201 0.033391 0.034785
0 0.197023 0.488867 0.036391 0.036797
0 0.053758 0.601074 0.038453 0.034766
0 0.193789 0.675801 0.033547 0.030234
0 0.069961 0.813262 0.035641 0.034258
0 0.491539 0.484375 0.026172 0.026523
0 0.210375 0.907910 0.034937 0.033242
0 0.332891 0.564063 0.034719 0.029023
0 0.296398 0.461416 0.028297 0.033809
0 0.334680 0.772793 0.034641 0.032734
0 0.467398 0.880420 0.032828 0.031738
0 0.685773 0.444883 0.028641 0.027656
0 0.855672 0.347480 0.031969 0.029336
0 0.631641 0.381816 0.034812 0.032344
0 0.484672 0.453115 0.029344 0.027129
0 0.930953 0.425664 0.038438 0.036328
0 0.766156 0.502744 0.035875 0.032520
0 0.372656 0.651768 0.032875 0.033379
0 0.601969 0.782197 0.031156 0.031934
0 0.459203 0.734941 0.034750 0.031641
0 0.620953 0.571514 0.029938 0.034355
0 0.478523 0.573301 0.034234 0.032344
0 0.894172 0.617188 0.036094 0.035547
0 0.866195 0.825254 0.035922 0.037617
0 0.720977 0.915869 0.033203 0.032871
0 0.984875 0.192305 0.030250 0.034609
0 0.575750 0.653809 0.034625 0.033945
0 0.963891 0.220039 0.042438 0.041289
0 0.492844 0.248916 0.041125 0.036035
0 0.754047 0.679209 0.034406 0.033457
0 0.649359 0.161396 0.040437 0.038965
0 0.827172 0.060693 0.045031 0.036543
0 0.340125 0.155410 0.040281 0.040508
0 0.502617 0.020410 0.040703 0.031953
0 0.184188 0.283232 0.039906 0.035918
0 0.037234 0.401680 0.038969 0.039531
0 0.175375 0.053389 0.045562 0.039395
0 0.985656 0.966309 0.026250 0.041172
0 0.020828 0.180078 0.039219 0.047266