0 0.899031 0.380059 0.039344 0.039336
0 0.427875 0.404375 0.036094 0.033555
0 0.110172 0.374736 0.029906 0.027715
0 0.255516 0.497627 0.036406 0.036816
0 0.079570 0.585430 0.038453 0.034766
0 0.192953 0.711973 0.033531 0.030234
0 0.037523 0.804209 0.036984 0.034238
0 0.490000 0.483525 0.025469 0.026543
0 0.152383 0.915869 0.036047 0.033223
0 0.363836 0.618145 0.035859 0.029023
0 0.295930 0.461934 0.028297 0.033789
0 0.303570 0.832588 0.034984 0.031699
0 0.414805 0.950732 0.032828 0.031738
0 0.684383 0.444883 0.028641 0.027656
0 0.856609 0.345391 0.031969 0.029336
0 0.717656 0.460371 0.034812 0.032344
0 0.536930 0.528457 0.034391 0.032578
0 0.987750 0.528730 0.024500 0.035234
0 0.813617 0.600918 0.037391 0.035391
0 0.373336 0.725801 0.032891 0.032578
0 0.576297 0.875703 0.031156 0.031914
0 0.447562 0.811016 0.036562 0.036563
0 0.642094 0.663926 0.031656 0.035000
0 0.493906 0.666182 0.035906 0.031504
0 0.909219 0.736367 0.036094 0.035547
0 0.831250 0.931592 0.035937 0.037637
0 0.658125 0.991855 0.032437 0.016289
0 0.983031 0.191436 0.030250 0.034590
0 0.564359 0.763848 0.034625 0.033945
0 0.610234 0.312285 0.041125 0.036016
0 0.743383 0.802979 0.035984 0.033457
0 0.804578 0.223496 0.040437 0.038984
0 0.988781 0.138252 0.020406 0.037012
0 0.495352 0.172187 0.038484 0.040508
0 0.692328 0.053369 0.040719 0.040293
0 0.311445 0.269971 0.039922 0.035918
0 0.133211 0.360430 0.041578 0.039531
0 0.366031 0.027383 0.045562 0.039375
0 0.182086 0.114648 0.042828 0.042773
0 0.992633 0.860566 0.014734 0.046445
0 0.006406 0.214541 0.012812 0.039121