0 0.751680 0.444707 0.039234 0.035391
0 0.274945 0.418643 0.037016 0.033574
0 0.078141 0.485029 0.036406 0.031738
0 0.292563 0.485195 0.025469 0.026523
0 0.174055 0.626758 0.035859 0.029258
0 0.084836 0.454307 0.028297 0.032520
0 0.079633 0.839736 0.034984 0.031699
0 0.169898 0.970137 0.032828 0.031758
0 0.486641 0.459307 0.028625 0.026816
0 0.656875 0.371123 0.034438 0.028887
0 0.556266 0.515010 0.034812 0.032324
0 0.369789 0.563145 0.034609 0.032813
0 0.817281 0.608594 0.037969 0.033438
0 0.633672 0.662920 0.036656 0.035488
0 0.164172 0.746387 0.032875 0.032578
0 0.342734 0.917500 0.031156 0.031914
0 0.237484 0.841719 0.036563 0.036719
0 0.451945 0.714990 0.034516 0.035020
0 0.298859 0.703613 0.035906 0.031523
0 0.699055 0.804375 0.038766 0.035547
0 0.587023 0.986094 0.035922 0.027813
0 0.778734 0.223652 0.034312 0.028633
0 0.361234 0.805312 0.034625 0.033945
0 0.466062 0.359600 0.039031 0.036035
0 0.525133 0.856104 0.033828 0.031777
0 0.672867 0.283965 0.040109 0.038516
0 0.372914 0.191064 0.038484 0.040527
0 0.594156 0.119795 0.035406 0.035957
0 0.177305 0.262959 0.039922 0.035918
0 0.272578 0.020215 0.034219 0.035195
0 0.067914 0.082187 0.043953 0.042773
0 0.768656 0.936943 0.035375 0.030449
0 0.796805 0.044561 0.043891 0.039395
0 0.843984 0.041348 0.034781 0.030234
0 0.870453 0.221289 0.040375 0.039687
0 0.884852 0.752646 0.037984 0.032051
0 0.950750 0.389629 0.039531 0.039023
0 0.946414 0.890049 0.034266 0.031816
0 0.992625 0.554004 0.014750 0.039219