0 0.797234 0.298535 0.034313 0.039336
0 0.339703 0.373525 0.036094 0.033574
0 0.111914 0.371201 0.033391 0.034785
0 0.200297 0.489189 0.036406 0.036816
0 0.054711 0.600215 0.038453 0.034766
0 0.192938 0.678633 0.033531 0.030234
0 0.067453 0.813320 0.035906 0.034258
0 0.491164 0.484551 0.026047 0.026523
0 0.206789 0.908926 0.035172 0.033242
0 0.334180 0.567617 0.034953 0.029023
0 0.296242 0.461221 0.028297 0.033809
0 0.331937 0.776904 0.034719 0.032520
0 0.463836 0.885225 0.032828 0.031738
0 0.685773 0.444883 0.028641 0.027656
0 0.855672 0.347480 0.031969 0.029336
0 0.636422 0.386279 0.034812 0.032324
0 0.488016 0.457646 0.029125 0.026777
0 0.935273 0.431611 0.038422 0.036113
0 0.769500 0.508584 0.036188 0.032520
0 0.373047 0.656553 0.032875 0.033223
0 0.600594 0.788096 0.031156 0.031934
0 0.456461 0.741230 0.035109 0.031641
0 0.622766 0.577100 0.029937 0.034355
0 0.479836 0.579463 0.034578 0.032168
0 0.895594 0.624805 0.036094 0.035547
0 0.864227 0.831924 0.035922 0.037637
0 0.717445 0.921768 0.033047 0.032480
0 0.984875 0.192305 0.030250 0.034609
0 0.576266 0.660195 0.034625 0.033945
0 0.971648 0.225596 0.042203 0.041270
0 0.500266 0.251914 0.041125 0.036016
0 0.754359 0.686270 0.034719 0.033477
0 0.658109 0.164150 0.040437 0.038965
0 0.836516 0.064473 0.045031 0.036562
0 0.349531 0.155488 0.039906 0.040508
0 0.513609 0.021533 0.040719 0.033340
0 0.191195 0.282002 0.039922 0.035918
0 0.042539 0.398984 0.039484 0.039531
0 0.185844 0.051602 0.045563 0.039375
0 0.982414 0.968369 0.034359 0.039082
0 0.025078 0.177031 0.042844 0.047266