0 0.751320 0.443926 0.039234 0.035469
0 0.274820 0.417705 0.037016 0.033574
0 0.078203 0.484209 0.036406 0.031738
0 0.292891 0.483223 0.025469 0.026523
0 0.174055 0.626240 0.035859 0.029199
0 0.085414 0.452979 0.028297 0.032832
0 0.080344 0.839277 0.035000 0.031680
0 0.170211 0.969883 0.032828 0.031758
0 0.486766 0.457246 0.028625 0.027031
0 0.656641 0.369189 0.034563 0.029004
0 0.556047 0.514072 0.034812 0.032324
0 0.369461 0.562227 0.034609 0.032813
0 0.816281 0.607988 0.037969 0.033438
0 0.633242 0.662070 0.036641 0.035508
0 0.164719 0.745645 0.032875 0.032578
0 0.342828 0.917324 0.031156 0.031914
0 0.238187 0.841084 0.036562 0.036738
0 0.451445 0.714365 0.034516 0.035020
0 0.298891 0.703135 0.035906 0.031504
0 0.698883 0.803711 0.039141 0.035547
0 0.586594 0.985928 0.035937 0.028145
0 0.778391 0.221367 0.034469 0.028789
0 0.360875 0.804971 0.034625 0.033965
0 0.465602 0.358818 0.039047 0.036035
0 0.524992 0.855674 0.033828 0.031777
0 0.671664 0.282715 0.040203 0.038633
0 0.372148 0.189668 0.038484 0.040508
0 0.592969 0.118975 0.035313 0.035918
0 0.177742 0.262256 0.039922 0.035918
0 0.270992 0.019385 0.034078 0.035059
0 0.067414 0.081533 0.043953 0.042793
0 0.768687 0.936514 0.035375 0.030449
0 0.794961 0.043779 0.043891 0.039395
0 0.843320 0.038975 0.034766 0.030254
0 0.869102 0.220234 0.040391 0.039805
0 0.884437 0.752109 0.038000 0.032070
0 0.950375 0.389062 0.039531 0.039023
0 0.946539 0.889443 0.034266 0.031816
0 0.992352 0.553604 0.015297 0.039238