0 0.841820 0.331465 0.035516 0.039336
0 0.376469 0.386553 0.036094 0.033574
0 0.111492 0.372051 0.032547 0.033086
0 0.223555 0.492217 0.036391 0.036816
0 0.063594 0.594082 0.038437 0.034766
0 0.190359 0.695234 0.033531 0.030234
0 0.050352 0.811328 0.036984 0.034258
0 0.489734 0.484844 0.025469 0.026523
0 0.180234 0.913711 0.036062 0.033242
0 0.345258 0.590605 0.035859 0.029023
0 0.295703 0.460811 0.028313 0.033809
0 0.318453 0.803359 0.035000 0.031680
0 0.441148 0.915635 0.032828 0.031738
0 0.685437 0.444883 0.028625 0.027656
0 0.855898 0.346973 0.031953 0.029336
0 0.670562 0.417725 0.034813 0.032324
0 0.509953 0.488516 0.029687 0.027148
0 0.961953 0.473125 0.036844 0.035234
0 0.790289 0.548555 0.037391 0.033203
0 0.373453 0.689404 0.032875 0.032559
0 0.590555 0.827109 0.031172 0.031914
0 0.451016 0.774004 0.036563 0.032852
0 0.635477 0.615039 0.030359 0.034531
0 0.485500 0.619678 0.035906 0.031504
0 0.903172 0.674824 0.036094 0.035547
0 0.849883 0.878379 0.035922 0.037617
0 0.691016 0.959570 0.032437 0.029648
0 0.984422 0.192090 0.030250 0.034609
0 0.576656 0.707783 0.034625 0.033965
0 0.549328 0.275566 0.041125 0.036016
0 0.754367 0.736963 0.035984 0.033457
0 0.721977 0.186621 0.040453 0.038984
0 0.904766 0.091924 0.043312 0.038730
0 0.413273 0.159766 0.038484 0.040508
0 0.591742 0.033779 0.040703 0.039160
0 0.241469 0.275381 0.039906 0.035918
0 0.080508 0.381484 0.041578 0.039531
0 0.261078 0.040342 0.045562 0.039395
0 0.091867 0.144980 0.042828 0.042773