0 0.936695 0.408975 0.038609 0.037090
0 0.461977 0.412861 0.036109 0.033574
0 0.108625 0.373408 0.029781 0.027441
0 0.278078 0.497949 0.036406 0.036797
0 0.099242 0.573613 0.038453 0.034766
0 0.193070 0.711641 0.033547 0.030234
0 0.028148 0.791270 0.036984 0.034258
0 0.490234 0.482383 0.025469 0.026523
0 0.134109 0.908838 0.036062 0.033223
0 0.377313 0.626523 0.035875 0.029023
0 0.296117 0.462900 0.028297 0.033809
0 0.295648 0.840430 0.034984 0.031680
0 0.393289 0.967080 0.032828 0.031738
0 0.683469 0.444883 0.028625 0.027656
0 0.857227 0.344023 0.031953 0.029336
0 0.738781 0.486230 0.034812 0.032344
0 0.559695 0.551523 0.034609 0.032812
0 0.996250 0.563066 0.007500 0.028164
0 0.827758 0.632227 0.037391 0.035508
0 0.379258 0.745293 0.032891 0.032578
0 0.562078 0.903086 0.031156 0.031914
0 0.447547 0.834209 0.036562 0.036738
0 0.646719 0.694697 0.031719 0.035020
0 0.504641 0.691279 0.035906 0.031504
0 0.910078 0.772266 0.036094 0.035547
0 0.809773 0.963672 0.035922 0.037617
0 0.981812 0.190869 0.030250 0.034590
0 0.571531 0.782637 0.034625 0.033945
0 0.650805 0.337227 0.041141 0.036016
0 0.737211 0.832666 0.035984 0.033457
0 0.851672 0.245664 0.040437 0.038984
0 0.543930 0.180723 0.038484 0.040508
0 0.751633 0.078350 0.040703 0.040332
0 0.355211 0.269463 0.039922 0.035918
0 0.166727 0.348340 0.041578 0.039531
0 0.428937 0.022607 0.045563 0.039395
0 0.240367 0.104414 0.042828 0.042773
0 0.988281 0.900566 0.023438 0.028086
0 0.039531 0.190586 0.039375 0.045000
0 0.960109 0.010713 0.038875 0.020723