0 0.938641 0.410459 0.038563 0.036973
0 0.463734 0.413291 0.036094 0.033574
0 0.108547 0.373320 0.029781 0.027461
0 0.279250 0.497959 0.036406 0.036816
0 0.100297 0.572988 0.038437 0.034766
0 0.193070 0.711582 0.033547 0.030234
0 0.027648 0.790566 0.036984 0.034258
0 0.490250 0.482324 0.025469 0.026523
0 0.133156 0.908438 0.036062 0.033242
0 0.378016 0.626934 0.035875 0.029023
0 0.296125 0.462949 0.028313 0.033789
0 0.295258 0.840801 0.034984 0.031680
0 0.392164 0.967900 0.032828 0.031738
0 0.683422 0.444883 0.028625 0.027656
0 0.857258 0.343945 0.031953 0.029336
0 0.739844 0.487559 0.034812 0.032344
0 0.560898 0.552705 0.034609 0.032832
0 0.996250 0.563066 0.007500 0.028164
0 0.828477 0.633828 0.037391 0.035508
0 0.379586 0.746289 0.032891 0.032578
0 0.561328 0.904482 0.031156 0.031934
0 0.447547 0.835400 0.036562 0.036738
0 0.646977 0.696279 0.031703 0.035020
0 0.505203 0.692568 0.035906 0.031504
0 0.910109 0.774102 0.036094 0.035547
0 0.808625 0.965332 0.035937 0.037617
0 0.981750 0.190840 0.030250 0.034609
0 0.571969 0.783574 0.034625 0.033945
0 0.652906 0.338525 0.041125 0.036035
0 0.736914 0.834150 0.035984 0.033457
0 0.854094 0.246797 0.040437 0.038984
0 0.546430 0.181172 0.038484 0.040508
0 0.754687 0.079697 0.040719 0.040332
0 0.357461 0.269443 0.039922 0.035918
0 0.168461 0.347715 0.041578 0.039531
0 0.432172 0.022383 0.045563 0.039375
0 0.243398 0.103896 0.042828 0.042793
0 0.988055 0.902012 0.023891 0.028477
0 0.041453 0.189688 0.039375 0.045000
0 0.962234 0.011504 0.038875 0.021953