0 0.878227 0.362383 0.037953 0.039336
0 0.409187 0.397900 0.036094 0.033574
0 0.110648 0.373760 0.030859 0.029668
0 0.243891 0.495654 0.036406 0.036816
0 0.073766 0.588574 0.038437 0.034766
0 0.192008 0.705898 0.033547 0.030234
0 0.038805 0.806797 0.036984 0.034258
0 0.489906 0.484004 0.025469 0.026523
0 0.161656 0.915078 0.036062 0.033242
0 0.357070 0.608145 0.035859 0.029023
0 0.295844 0.461533 0.028313 0.033809
0 0.310766 0.822520 0.035000 0.031680
0 0.424383 0.937959 0.032828 0.031738
0 0.684766 0.444883 0.028625 0.027656
0 0.856352 0.345957 0.031953 0.029336
0 0.700531 0.444863 0.034813 0.032344
0 0.527117 0.513936 0.032672 0.030605
0 0.980711 0.508516 0.033672 0.035234
0 0.805133 0.581875 0.037391 0.034609
0 0.372484 0.714238 0.032875 0.032578
0 0.581484 0.858037 0.031156 0.031934
0 0.448828 0.797559 0.036562 0.035195
0 0.642367 0.646152 0.031172 0.034844
0 0.489063 0.649824 0.035906 0.031523
0 0.907016 0.713984 0.036094 0.035547
0 0.837578 0.914473 0.035937 0.037617
0 0.667859 0.983896 0.032437 0.024355
0 0.983531 0.191680 0.030250 0.034609
0 0.570609 0.746807 0.034625 0.033965
0 0.588086 0.298936 0.041141 0.036035
0 0.749164 0.780088 0.035984 0.033457
0 0.777500 0.209805 0.040437 0.038984
0 0.964586 0.118662 0.038328 0.040762
0 0.465508 0.167676 0.038484 0.040508
0 0.658203 0.047949 0.040719 0.039883
0 0.285992 0.271943 0.039922 0.035918
0 0.114039 0.368086 0.041578 0.039531
0 0.327875 0.032090 0.045562 0.039375
0 0.151727 0.121934 0.042828 0.042773
0 0.993133 0.841094 0.013734 0.047305