0 0.891227 0.373437 0.038828 0.039336
0 0.420859 0.401943 0.036094 0.033574
0 0.110352 0.374375 0.030266 0.028438
0 0.251156 0.496885 0.036406 0.036816
0 0.077398 0.586621 0.038453 0.034766
0 0.192602 0.709688 0.033547 0.030234
0 0.038008 0.805176 0.036984 0.034258
0 0.489969 0.483711 0.025469 0.026523
0 0.155859 0.915566 0.036063 0.033242
0 0.361297 0.614395 0.035875 0.029023
0 0.295898 0.461787 0.028297 0.033809
0 0.306273 0.828818 0.034984 0.031699
0 0.418398 0.945947 0.032828 0.031738
0 0.684523 0.444883 0.028641 0.027656
0 0.856516 0.345605 0.031969 0.029336
0 0.711234 0.454561 0.034812 0.032324
0 0.533250 0.523008 0.033750 0.031836
0 0.985570 0.521152 0.028859 0.035234
0 0.810430 0.593779 0.037391 0.035098
0 0.373016 0.721465 0.032875 0.032578
0 0.578250 0.869082 0.031156 0.031914
0 0.448031 0.805977 0.036562 0.036055
0 0.642195 0.657256 0.031484 0.034941
0 0.492094 0.660049 0.035906 0.031504
0 0.908391 0.727969 0.036094 0.035547
0 0.833625 0.925166 0.035937 0.037637
0 0.660906 0.988896 0.032437 0.019980
0 0.983219 0.191523 0.030250 0.034609
0 0.566703 0.757451 0.034625 0.033965
0 0.601922 0.307275 0.041125 0.036035
0 0.745547 0.794395 0.035969 0.033477
0 0.794422 0.218359 0.040437 0.038984
0 0.981039 0.130908 0.029797 0.038418
0 0.484148 0.170488 0.038484 0.040508
0 0.679531 0.051338 0.040719 0.040137
0 0.301898 0.270713 0.039922 0.035918
0 0.126023 0.363301 0.041578 0.039531
0 0.351719 0.029150 0.045562 0.039395
0 0.170695 0.117383 0.042828 0.042773
0 0.992734 0.853516 0.014531 0.047305
0 0.002875 0.224531 0.005750 0.033867