0 0.911367 0.389688 0.039266 0.038711
0 0.439031 0.407314 0.036094 0.033574
0 0.109703 0.374453 0.029781 0.027461
0 0.262828 0.497891 0.036406 0.036797
0 0.085563 0.581875 0.038437 0.034766
0 0.193070 0.712441 0.033547 0.030234
0 0.034805 0.800381 0.036984 0.034238
0 0.490078 0.483164 0.025469 0.026523
0 0.146461 0.913984 0.036047 0.033242
0 0.368180 0.621387 0.035859 0.029023
0 0.295984 0.462236 0.028313 0.033809
0 0.300727 0.835674 0.034984 0.031699
0 0.407961 0.956416 0.032828 0.031738
0 0.684094 0.444883 0.028625 0.027656
0 0.856805 0.344961 0.031953 0.029336
0 0.725062 0.468955 0.034813 0.032324
0 0.544133 0.536172 0.034609 0.032813
0 0.991055 0.540596 0.017891 0.030801
0 0.818305 0.611328 0.037391 0.035508
0 0.375055 0.732256 0.032891 0.032559
0 0.571875 0.884902 0.031156 0.031914
0 0.447453 0.818682 0.036562 0.036738
0 0.643359 0.674082 0.031719 0.035039
0 0.497328 0.674629 0.035906 0.031523
0 0.909656 0.748359 0.036094 0.035547
0 0.824711 0.942041 0.035922 0.037637
0 0.982641 0.191260 0.030250 0.034590
0 0.565781 0.770605 0.034625 0.033945
0 0.623500 0.320420 0.041125 0.036035
0 0.741148 0.813291 0.035984 0.033457
0 0.820102 0.230889 0.040453 0.038965
0 0.511539 0.174961 0.038484 0.040508
0 0.711883 0.060801 0.040703 0.040352
0 0.325898 0.269658 0.039922 0.035918
0 0.144242 0.356387 0.041578 0.039531
0 0.386953 0.025625 0.045563 0.039375
0 0.201008 0.111152 0.042828 0.042773
0 0.992000 0.873535 0.016000 0.041211
0 0.016125 0.204219 0.032250 0.042070