0 0.862625 0.349141 0.036906 0.039336
0 0.395156 0.393037 0.036094 0.033574
0 0.111016 0.373027 0.031594 0.031133
0 0.235172 0.494189 0.036406 0.036816
0 0.069406 0.590938 0.038437 0.034766
0 0.191305 0.701328 0.033547 0.030234
0 0.042305 0.808750 0.036984 0.034258
0 0.489836 0.484355 0.025453 0.026523
0 0.168617 0.914492 0.036047 0.033242
0 0.352008 0.600625 0.035859 0.029023
0 0.295789 0.461221 0.028297 0.033809
0 0.315617 0.814795 0.034984 0.031699
0 0.431570 0.928389 0.032828 0.031738
0 0.685055 0.444883 0.028641 0.027656
0 0.856156 0.346406 0.031969 0.029336
0 0.687688 0.433232 0.034812 0.032324
0 0.519766 0.503037 0.031406 0.029121
0 0.972672 0.493340 0.035031 0.035234
0 0.798773 0.567598 0.037391 0.034023
0 0.372117 0.705059 0.032891 0.032578
0 0.585375 0.844785 0.031156 0.031914
0 0.449766 0.787471 0.036563 0.034199
0 0.641750 0.632812 0.030812 0.034687
0 0.485984 0.637393 0.035906 0.031504
0 0.905359 0.697207 0.036094 0.035547
0 0.842461 0.900947 0.035922 0.037637
0 0.676953 0.975840 0.032437 0.028203
0 0.983922 0.191855 0.030250 0.034609
0 0.574766 0.733008 0.034625 0.033945
0 0.571477 0.288916 0.041141 0.036035
0 0.752953 0.762578 0.035969 0.033477
0 0.754969 0.199746 0.040437 0.038984
0 0.940055 0.106025 0.041328 0.041230
0 0.443117 0.164287 0.038484 0.040527
0 0.630773 0.042607 0.040703 0.039590
0 0.266914 0.273408 0.039922 0.035918
0 0.099672 0.373828 0.041594 0.039531
0 0.299250 0.035625 0.045562 0.039375
0 0.127117 0.130205 0.042828 0.042793
0 0.992984 0.825791 0.014031 0.045801