0 0.826227 0.318213 0.034484 0.039316
0 0.362453 0.381699 0.036094 0.033555
0 0.111852 0.371318 0.033266 0.034551
0 0.214844 0.490752 0.036406 0.036816
0 0.059242 0.596426 0.038453 0.034766
0 0.189648 0.690684 0.033547 0.030234
0 0.056398 0.813281 0.036984 0.034258
0 0.489672 0.485195 0.025469 0.026523
0 0.190703 0.913115 0.036062 0.033223
0 0.340195 0.583105 0.035859 0.029023
0 0.295648 0.460518 0.028297 0.033809
0 0.320578 0.794785 0.035000 0.031680
0 0.448336 0.906064 0.032828 0.031738
0 0.685719 0.444883 0.028625 0.027656
0 0.855703 0.347402 0.031969 0.029336
0 0.657734 0.406094 0.034812 0.032344
0 0.502594 0.477617 0.028406 0.025664
0 0.953914 0.457949 0.038203 0.035234
0 0.783930 0.534277 0.037391 0.032617
0 0.374453 0.677656 0.032875 0.032578
0 0.594438 0.813857 0.031156 0.031934
0 0.451969 0.763916 0.036562 0.031816
0 0.630766 0.601709 0.030000 0.034395
0 0.485141 0.606377 0.035906 0.031504
0 0.901516 0.658027 0.036094 0.035547
0 0.855445 0.861455 0.035922 0.037637
0 0.701562 0.947373 0.032437 0.030723
0 0.984812 0.192275 0.030250 0.034590
0 0.578063 0.688867 0.034625 0.033945
0 0.993133 0.247295 0.013734 0.041270
0 0.532719 0.265557 0.041125 0.036035
0 0.755437 0.717744 0.035969 0.033457
0 0.697234 0.176787 0.040437 0.038965
0 0.878313 0.081348 0.044781 0.036875
0 0.390898 0.156387 0.038484 0.040508
0 0.562469 0.027158 0.040719 0.038887
0 0.222383 0.276846 0.039922 0.035918
0 0.066133 0.387227 0.041578 0.039531
0 0.232453 0.043867 0.045562 0.039375
0 0.968273 0.987793 0.038422 0.024414
0 0.065414 0.156064 0.042828 0.042793