0 0.903578 0.383750 0.039469 0.039219
0 0.431969 0.405615 0.036094 0.033574
0 0.110031 0.374785 0.029781 0.027461
0 0.258141 0.497871 0.036406 0.036797
0 0.081352 0.584414 0.038453 0.034766
0 0.193070 0.712676 0.033547 0.030234
0 0.036852 0.803184 0.036984 0.034258
0 0.490031 0.483398 0.025469 0.026523
0 0.150266 0.915566 0.036062 0.033242
0 0.365383 0.619805 0.035859 0.029023
0 0.295945 0.462041 0.028297 0.033809
0 0.302281 0.834219 0.035000 0.031680
0 0.412477 0.953145 0.032828 0.031758
0 0.684281 0.444883 0.028625 0.027656
0 0.856672 0.345234 0.031969 0.029336
0 0.720844 0.463643 0.034813 0.032324
0 0.539352 0.531445 0.034609 0.032813
0 0.988992 0.533135 0.022016 0.034355
0 0.815398 0.604902 0.037391 0.035508
0 0.373766 0.728242 0.032875 0.032578
0 0.574891 0.879316 0.031156 0.031914
0 0.447422 0.813896 0.036563 0.036738
0 0.642320 0.667734 0.031703 0.035039
0 0.495063 0.669502 0.035906 0.031504
0 0.909516 0.741016 0.036094 0.035547
0 0.829313 0.935391 0.035937 0.037617
0 0.658125 0.993770 0.032437 0.012461
0 0.982891 0.191377 0.030250 0.034590
0 0.564016 0.766895 0.034625 0.033945
0 0.615102 0.315244 0.041141 0.036035
0 0.742352 0.807334 0.035984 0.033457
0 0.810391 0.226338 0.040438 0.038965
0 0.994547 0.147764 0.010906 0.036543
0 0.501570 0.173193 0.038484 0.040527
0 0.699656 0.055400 0.040719 0.040332
0 0.316883 0.269717 0.039922 0.035918
0 0.137336 0.358848 0.041578 0.039531
0 0.374031 0.026562 0.045562 0.039375
0 0.188898 0.113223 0.042828 0.042773
0 0.992422 0.864883 0.015156 0.044687
0 0.009555 0.210137 0.018328 0.040078