0 0.913312 0.391172 0.039219 0.038594
0 0.440797 0.407744 0.036094 0.033574
0 0.109617 0.374375 0.029766 0.027461
0 0.264008 0.497900 0.036391 0.036816
0 0.086617 0.581230 0.038453 0.034766
0 0.193070 0.712383 0.033547 0.030234
0 0.034289 0.799687 0.036984 0.034258
0 0.490094 0.483105 0.025469 0.026523
0 0.145516 0.913584 0.036062 0.033223
0 0.368883 0.621777 0.035859 0.029023
0 0.295992 0.462295 0.028297 0.033809
0 0.300336 0.836045 0.034984 0.031699
0 0.406836 0.957236 0.032828 0.031738
0 0.684047 0.444883 0.028625 0.027656
0 0.856836 0.344883 0.031953 0.029336
0 0.726125 0.470283 0.034813 0.032324
0 0.545336 0.537363 0.034609 0.032812
0 0.991570 0.542461 0.016859 0.029922
0 0.819039 0.612939 0.037391 0.035488
0 0.375383 0.733262 0.032891 0.032578
0 0.571125 0.886309 0.031156 0.031914
0 0.447453 0.819873 0.036562 0.036738
0 0.643617 0.675664 0.031703 0.035039
0 0.497891 0.675908 0.035906 0.031504
0 0.909688 0.750195 0.036094 0.035547
0 0.823563 0.943711 0.035937 0.037617
0 0.982578 0.191230 0.030250 0.034609
0 0.566234 0.771523 0.034625 0.033945
0 0.625602 0.321709 0.041141 0.036035
0 0.740844 0.814775 0.035969 0.033457
0 0.822531 0.232021 0.040437 0.038965
0 0.514023 0.175410 0.038484 0.040508
0 0.714937 0.062148 0.040719 0.040352
0 0.328148 0.269639 0.039922 0.035918
0 0.145977 0.355762 0.041578 0.039531
0 0.390188 0.025400 0.045563 0.039395
0 0.204039 0.110635 0.042828 0.042793
0 0.991891 0.875693 0.016219 0.040332
0 0.017313 0.203730 0.034625 0.043047