0 0.909422 0.388203 0.039312 0.038828
0 0.437266 0.406885 0.036094 0.033574
0 0.109781 0.374531 0.029781 0.027461
0 0.261656 0.497881 0.036406 0.036816
0 0.084508 0.582500 0.038453 0.034766
0 0.193070 0.712500 0.033547 0.030234
0 0.035320 0.801074 0.036984 0.034258
0 0.490062 0.483223 0.025469 0.026523
0 0.147414 0.914375 0.036047 0.033242
0 0.367484 0.620977 0.035875 0.029023
0 0.295977 0.462187 0.028297 0.033789
0 0.301117 0.835313 0.034984 0.031680
0 0.409094 0.955596 0.032813 0.031738
0 0.684141 0.444883 0.028625 0.027656
0 0.856773 0.345020 0.031953 0.029336
0 0.724016 0.467627 0.034812 0.032324
0 0.542945 0.535000 0.034609 0.032813
0 0.990539 0.538730 0.018922 0.031680
0 0.817586 0.609727 0.037391 0.035508
0 0.374734 0.731250 0.032875 0.032578
0 0.572641 0.883506 0.031156 0.031934
0 0.447438 0.817480 0.036562 0.036719
0 0.643094 0.672490 0.031719 0.035020
0 0.496766 0.673350 0.035906 0.031504
0 0.909625 0.746523 0.036094 0.035547
0 0.825859 0.940381 0.035937 0.037637
0 0.982703 0.191289 0.030250 0.034609
0 0.565344 0.769678 0.034625 0.033965
0 0.621398 0.319121 0.041141 0.036016
0 0.741445 0.811807 0.035984 0.033457
0 0.817672 0.229756 0.040437 0.038965
0 0.509039 0.174521 0.038484 0.040527
0 0.708828 0.059443 0.040719 0.040332
0 0.323641 0.269678 0.039906 0.035918
0 0.142523 0.356992 0.041578 0.039531
0 0.383719 0.025859 0.045563 0.039375
0 0.197992 0.111670 0.042828 0.042793
0 0.992102 0.871377 0.015797 0.042090
0 0.014461 0.205469 0.028516 0.041563