0 0.831430 0.322627 0.034828 0.039316
0 0.367125 0.383311 0.036094 0.033574
0 0.111734 0.371563 0.033031 0.034062
0 0.217750 0.491240 0.036406 0.036816
0 0.060688 0.595645 0.038437 0.034766
0 0.189891 0.692207 0.033531 0.030234
0 0.054383 0.812637 0.036984 0.034258
0 0.489687 0.485078 0.025469 0.026523
0 0.187211 0.913311 0.036047 0.033223
0 0.341883 0.585605 0.035859 0.029023
0 0.295664 0.460615 0.028297 0.033809
0 0.319867 0.797646 0.034984 0.031699
0 0.445945 0.909248 0.032828 0.031738
0 0.685625 0.444883 0.028625 0.027656
0 0.855766 0.347266 0.031969 0.029336
0 0.662008 0.409961 0.034828 0.032344
0 0.505055 0.481250 0.028828 0.026172
0 0.956594 0.463008 0.037750 0.035234
0 0.786047 0.539043 0.037406 0.032813
0 0.374117 0.681582 0.032891 0.032578
0 0.593141 0.818281 0.031156 0.031914
0 0.451656 0.767275 0.036562 0.032168
0 0.632344 0.606152 0.030125 0.034414
0 0.485266 0.610811 0.035906 0.031504
0 0.902062 0.663633 0.036094 0.035547
0 0.853594 0.867090 0.035937 0.037617
0 0.698047 0.951436 0.032437 0.030371
0 0.984688 0.192217 0.030250 0.034590
0 0.577594 0.695176 0.034625 0.033945
0 0.538250 0.268887 0.041125 0.036016
0 0.755086 0.724150 0.035984 0.033457
0 0.705477 0.180068 0.040453 0.038965
0 0.887133 0.084873 0.044297 0.037480
0 0.398352 0.157520 0.038484 0.040508
0 0.572227 0.029365 0.040703 0.038965
0 0.228742 0.276357 0.039922 0.035918
0 0.070930 0.385313 0.041578 0.039531
0 0.241984 0.042695 0.045562 0.039375
0 0.965211 0.990078 0.038422 0.019844
0 0.074227 0.152373 0.042828 0.042793