0 0.946289 0.418525 0.038141 0.035957
0 0.468094 0.416699 0.036094 0.033555
0 0.107891 0.372676 0.029781 0.027461
0 0.280094 0.497236 0.036406 0.036816
0 0.098555 0.570449 0.038453 0.034766
0 0.193070 0.711094 0.033547 0.030234
0 0.023547 0.784961 0.036969 0.034258
0 0.490344 0.481855 0.025469 0.026523
0 0.125555 0.905273 0.036047 0.033242
0 0.376312 0.630098 0.035875 0.029023
0 0.291523 0.464424 0.028297 0.033809
0 0.292148 0.843721 0.034984 0.031699
0 0.384359 0.969883 0.032813 0.031758
0 0.683039 0.444883 0.028641 0.027656
0 0.853430 0.346562 0.031953 0.029336
0 0.747062 0.495127 0.034812 0.032324
0 0.561930 0.558340 0.034609 0.032812
0 0.996250 0.563066 0.007500 0.028164
0 0.826977 0.642881 0.037391 0.035488
0 0.373016 0.749736 0.032875 0.032559
0 0.551016 0.911104 0.031156 0.031934
0 0.446391 0.838857 0.036562 0.036738
0 0.646602 0.703633 0.031703 0.035039
0 0.501172 0.697471 0.035906 0.031504
0 0.904891 0.781953 0.036094 0.035547
0 0.800039 0.975596 0.035922 0.037637
0 0.976641 0.190605 0.030250 0.034609
0 0.566953 0.794023 0.034625 0.033945
0 0.656891 0.346582 0.041125 0.036016
0 0.732055 0.841494 0.035984 0.033457
0 0.858875 0.254365 0.040437 0.038965
0 0.555383 0.183945 0.038484 0.040508
0 0.766953 0.089736 0.040719 0.040332
0 0.365133 0.270088 0.039922 0.035918
0 0.177023 0.344961 0.041578 0.039531
0 0.443953 0.024912 0.045562 0.039395
0 0.255305 0.099756 0.042828 0.042793
0 0.986273 0.913496 0.027453 0.031523
0 0.052141 0.185352 0.039375 0.045000
0 0.978141 0.014414 0.038875 0.027930