0 0.834031 0.324844 0.035000 0.039336
0 0.369469 0.384131 0.036094 0.033574
0 0.111672 0.371689 0.032906 0.033809
0 0.219203 0.491484 0.036406 0.036797
0 0.061414 0.595254 0.038453 0.034766
0 0.190008 0.692969 0.033547 0.030234
0 0.053383 0.812305 0.036984 0.034258
0 0.489703 0.485020 0.025469 0.026523
0 0.185469 0.913408 0.036063 0.033223
0 0.342727 0.586855 0.035859 0.029023
0 0.295680 0.460654 0.028297 0.033809
0 0.319516 0.799072 0.035000 0.031699
0 0.444742 0.910850 0.032828 0.031738
0 0.685578 0.444883 0.028625 0.027656
0 0.855797 0.347187 0.031969 0.029336
0 0.664148 0.411904 0.034828 0.032324
0 0.506273 0.483066 0.029047 0.026406
0 0.957930 0.465537 0.037516 0.035254
0 0.787102 0.541416 0.037391 0.032910
0 0.373953 0.683535 0.032875 0.032578
0 0.592500 0.820488 0.031156 0.031914
0 0.451500 0.768955 0.036563 0.032324
0 0.633125 0.608379 0.030187 0.034453
0 0.485328 0.613027 0.035906 0.031523
0 0.902344 0.666426 0.036094 0.035547
0 0.852664 0.869912 0.035922 0.037637
0 0.696281 0.953467 0.032437 0.030176
0 0.984625 0.192188 0.030250 0.034609
0 0.577359 0.698330 0.034625 0.033965
0 0.541023 0.270566 0.041141 0.036016
0 0.754906 0.727354 0.035969 0.033457
0 0.709602 0.181699 0.040453 0.038984
0 0.891539 0.086641 0.044047 0.037812
0 0.402086 0.158076 0.038484 0.040527
0 0.577109 0.030469 0.040719 0.039023
0 0.231930 0.276113 0.039922 0.035938
0 0.073320 0.384355 0.041578 0.039531
0 0.246766 0.042109 0.045562 0.039375
0 0.963695 0.991221 0.038422 0.017559
0 0.078633 0.150527 0.042828 0.042773