0 0.750945 0.443145 0.039234 0.035547
0 0.274711 0.416768 0.037016 0.033574
0 0.078281 0.483389 0.036406 0.031738
0 0.293219 0.481250 0.025469 0.026523
0 0.174055 0.625723 0.035859 0.029141
0 0.085977 0.451641 0.028297 0.033164
0 0.081055 0.838818 0.034984 0.031699
0 0.170531 0.969619 0.032813 0.031738
0 0.486898 0.455186 0.028641 0.027246
0 0.656391 0.367275 0.034687 0.029121
0 0.555844 0.513135 0.034812 0.032324
0 0.369148 0.561289 0.034609 0.032812
0 0.815266 0.607393 0.037969 0.033457
0 0.632805 0.661221 0.036641 0.035488
0 0.165273 0.744902 0.032891 0.032578
0 0.342922 0.917148 0.031156 0.031914
0 0.238898 0.840459 0.036578 0.036738
0 0.450945 0.713740 0.034516 0.035020
0 0.298906 0.702646 0.035906 0.031504
0 0.698703 0.803066 0.039500 0.035547
0 0.586172 0.985762 0.035937 0.028477
0 0.778055 0.219082 0.034609 0.028945
0 0.360516 0.804629 0.034625 0.033945
0 0.465141 0.358027 0.039031 0.036016
0 0.524867 0.855244 0.033828 0.031777
0 0.670453 0.281465 0.040313 0.038750
0 0.371367 0.188262 0.038484 0.040508
0 0.591781 0.118174 0.035219 0.035879
0 0.178172 0.261533 0.039906 0.035918
0 0.269422 0.018564 0.033937 0.034941
0 0.066914 0.080879 0.043953 0.042773
0 0.768719 0.936084 0.035375 0.030449
0 0.793117 0.042998 0.043891 0.039395
0 0.842656 0.036602 0.034781 0.030234
0 0.867758 0.219180 0.040391 0.039922
0 0.884023 0.751562 0.037984 0.032070
0 0.949992 0.388506 0.039547 0.039004
0 0.946680 0.888838 0.034266 0.031816
0 0.992078 0.553213 0.015844 0.039238