0 0.945664 0.417676 0.038203 0.036094
0 0.467961 0.416279 0.036109 0.033574
0 0.107969 0.372754 0.029781 0.027461
0 0.280344 0.497354 0.036406 0.036816
0 0.099195 0.570664 0.038453 0.034766
0 0.193070 0.711152 0.033547 0.030234
0 0.024055 0.785664 0.036984 0.034258
0 0.490328 0.481914 0.025469 0.026523
0 0.126508 0.905664 0.036047 0.033242
0 0.376836 0.629687 0.035859 0.029023
0 0.292289 0.464189 0.028297 0.033809
0 0.292539 0.843359 0.034984 0.031680
0 0.385289 0.969824 0.032828 0.031758
0 0.683086 0.444883 0.028641 0.027656
0 0.854078 0.346094 0.031969 0.029336
0 0.746219 0.494316 0.034813 0.032344
0 0.562156 0.557793 0.034594 0.032813
0 0.996250 0.563066 0.007500 0.028164
0 0.827461 0.641904 0.037391 0.035488
0 0.374219 0.749492 0.032875 0.032578
0 0.552484 0.910459 0.031156 0.031934
0 0.446578 0.838682 0.036562 0.036738
0 0.646750 0.702930 0.031719 0.035039
0 0.502031 0.697080 0.035906 0.031504
0 0.905766 0.781250 0.036094 0.035547
0 0.801086 0.974443 0.035922 0.037637
0 0.977469 0.190625 0.030250 0.034609
0 0.567937 0.792598 0.034625 0.033945
0 0.656922 0.345674 0.041125 0.036035
0 0.732766 0.840771 0.035969 0.033457
0 0.858891 0.253486 0.040437 0.038965
0 0.554711 0.183633 0.038484 0.040508
0 0.765922 0.088506 0.040719 0.040332
0 0.364602 0.269971 0.039922 0.035918
0 0.176164 0.345215 0.041578 0.039531
0 0.443063 0.024414 0.045562 0.039375
0 0.254336 0.100273 0.042828 0.042773
0 0.986500 0.912061 0.027000 0.031152
0 0.051000 0.185771 0.039375 0.044980
0 0.976359 0.013965 0.038875 0.027930