0 0.813727 0.309453 0.034297 0.039336
0 0.352453 0.378125 0.036094 0.033555
0 0.111914 0.371201 0.033391 0.034785
0 0.208477 0.490010 0.036391 0.036816
0 0.057086 0.598105 0.038453 0.034766
0 0.190812 0.685684 0.033531 0.030234
0 0.061180 0.813496 0.036578 0.034258
0 0.490219 0.485000 0.025687 0.026523
0 0.197828 0.911484 0.035719 0.033242
0 0.337414 0.576504 0.035516 0.029023
0 0.295867 0.460752 0.028297 0.033809
0 0.325055 0.787188 0.034891 0.031992
0 0.454898 0.897256 0.032828 0.031738
0 0.685773 0.444883 0.028641 0.027656
0 0.855672 0.347480 0.031969 0.029336
0 0.648406 0.397451 0.034813 0.032324
0 0.496367 0.469004 0.028547 0.025938
0 0.946086 0.446494 0.038422 0.035566
0 0.777859 0.523154 0.036937 0.032520
0 0.374031 0.668516 0.032875 0.032813
0 0.597156 0.802812 0.031156 0.031914
0 0.453742 0.754355 0.036016 0.031641
0 0.627281 0.591094 0.029938 0.034375
0 0.483109 0.594902 0.035406 0.031758
0 0.899125 0.643828 0.036094 0.035547
0 0.859320 0.848613 0.035922 0.037617
0 0.708617 0.936494 0.032672 0.031504
0 0.984875 0.192305 0.030250 0.034609
0 0.577539 0.676152 0.034609 0.033945
0 0.986344 0.238271 0.027313 0.041270
0 0.518812 0.259395 0.041125 0.036016
0 0.755141 0.703945 0.035500 0.033477
0 0.679984 0.171016 0.040437 0.038984
0 0.859883 0.073916 0.045047 0.036543
0 0.373055 0.155703 0.039016 0.040508
0 0.541094 0.024355 0.040719 0.036758
0 0.208695 0.278936 0.039922 0.035918
0 0.055789 0.392246 0.040797 0.039531
0 0.211984 0.047139 0.045562 0.039395
0 0.974508 0.979258 0.038422 0.031562
0 0.047539 0.165078 0.042828 0.044453