0 0.770852 0.281055 0.034297 0.039336
0 0.319281 0.366162 0.036094 0.033574
0 0.111914 0.371201 0.033391 0.034785
0 0.187203 0.487881 0.036406 0.036816
0 0.050914 0.603613 0.038453 0.034766
0 0.196344 0.667344 0.033531 0.030234
0 0.077500 0.813047 0.034844 0.034258
0 0.492664 0.483848 0.026609 0.026523
0 0.221133 0.904844 0.034266 0.033242
0 0.329008 0.553379 0.034047 0.029023
0 0.296852 0.461982 0.028297 0.033809
0 0.342938 0.760449 0.034437 0.033359
0 0.478125 0.865986 0.032813 0.031738
0 0.685773 0.444883 0.028641 0.027656
0 0.348562 0.991328 0.031906 0.017344
0 0.855672 0.347480 0.031969 0.029336
0 0.602875 0.988467 0.034687 0.020840
0 0.617266 0.368418 0.034812 0.032344
0 0.474648 0.439502 0.030047 0.028145
0 0.917977 0.407793 0.038422 0.036992
0 0.756125 0.485264 0.034969 0.032520
0 0.371477 0.637412 0.032891 0.033848
0 0.606078 0.764531 0.031156 0.031914
0 0.467453 0.716064 0.033656 0.031660
0 0.615531 0.554717 0.029937 0.034355
0 0.474594 0.554775 0.033250 0.032832
0 0.889937 0.594375 0.036094 0.035547
0 0.872086 0.805225 0.035922 0.037637
0 0.731570 0.898203 0.033672 0.034062
0 0.984875 0.192305 0.030250 0.034609
0 0.574219 0.634668 0.034625 0.033945
0 0.940633 0.203359 0.043172 0.041289
0 0.470578 0.239932 0.041125 0.036035
0 0.753102 0.657998 0.033453 0.033457
0 0.623109 0.153154 0.040437 0.038965
0 0.792852 0.053281 0.045047 0.036562
0 0.311891 0.155156 0.041344 0.040508
0 0.469633 0.017021 0.040703 0.027832
0 0.163180 0.286904 0.039922 0.035918
0 0.021172 0.408750 0.036094 0.038906
0 0.140484 0.063125 0.045562 0.039375
0 0.992344 0.940361 0.015312 0.041152
0 0.004562 0.198408 0.009125 0.041230