0 0.875625 0.360176 0.037781 0.039336
0 0.406844 0.397080 0.036094 0.033574
0 0.110711 0.373643 0.030984 0.029902
0 0.242438 0.495420 0.036406 0.036816
0 0.073039 0.588965 0.038453 0.034766
0 0.191891 0.705137 0.033531 0.030234
0 0.038961 0.807129 0.036984 0.034258
0 0.489891 0.484063 0.025469 0.026523
0 0.162820 0.914980 0.036047 0.033242
0 0.356227 0.606875 0.035859 0.029023
0 0.295836 0.461475 0.028297 0.033809
0 0.311664 0.821260 0.034984 0.031699
0 0.425586 0.936377 0.032828 0.031738
0 0.684812 0.444883 0.028625 0.027656
0 0.856320 0.346035 0.031953 0.029336
0 0.698391 0.442930 0.034813 0.032344
0 0.525891 0.512109 0.032469 0.030352
0 0.979367 0.505977 0.033891 0.035234
0 0.804070 0.579502 0.037391 0.034512
0 0.372383 0.712793 0.032891 0.032578
0 0.582125 0.855830 0.031156 0.031934
0 0.448984 0.795879 0.036563 0.035039
0 0.642406 0.643926 0.031125 0.034805
0 0.488453 0.647783 0.035906 0.031504
0 0.906734 0.711191 0.036094 0.035547
0 0.838367 0.912334 0.035922 0.037637
0 0.669258 0.982910 0.032422 0.025234
0 0.983594 0.191709 0.030250 0.034590
0 0.571391 0.744678 0.034625 0.033965
0 0.585313 0.297266 0.041125 0.036016
0 0.749883 0.777227 0.035984 0.033477
0 0.774109 0.208096 0.040437 0.038965
0 0.960820 0.116221 0.039078 0.041230
0 0.461773 0.167109 0.038484 0.040508
0 0.653937 0.047275 0.040719 0.039824
0 0.282820 0.272178 0.039922 0.035918
0 0.111648 0.369043 0.041578 0.039531
0 0.323094 0.032676 0.045563 0.039375
0 0.147930 0.122842 0.042828 0.042793
0 0.993328 0.838555 0.013344 0.047305