0 0.942531 0.413438 0.038469 0.036719
0 0.467266 0.414141 0.036094 0.033555
0 0.108383 0.373164 0.029766 0.027461
0 0.281594 0.497959 0.036406 0.036816
0 0.102398 0.571719 0.038453 0.034766
0 0.193070 0.711465 0.033547 0.030234
0 0.026617 0.789170 0.036984 0.034238
0 0.490266 0.482207 0.025469 0.026523
0 0.131258 0.907646 0.036047 0.033223
0 0.379414 0.627715 0.035859 0.029023
0 0.296148 0.463057 0.028297 0.033809
0 0.294484 0.841523 0.035000 0.031680
0 0.389914 0.969541 0.032828 0.031738
0 0.683328 0.444883 0.028625 0.027656
0 0.857328 0.343809 0.031969 0.029336
0 0.741953 0.490215 0.034813 0.032344
0 0.563289 0.555059 0.034609 0.032812
0 0.996250 0.563066 0.007500 0.028164
0 0.829930 0.637051 0.037391 0.035508
0 0.380227 0.748301 0.032891 0.032578
0 0.559812 0.907285 0.031156 0.031914
0 0.447562 0.837783 0.036562 0.036738
0 0.647492 0.699453 0.031703 0.035039
0 0.506328 0.695127 0.035906 0.031504
0 0.910187 0.777783 0.036094 0.035566
0 0.806328 0.968662 0.035937 0.037637
0 0.981625 0.190781 0.030250 0.034609
0 0.572844 0.785420 0.034625 0.033965
0 0.657102 0.341113 0.041141 0.036016
0 0.736305 0.837129 0.035984 0.033477
0 0.858953 0.249072 0.040437 0.038965
0 0.551414 0.182051 0.038484 0.040508
0 0.760805 0.082393 0.040703 0.040332
0 0.361977 0.269414 0.039922 0.035937
0 0.171914 0.346484 0.041578 0.039531
0 0.438625 0.021914 0.045563 0.039375
0 0.249445 0.102861 0.042828 0.042793
0 0.987609 0.904873 0.024781 0.029238
0 0.045266 0.187891 0.039375 0.045000
0 0.966469 0.013086 0.038875 0.024414