0 0.915258 0.392656 0.039172 0.038477
0 0.442563 0.408174 0.036094 0.033574
0 0.109531 0.374297 0.029781 0.027461
0 0.265180 0.497900 0.036391 0.036816
0 0.087664 0.580605 0.038453 0.034766
0 0.193070 0.712305 0.033547 0.030234
0 0.033789 0.798984 0.036984 0.034258
0 0.490094 0.483047 0.025469 0.026523
0 0.144563 0.913193 0.036062 0.033223
0 0.369586 0.622168 0.035859 0.029023
0 0.296008 0.462334 0.028297 0.033809
0 0.299945 0.836406 0.034984 0.031680
0 0.405711 0.958057 0.032828 0.031738
0 0.684000 0.444883 0.028625 0.027656
0 0.856867 0.344805 0.031953 0.029336
0 0.727172 0.471611 0.034812 0.032324
0 0.546531 0.538535 0.034594 0.032813
0 0.992086 0.544336 0.015828 0.029023
0 0.819758 0.614551 0.037391 0.035508
0 0.375703 0.734258 0.032875 0.032578
0 0.570375 0.887705 0.031156 0.031934
0 0.447453 0.821064 0.036562 0.036738
0 0.643875 0.677246 0.031719 0.035039
0 0.498453 0.677197 0.035906 0.031504
0 0.909719 0.752031 0.036094 0.035547
0 0.822414 0.945371 0.035922 0.037617
0 0.982516 0.191191 0.030250 0.034609
0 0.566672 0.772461 0.034625 0.033945
0 0.627703 0.323008 0.041125 0.036016
0 0.740539 0.816270 0.035984 0.033477
0 0.824961 0.233164 0.040453 0.038984
0 0.516523 0.175859 0.038484 0.040508
0 0.718000 0.063506 0.040719 0.040332
0 0.330406 0.269619 0.039906 0.035918
0 0.147711 0.355137 0.041578 0.039531
0 0.393422 0.025166 0.045562 0.039395
0 0.207070 0.110117 0.042828 0.042773
0 0.991789 0.877861 0.016422 0.039473
0 0.018500 0.203252 0.037000 0.044004