0 0.905391 0.425381 0.043281 0.035723
0 0.427234 0.418594 0.036094 0.033555
0 0.056422 0.368730 0.034344 0.027461
0 0.238078 0.495146 0.038437 0.036816
0 0.048234 0.567969 0.036188 0.034766
0 0.145148 0.705645 0.036016 0.030234
0 0.444461 0.482949 0.028453 0.026523
0 0.069969 0.904736 0.038813 0.033223
0 0.331992 0.628770 0.035859 0.029023
0 0.244391 0.454971 0.032531 0.033809
0 0.246859 0.840762 0.035000 0.031680
0 0.332578 0.971396 0.032813 0.031738
0 0.639773 0.446953 0.028641 0.027656
0 0.807688 0.349688 0.034938 0.029336
0 0.701578 0.499971 0.037812 0.032324
0 0.519891 0.563105 0.034594 0.032812
0 0.974656 0.587793 0.037969 0.033438
0 0.782977 0.648506 0.040922 0.035488
0 0.322625 0.747891 0.036375 0.032578
0 0.499141 0.912842 0.031156 0.031934
0 0.400312 0.842715 0.036562 0.036719
0 0.601680 0.706191 0.034766 0.035039
0 0.450406 0.698369 0.036813 0.031504
0 0.854555 0.788496 0.040266 0.035547
0 0.757305 0.976055 0.035922 0.031016
0 0.934328 0.196699 0.036656 0.029258
0 0.516484 0.798320 0.034625 0.033945
0 0.613734 0.351641 0.041125 0.036016
0 0.686664 0.845088 0.035359 0.032988
0 0.816445 0.263486 0.046328 0.038965
0 0.511086 0.187598 0.038484 0.040508
0 0.728234 0.098096 0.044813 0.040332
0 0.331367 0.267100 0.039922 0.035918
0 0.134281 0.339902 0.048906 0.039531
0 0.402352 0.020322 0.037516 0.032988
0 0.213242 0.094902 0.043141 0.042773
0 0.937937 0.916670 0.035375 0.030449
0 0.017625 0.176553 0.035250 0.044980
0 0.933234 0.019756 0.038844 0.039395
0 0.987227 0.016758 0.025547 0.028281