0 0.817023 0.311641 0.034297 0.039336
0 0.355016 0.379043 0.036094 0.033555
0 0.111914 0.371201 0.033391 0.034785
0 0.210109 0.490176 0.036406 0.036797
0 0.057555 0.597676 0.038453 0.034766
0 0.190383 0.687090 0.033547 0.030234
0 0.059922 0.813535 0.036719 0.034258
0 0.490039 0.485078 0.025609 0.026523
0 0.196039 0.911992 0.035828 0.033242
0 0.338055 0.578301 0.035641 0.029023
0 0.295789 0.460654 0.028297 0.033809
0 0.323680 0.789248 0.034922 0.031895
0 0.453117 0.899658 0.032828 0.031738
0 0.685773 0.444883 0.028641 0.027656
0 0.855672 0.347480 0.031969 0.029336
0 0.650797 0.399687 0.034812 0.032344
0 0.498031 0.471260 0.028437 0.025762
0 0.948250 0.449473 0.038437 0.035469
0 0.779523 0.526064 0.037078 0.032520
0 0.374227 0.670918 0.032891 0.032734
0 0.596469 0.805762 0.031156 0.031914
0 0.453203 0.756982 0.036187 0.031660
0 0.628180 0.593887 0.029953 0.034375
0 0.483773 0.597988 0.035578 0.031680
0 0.899828 0.647617 0.036094 0.035547
0 0.858336 0.851953 0.035922 0.037617
0 0.706844 0.939443 0.032594 0.031309
0 0.984875 0.192305 0.030250 0.034609
0 0.577797 0.679336 0.034625 0.033945
0 0.988617 0.240752 0.022766 0.041270
0 0.522531 0.260889 0.041125 0.036035
0 0.755305 0.707471 0.035672 0.033457
0 0.684359 0.172393 0.040437 0.038965
0 0.864555 0.075811 0.045047 0.036543
0 0.377750 0.155742 0.038844 0.040508
0 0.546594 0.024922 0.040719 0.037461
0 0.212195 0.278320 0.039922 0.035937
0 0.058437 0.390889 0.041062 0.039512
0 0.217219 0.046250 0.045562 0.039375
0 0.972930 0.981719 0.038422 0.029961
0 0.052023 0.162695 0.042828 0.043906