0 0.940586 0.411953 0.038516 0.036836
0 0.465500 0.413721 0.036094 0.033574
0 0.108469 0.373242 0.029781 0.027461
0 0.280422 0.497959 0.036406 0.036816
0 0.101352 0.572344 0.038453 0.034766
0 0.193070 0.711523 0.033547 0.030234
0 0.027133 0.789863 0.036984 0.034258
0 0.490250 0.482266 0.025469 0.026523
0 0.132211 0.908047 0.036047 0.033242
0 0.378711 0.627324 0.035859 0.029023
0 0.296133 0.462998 0.028297 0.033809
0 0.294867 0.841162 0.034984 0.031699
0 0.391039 0.968721 0.032828 0.031738
0 0.683375 0.444883 0.028625 0.027656
0 0.857297 0.343867 0.031969 0.029336
0 0.740898 0.488887 0.034828 0.032344
0 0.562094 0.553887 0.034594 0.032813
0 0.996250 0.563066 0.007500 0.028164
0 0.829211 0.635439 0.037391 0.035488
0 0.379906 0.747295 0.032875 0.032559
0 0.560562 0.905889 0.031156 0.031934
0 0.447562 0.836592 0.036562 0.036738
0 0.647234 0.697871 0.031719 0.035039
0 0.505766 0.693848 0.035906 0.031523
0 0.910156 0.775937 0.036094 0.035547
0 0.807477 0.967002 0.035922 0.037637
0 0.981687 0.190811 0.030250 0.034590
0 0.572406 0.784492 0.034625 0.033945
0 0.655000 0.339824 0.041125 0.036016
0 0.736617 0.835635 0.035984 0.033457
0 0.856523 0.247939 0.040453 0.038965
0 0.548914 0.181602 0.038484 0.040508
0 0.757750 0.081045 0.040719 0.040332
0 0.359719 0.269424 0.039906 0.035918
0 0.170180 0.347090 0.041578 0.039531
0 0.435406 0.022148 0.045563 0.039375
0 0.246414 0.103379 0.042828 0.042773
0 0.987836 0.903438 0.024328 0.028867
0 0.043359 0.188789 0.039375 0.045000
0 0.964344 0.012295 0.038875 0.023184