0 0.860023 0.346924 0.036734 0.039316
0 0.392828 0.392227 0.036094 0.033555
0 0.111070 0.372910 0.031703 0.031367
0 0.233719 0.493936 0.036406 0.036816
0 0.068680 0.591328 0.038453 0.034766
0 0.191180 0.700566 0.033547 0.030234
0 0.043305 0.809063 0.036984 0.034258
0 0.489828 0.484424 0.025469 0.026543
0 0.169773 0.914395 0.036047 0.033242
0 0.351164 0.599375 0.035859 0.029023
0 0.295773 0.461162 0.028297 0.033809
0 0.315977 0.813369 0.034984 0.031699
0 0.432773 0.926797 0.032828 0.031758
0 0.685102 0.444883 0.028641 0.027656
0 0.856125 0.346465 0.031969 0.029336
0 0.685547 0.431289 0.034812 0.032344
0 0.518531 0.501221 0.031187 0.028887
0 0.971328 0.490820 0.035250 0.035234
0 0.797711 0.565215 0.037391 0.033906
0 0.372289 0.703096 0.032891 0.032559
0 0.586016 0.842578 0.031156 0.031914
0 0.449922 0.785781 0.036562 0.034023
0 0.640961 0.630596 0.030766 0.034668
0 0.485922 0.635166 0.035906 0.031504
0 0.905094 0.694395 0.036094 0.035547
0 0.843391 0.898125 0.035937 0.037617
0 0.678703 0.973809 0.032437 0.028398
0 0.983984 0.191885 0.030250 0.034590
0 0.575000 0.729854 0.034625 0.033965
0 0.568703 0.287246 0.041125 0.036016
0 0.753133 0.759375 0.035984 0.033477
0 0.750844 0.198105 0.040437 0.038984
0 0.935641 0.104268 0.041594 0.040918
0 0.439391 0.163721 0.038469 0.040527
0 0.625891 0.041504 0.040719 0.039531
0 0.263727 0.273662 0.039922 0.035918
0 0.097273 0.374785 0.041578 0.039531
0 0.294469 0.036211 0.045562 0.039375
0 0.122711 0.132051 0.042828 0.042773
0 0.993250 0.822197 0.013500 0.044277