0 0.847023 0.335879 0.035859 0.039336
0 0.381141 0.388174 0.036094 0.033574
0 0.111375 0.372295 0.032313 0.032598
0 0.226461 0.492705 0.036391 0.036816
0 0.065047 0.593301 0.038437 0.034766
0 0.190594 0.696758 0.033531 0.030234
0 0.048336 0.810684 0.036984 0.034258
0 0.489766 0.484727 0.025469 0.026523
0 0.176750 0.913906 0.036062 0.033242
0 0.346945 0.593115 0.035859 0.029004
0 0.295727 0.460908 0.028297 0.033809
0 0.317742 0.806221 0.034984 0.031699
0 0.438758 0.918818 0.032828 0.031738
0 0.685336 0.444883 0.028641 0.027656
0 0.855961 0.346836 0.031953 0.029336
0 0.674844 0.421602 0.034813 0.032344
0 0.512406 0.492139 0.030125 0.027637
0 0.964633 0.478174 0.036391 0.035254
0 0.792414 0.553311 0.037391 0.033418
0 0.373117 0.693320 0.032891 0.032578
0 0.589266 0.831533 0.031156 0.031934
0 0.450703 0.777373 0.036562 0.033184
0 0.637047 0.619482 0.030469 0.034551
0 0.485625 0.624102 0.035906 0.031523
0 0.903719 0.680410 0.036094 0.035547
0 0.848031 0.884023 0.035937 0.037617
0 0.687500 0.963633 0.032437 0.029297
0 0.984297 0.192031 0.030250 0.034609
0 0.576172 0.714092 0.034625 0.033965
0 0.554867 0.278906 0.041141 0.036016
0 0.754016 0.743369 0.035969 0.033457
0 0.730219 0.189902 0.040437 0.038984
0 0.913594 0.095459 0.042812 0.039355
0 0.420742 0.160898 0.038484 0.040508
0 0.601500 0.035986 0.040719 0.039277
0 0.247828 0.274883 0.039906 0.035938
0 0.085305 0.379570 0.041578 0.039531
0 0.270617 0.039160 0.045578 0.039375
0 0.100680 0.141289 0.042828 0.042773
0 0.994570 0.804199 0.010859 0.036641