0 0.752039 0.445498 0.039234 0.035293
0 0.275070 0.419580 0.037016 0.033574
0 0.078063 0.485850 0.036406 0.031738
0 0.292234 0.487168 0.025469 0.026523
0 0.174055 0.627275 0.035859 0.029316
0 0.084258 0.455645 0.028297 0.032187
0 0.078922 0.840195 0.035000 0.031680
0 0.169570 0.970400 0.032828 0.031738
0 0.486516 0.461367 0.028625 0.026602
0 0.657117 0.373037 0.034297 0.028770
0 0.556469 0.515957 0.034812 0.032344
0 0.370102 0.564082 0.034609 0.032812
0 0.818281 0.609180 0.037969 0.033438
0 0.634102 0.663770 0.036641 0.035508
0 0.163625 0.747129 0.032875 0.032578
0 0.342641 0.917676 0.031156 0.031914
0 0.236781 0.842344 0.036563 0.036719
0 0.452445 0.715625 0.034516 0.035039
0 0.298844 0.704092 0.035906 0.031504
0 0.699234 0.805020 0.038375 0.035547
0 0.587453 0.986270 0.035937 0.027461
0 0.779070 0.225938 0.034141 0.028516
0 0.361609 0.805645 0.034625 0.033945
0 0.466531 0.360391 0.039031 0.036016
0 0.525273 0.856523 0.033828 0.031797
0 0.674078 0.285225 0.040031 0.038418
0 0.373695 0.192461 0.038484 0.040508
0 0.595359 0.120605 0.035500 0.035977
0 0.176867 0.263662 0.039922 0.035918
0 0.274148 0.021035 0.034359 0.035312
0 0.068414 0.082842 0.043953 0.042793
0 0.768625 0.937363 0.035375 0.030469
0 0.798648 0.045342 0.043891 0.039395
0 0.844641 0.043711 0.034781 0.030234
0 0.871797 0.222334 0.040375 0.039590
0 0.885258 0.753193 0.037984 0.032051
0 0.951133 0.390195 0.039547 0.039023
0 0.946273 0.890645 0.034266 0.031797
0 0.992898 0.554395 0.014203 0.039219