0 0.854820 0.342510 0.036391 0.039316
0 0.388156 0.390605 0.036094 0.033555
0 0.111195 0.372666 0.031953 0.031855
0 0.230820 0.493447 0.036391 0.036816
0 0.067227 0.592109 0.038453 0.034766
0 0.190945 0.699043 0.033547 0.030234
0 0.045320 0.809707 0.036984 0.034258
0 0.489797 0.484551 0.025469 0.026523
0 0.172102 0.914199 0.036047 0.033242
0 0.349477 0.596875 0.035859 0.029023
0 0.295758 0.461064 0.028297 0.033809
0 0.316680 0.810508 0.034984 0.031680
0 0.435164 0.923604 0.032828 0.031738
0 0.685195 0.444883 0.028641 0.027656
0 0.856055 0.346621 0.031953 0.029336
0 0.681266 0.427412 0.034812 0.032324
0 0.516086 0.497588 0.030766 0.028379
0 0.968648 0.485762 0.035703 0.035234
0 0.795586 0.560449 0.037391 0.033711
0 0.372617 0.699180 0.032891 0.032578
0 0.587313 0.838154 0.031156 0.031934
0 0.450234 0.782412 0.036563 0.033691
0 0.639398 0.626143 0.030641 0.034629
0 0.485797 0.630752 0.035906 0.031504
0 0.904547 0.688809 0.036094 0.035547
0 0.845242 0.892480 0.035922 0.037617
0 0.682219 0.969746 0.032437 0.028750
0 0.984109 0.191953 0.030250 0.034609
0 0.575469 0.723545 0.034625 0.033965
0 0.563172 0.283906 0.041125 0.036016
0 0.753484 0.752979 0.035969 0.033457
0 0.742594 0.194824 0.040437 0.038984
0 0.926820 0.100732 0.042078 0.040293
0 0.431930 0.162598 0.038484 0.040508
0 0.616141 0.039297 0.040719 0.039414
0 0.257367 0.274150 0.039922 0.035918
0 0.092492 0.376699 0.041578 0.039531
0 0.284930 0.037393 0.045578 0.039395
0 0.113898 0.135742 0.042828 0.042773
0 0.993773 0.815000 0.012453 0.041211