0 0.888625 0.371221 0.038656 0.039316
0 0.418531 0.401133 0.036094 0.033555
0 0.110414 0.374248 0.030391 0.028691
0 0.249703 0.496641 0.036406 0.036797
0 0.076672 0.587012 0.038437 0.034766
0 0.192477 0.708945 0.033547 0.030234
0 0.038164 0.805508 0.036984 0.034258
0 0.489953 0.483770 0.025469 0.026523
0 0.157023 0.915469 0.036047 0.033242
0 0.360453 0.613145 0.035875 0.029023
0 0.295883 0.461729 0.028297 0.033809
0 0.307164 0.827559 0.034984 0.031680
0 0.419602 0.944346 0.032828 0.031738
0 0.684570 0.444883 0.028641 0.027656
0 0.856484 0.345684 0.031969 0.029336
0 0.709094 0.452617 0.034812 0.032344
0 0.532023 0.521201 0.033547 0.031582
0 0.984844 0.518623 0.030312 0.035254
0 0.809367 0.591396 0.037391 0.035020
0 0.372914 0.720020 0.032891 0.032578
0 0.578891 0.866865 0.031156 0.031934
0 0.448188 0.804287 0.036563 0.035879
0 0.642234 0.655039 0.031406 0.034922
0 0.491484 0.657998 0.035906 0.031504
0 0.908109 0.725176 0.036094 0.035547
0 0.834414 0.923027 0.035922 0.037617
0 0.662297 0.987900 0.032437 0.020840
0 0.983281 0.191562 0.030250 0.034609
0 0.567484 0.755322 0.034625 0.033965
0 0.599156 0.305605 0.041125 0.036016
0 0.746273 0.791533 0.035984 0.033457
0 0.791031 0.216650 0.040438 0.038965
0 0.978461 0.128447 0.032922 0.038887
0 0.480430 0.169932 0.038484 0.040527
0 0.675266 0.050664 0.040719 0.040078
0 0.298719 0.270957 0.039906 0.035938
0 0.123625 0.364258 0.041594 0.039531
0 0.346953 0.029736 0.045562 0.039395
0 0.166914 0.118291 0.042828 0.042793
0 0.992734 0.851064 0.014531 0.047324