0 0.788258 0.437744 0.040859 0.035723
0 0.315406 0.415654 0.036094 0.033574
0 0.120672 0.488525 0.041469 0.036816
0 0.026391 0.700293 0.039719 0.030234
0 0.332344 0.479453 0.025469 0.026523
0 0.218062 0.622930 0.035875 0.029023
0 0.126391 0.451748 0.031906 0.033809
0 0.124148 0.839404 0.034984 0.031699
0 0.206008 0.967852 0.032828 0.031758
0 0.526836 0.451074 0.028641 0.027656
0 0.691062 0.358086 0.034937 0.029336
0 0.591953 0.507119 0.034813 0.032324
0 0.406383 0.560938 0.034609 0.032813
0 0.854500 0.601484 0.037969 0.033438
0 0.666203 0.656807 0.038344 0.035488
0 0.206023 0.745801 0.032891 0.032578
0 0.377750 0.913760 0.031156 0.031934
0 0.276266 0.840723 0.036562 0.036719
0 0.486359 0.710703 0.033719 0.035039
0 0.336484 0.698506 0.035906 0.031504
0 0.735812 0.795566 0.040250 0.035547
0 0.627250 0.983447 0.035937 0.029902
0 0.816281 0.210840 0.040875 0.029258
0 0.399500 0.801055 0.034625 0.033945
0 0.503281 0.356484 0.041125 0.036016
0 0.563969 0.848594 0.034437 0.032266
0 0.704781 0.271006 0.042812 0.038965
0 0.407570 0.187207 0.038484 0.040508
0 0.623625 0.109580 0.044813 0.040332
0 0.215086 0.260127 0.039922 0.035918
0 0.020563 0.326816 0.041125 0.039531
0 0.299992 0.017988 0.040641 0.035508
0 0.107805 0.085049 0.043641 0.042793
0 0.808828 0.928154 0.035375 0.030449
0 0.821961 0.037432 0.043891 0.039395
0 0.877266 0.027461 0.034781 0.030234
0 0.906297 0.208242 0.040375 0.040156
0 0.925852 0.743125 0.037984 0.032070
0 0.980234 0.378379 0.039531 0.044180
0 0.984102 0.881279 0.031797 0.031816