0 0.793937 0.296348 0.034313 0.039336
0 0.337141 0.372607 0.036094 0.033574
0 0.111914 0.371201 0.033391 0.034785
0 0.198656 0.489033 0.036406 0.036816
0 0.054234 0.600645 0.038437 0.034766
0 0.193367 0.677207 0.033547 0.030234
0 0.068711 0.813301 0.035766 0.034258
0 0.491352 0.484473 0.026109 0.026523
0 0.208586 0.908418 0.035047 0.033242
0 0.333531 0.565840 0.034844 0.029023
0 0.296320 0.461318 0.028297 0.033809
0 0.333305 0.774854 0.034672 0.032637
0 0.465617 0.882822 0.032828 0.031738
0 0.685773 0.444883 0.028641 0.027656
0 0.855672 0.347480 0.031969 0.029336
0 0.634031 0.384053 0.034813 0.032324
0 0.486344 0.455391 0.029250 0.026953
0 0.933117 0.428633 0.038422 0.036211
0 0.767828 0.505674 0.036031 0.032520
0 0.372852 0.654160 0.032891 0.033281
0 0.601281 0.785146 0.031156 0.031934
0 0.457828 0.738086 0.034938 0.031641
0 0.621859 0.574307 0.029937 0.034355
0 0.479180 0.576377 0.034422 0.032246
0 0.894875 0.620996 0.036094 0.035547
0 0.865211 0.828594 0.035922 0.037617
0 0.719211 0.918818 0.033141 0.032676
0 0.984875 0.192305 0.030250 0.034609
0 0.576008 0.657002 0.034609 0.033965
0 0.967773 0.222813 0.042328 0.041289
0 0.496555 0.250410 0.041141 0.036016
0 0.754203 0.682744 0.034563 0.033457
0 0.653734 0.162773 0.040437 0.038984
0 0.831844 0.062578 0.045031 0.036562
0 0.344828 0.155449 0.040094 0.040508
0 0.508109 0.020967 0.040719 0.032637
0 0.187695 0.282607 0.039922 0.035918
0 0.039891 0.400332 0.039219 0.039531
0 0.180609 0.052500 0.045562 0.039375
0 0.984031 0.967344 0.030312 0.040117
0 0.022953 0.178555 0.041031 0.047266