0 0.827305 0.433623 0.041672 0.035723
0 0.351938 0.418154 0.036094 0.033574
0 0.158391 0.490225 0.040469 0.036816
0 0.065977 0.702070 0.038484 0.030234
0 0.366930 0.479912 0.031453 0.026543
0 0.006820 0.901680 0.013641 0.033242
0 0.254594 0.624531 0.035875 0.029023
0 0.165047 0.450127 0.031187 0.033809
0 0.161836 0.840410 0.034984 0.031680
0 0.252336 0.968281 0.032828 0.031758
0 0.563148 0.449834 0.028641 0.027676
0 0.729937 0.355293 0.034937 0.029336
0 0.633961 0.506113 0.040828 0.032344
0 0.442492 0.559570 0.034609 0.032812
0 0.892844 0.595859 0.037969 0.033438
0 0.705133 0.654043 0.039203 0.035508
0 0.244891 0.746504 0.034062 0.032578
0 0.413516 0.913477 0.031156 0.031914
0 0.318687 0.842539 0.036563 0.036719
0 0.524797 0.709199 0.034062 0.035039
0 0.374461 0.698467 0.036203 0.031504
0 0.775398 0.793203 0.040266 0.035547
0 0.670602 0.980977 0.035922 0.030273
0 0.856570 0.205098 0.038766 0.029258
0 0.435984 0.800225 0.034625 0.033965
0 0.539922 0.354873 0.041125 0.036035
0 0.604875 0.847422 0.034750 0.032500
0 0.742000 0.268506 0.044000 0.038965
0 0.445523 0.186748 0.038484 0.040527
0 0.658492 0.105752 0.044797 0.040332
0 0.251250 0.262334 0.039906 0.035918
0 0.061672 0.331387 0.046844 0.039531
0 0.330367 0.018789 0.039172 0.034688
0 0.142953 0.088330 0.043469 0.042793
0 0.851117 0.925947 0.035391 0.030449
0 0.859578 0.031240 0.041375 0.039395
0 0.917906 0.021465 0.034781 0.029727
0 0.943055 0.202393 0.040391 0.039082
0 0.966570 0.742061 0.033734 0.032051