0 0.836617 0.327051 0.035172 0.039336
0 0.371797 0.384932 0.036094 0.033574
0 0.111617 0.371807 0.032797 0.033574
0 0.220648 0.491729 0.036391 0.036816
0 0.062141 0.594863 0.038437 0.034766
0 0.190125 0.693711 0.033531 0.030234
0 0.052367 0.811973 0.036984 0.034258
0 0.489719 0.484961 0.025469 0.026523
0 0.183727 0.913516 0.036047 0.033242
0 0.343570 0.588105 0.035859 0.029023
0 0.295680 0.460713 0.028297 0.033809
0 0.319164 0.800498 0.034984 0.031699
0 0.443555 0.912441 0.032828 0.031758
0 0.685531 0.444883 0.028625 0.027656
0 0.855828 0.347129 0.031969 0.029336
0 0.666281 0.413848 0.034813 0.032344
0 0.507508 0.484873 0.029266 0.026660
0 0.959273 0.468066 0.037297 0.035234
0 0.788164 0.543799 0.037391 0.033027
0 0.373789 0.685488 0.032891 0.032578
0 0.591844 0.822695 0.031156 0.031914
0 0.451336 0.770645 0.036578 0.032500
0 0.633914 0.610596 0.030234 0.034473
0 0.485375 0.615244 0.035906 0.031504
0 0.902609 0.669219 0.036094 0.035547
0 0.851734 0.872734 0.035937 0.037617
0 0.694531 0.955508 0.032437 0.030000
0 0.984563 0.192148 0.030250 0.034609
0 0.577125 0.701484 0.034625 0.033945
0 0.543789 0.272227 0.041141 0.036016
0 0.754727 0.730557 0.035984 0.033457
0 0.713727 0.183340 0.040453 0.038984
0 0.895953 0.088408 0.043812 0.038105
0 0.405820 0.158643 0.038484 0.040527
0 0.581984 0.031572 0.040719 0.039082
0 0.235102 0.275869 0.039922 0.035918
0 0.075719 0.383398 0.041594 0.039531
0 0.251531 0.041514 0.045562 0.039395
0 0.963695 0.991221 0.038422 0.017559
0 0.083039 0.148682 0.042828 0.042793