0 0.943781 0.415127 0.038344 0.036465
0 0.467547 0.414990 0.036094 0.033574
0 0.108219 0.373008 0.029781 0.027461
0 0.281094 0.497725 0.036406 0.036816
0 0.101117 0.571289 0.038453 0.034766
0 0.193070 0.711348 0.033547 0.030234
0 0.025594 0.787773 0.036969 0.034258
0 0.490297 0.482090 0.025469 0.026523
0 0.129352 0.906855 0.036047 0.033242
0 0.378383 0.628516 0.035859 0.029023
0 0.294602 0.463506 0.028297 0.033809
0 0.293703 0.842256 0.035000 0.031699
0 0.388055 0.969658 0.032828 0.031738
0 0.683227 0.444883 0.028641 0.027656
0 0.856031 0.344727 0.031969 0.029336
0 0.743656 0.491855 0.034812 0.032344
0 0.562836 0.556152 0.034609 0.032812
0 0.996250 0.563066 0.007500 0.028164
0 0.828945 0.638994 0.037391 0.035488
0 0.377820 0.748779 0.032891 0.032559
0 0.556875 0.908555 0.031156 0.031914
0 0.447172 0.838145 0.036562 0.036719
0 0.647195 0.700840 0.031703 0.035039
0 0.504609 0.695908 0.035906 0.031504
0 0.908422 0.779180 0.036094 0.035547
0 0.804227 0.970977 0.035922 0.037617
0 0.979961 0.190723 0.030266 0.034609
0 0.570891 0.788281 0.034625 0.033945
0 0.657031 0.342939 0.041125 0.036035
0 0.734898 0.838584 0.035984 0.033457
0 0.858922 0.250830 0.040437 0.038965
0 0.552727 0.182676 0.038484 0.040508
0 0.762859 0.084834 0.040719 0.040332
0 0.363023 0.269639 0.039922 0.035918
0 0.173617 0.345977 0.041578 0.039531
0 0.440406 0.022910 0.045563 0.039375
0 0.251398 0.101826 0.042828 0.042793
0 0.987164 0.907754 0.025672 0.030000
0 0.047562 0.187041 0.039375 0.044980
0 0.970422 0.013438 0.038875 0.025820