0 0.873023 0.357969 0.037609 0.039336
0 0.404508 0.396279 0.036109 0.033574
0 0.110773 0.373516 0.031109 0.030156
0 0.240984 0.495166 0.036406 0.036816
0 0.072313 0.589365 0.038437 0.034785
0 0.191773 0.704375 0.033547 0.030234
0 0.039117 0.807441 0.036984 0.034258
0 0.489891 0.484121 0.025469 0.026523
0 0.163977 0.914883 0.036047 0.033242
0 0.355383 0.605625 0.035859 0.029023
0 0.295820 0.461426 0.028297 0.033789
0 0.312570 0.820000 0.034984 0.031680
0 0.426789 0.934775 0.032828 0.031738
0 0.684859 0.444883 0.028625 0.027656
0 0.856289 0.346113 0.031953 0.029336
0 0.696250 0.440986 0.034813 0.032324
0 0.524672 0.510303 0.032250 0.030098
0 0.978031 0.503457 0.034125 0.035234
0 0.803008 0.577119 0.037391 0.034395
0 0.372273 0.711348 0.032891 0.032578
0 0.582781 0.853613 0.031156 0.031914
0 0.449141 0.794199 0.036562 0.034883
0 0.642437 0.641709 0.031062 0.034785
0 0.487859 0.645732 0.035906 0.031504
0 0.906469 0.708398 0.036094 0.035547
0 0.839164 0.910186 0.035922 0.037637
0 0.670656 0.981904 0.032438 0.026113
0 0.983656 0.191738 0.030250 0.034609
0 0.572172 0.742539 0.034625 0.033945
0 0.582547 0.295596 0.041125 0.036035
0 0.750602 0.774365 0.035984 0.033457
0 0.770719 0.206377 0.040437 0.038965
0 0.957047 0.113760 0.039844 0.041699
0 0.458039 0.166543 0.038484 0.040508
0 0.649672 0.046592 0.040719 0.039785
0 0.279633 0.272432 0.039922 0.035918
0 0.109258 0.370000 0.041578 0.039531
0 0.318328 0.033271 0.045562 0.039395
0 0.144148 0.123750 0.042828 0.042773
0 0.993180 0.836260 0.013641 0.047324