0 0.750227 0.441572 0.039234 0.035723
0 0.274156 0.414902 0.036406 0.033555
0 0.079398 0.485215 0.041734 0.035547
0 0.293875 0.477305 0.025469 0.026523
0 0.172023 0.624707 0.035859 0.029023
0 0.087125 0.448975 0.028312 0.033809
0 0.080844 0.837559 0.035000 0.031680
0 0.166461 0.968525 0.032828 0.031738
0 0.487156 0.451074 0.028625 0.027656
0 0.652641 0.362617 0.034938 0.029336
0 0.553797 0.510430 0.034812 0.032344
0 0.364273 0.560020 0.034609 0.032813
0 0.813266 0.606191 0.037969 0.033438
0 0.628016 0.657480 0.036656 0.035508
0 0.162109 0.743828 0.032875 0.032578
0 0.337922 0.916787 0.031156 0.031934
0 0.234187 0.839795 0.036563 0.036738
0 0.446078 0.712813 0.034531 0.035039
0 0.295031 0.698818 0.035906 0.031504
0 0.694109 0.801758 0.040250 0.035547
0 0.585313 0.985430 0.035937 0.029141
0 0.777375 0.214512 0.034938 0.029258
0 0.356641 0.803965 0.034625 0.033945
0 0.465687 0.357861 0.040594 0.036035
0 0.522227 0.852031 0.033828 0.031797
0 0.668039 0.278955 0.040484 0.038965
0 0.369820 0.185469 0.038484 0.040508
0 0.586141 0.115039 0.041563 0.038828
0 0.177469 0.257178 0.039906 0.035918
0 0.263422 0.018330 0.042625 0.035996
0 0.063883 0.079570 0.043953 0.042773
0 0.765469 0.933467 0.035375 0.030449
0 0.787164 0.040732 0.043891 0.039395
0 0.841336 0.031875 0.034766 0.030234
0 0.865070 0.217070 0.040391 0.040156
0 0.881789 0.750488 0.037984 0.032070
0 0.945156 0.386533 0.039531 0.039004
0 0.943164 0.887637 0.034266 0.031797
0 0.990820 0.550078 0.018359 0.039219