0 0.767555 0.278867 0.034297 0.039336
0 0.316719 0.365244 0.036094 0.033574
0 0.111914 0.371201 0.033391 0.034785
0 0.185570 0.487725 0.036391 0.036816
0 0.050438 0.604043 0.038437 0.034766
0 0.196766 0.665918 0.033531 0.030234
0 0.078758 0.813027 0.034703 0.034258
0 0.492859 0.483750 0.026688 0.026523
0 0.222922 0.904326 0.034156 0.033223
0 0.328367 0.551602 0.033922 0.029023
0 0.296930 0.462080 0.028297 0.033809
0 0.344313 0.758398 0.034406 0.033477
0 0.479914 0.863584 0.032828 0.031738
0 0.685773 0.444883 0.028641 0.027656
0 0.351281 0.990479 0.031906 0.019043
0 0.855672 0.347480 0.031969 0.029336
0 0.605078 0.986885 0.034688 0.021777
0 0.614867 0.366182 0.034828 0.032324
0 0.472984 0.437236 0.030156 0.028301
0 0.915820 0.404814 0.038422 0.037090
0 0.754461 0.482354 0.034828 0.032520
0 0.371281 0.635010 0.032875 0.033926
0 0.606766 0.761582 0.031156 0.031914
0 0.468828 0.712920 0.033469 0.031660
0 0.614633 0.551924 0.029953 0.034355
0 0.473938 0.551680 0.033094 0.032930
0 0.889227 0.590566 0.036078 0.035547
0 0.873062 0.801885 0.035937 0.037637
0 0.733344 0.895254 0.033750 0.034258
0 0.984875 0.192305 0.030250 0.034609
0 0.573969 0.631484 0.034625 0.033945
0 0.936758 0.200576 0.043297 0.041270
0 0.466867 0.238438 0.041141 0.036016
0 0.752945 0.654463 0.033297 0.033457
0 0.618734 0.151777 0.040437 0.038984
0 0.786609 0.052373 0.045031 0.036543
0 0.307188 0.155117 0.041531 0.040508
0 0.464133 0.016445 0.040703 0.027148
0 0.159680 0.287529 0.039922 0.035918
0 0.018367 0.409062 0.034547 0.038281
0 0.134563 0.064902 0.045562 0.039375
0 0.993195 0.938691 0.013609 0.037813
0 0.002539 0.201455 0.005078 0.041230