0 0.852219 0.340303 0.036219 0.039316
0 0.385813 0.389795 0.036094 0.033574
0 0.111250 0.372539 0.032062 0.032109
0 0.229367 0.493203 0.036391 0.036797
0 0.066500 0.592500 0.038437 0.034766
0 0.190828 0.698281 0.033531 0.030234
0 0.046328 0.810039 0.036969 0.034258
0 0.489781 0.484609 0.025469 0.026523
0 0.173258 0.914102 0.036047 0.033242
0 0.348633 0.595625 0.035859 0.029023
0 0.295742 0.461025 0.028297 0.033809
0 0.317039 0.809082 0.034984 0.031680
0 0.436367 0.922012 0.032828 0.031758
0 0.685242 0.444883 0.028641 0.027656
0 0.856023 0.346680 0.031953 0.029336
0 0.679125 0.425479 0.034812 0.032324
0 0.514859 0.495771 0.030531 0.028145
0 0.967313 0.483232 0.035937 0.035254
0 0.794523 0.558076 0.037391 0.033613
0 0.372789 0.697227 0.032891 0.032578
0 0.587969 0.835947 0.031156 0.031934
0 0.450391 0.780742 0.036562 0.033516
0 0.638609 0.623926 0.030594 0.034609
0 0.485734 0.628525 0.035906 0.031504
0 0.904266 0.686016 0.036094 0.035547
0 0.846172 0.889668 0.035937 0.037617
0 0.683984 0.967705 0.032437 0.028926
0 0.984172 0.191973 0.030250 0.034609
0 0.575703 0.720391 0.034625 0.033945
0 0.560406 0.282246 0.041125 0.036016
0 0.753664 0.749775 0.035984 0.033457
0 0.738469 0.193184 0.040437 0.038984
0 0.922414 0.098975 0.042328 0.039980
0 0.428195 0.162031 0.038484 0.040508
0 0.611258 0.038193 0.040703 0.039395
0 0.254195 0.274395 0.039922 0.035938
0 0.090086 0.377656 0.041578 0.039531
0 0.280156 0.037988 0.045562 0.039375
0 0.109492 0.137598 0.042828 0.042773
0 0.994039 0.811406 0.011922 0.039688