0 0.945031 0.416826 0.038250 0.036230
0 0.467828 0.415850 0.036094 0.033574
0 0.108047 0.372852 0.029781 0.027461
0 0.280594 0.497471 0.036406 0.036816
0 0.099836 0.570869 0.038453 0.034785
0 0.193070 0.711211 0.033547 0.030234
0 0.024570 0.786367 0.036984 0.034258
0 0.490312 0.481973 0.025469 0.026523
0 0.127453 0.906064 0.036062 0.033223
0 0.377352 0.629297 0.035859 0.029023
0 0.293063 0.463965 0.028313 0.033789
0 0.292922 0.842988 0.035000 0.031680
0 0.386211 0.969766 0.032828 0.031758
0 0.683133 0.444883 0.028641 0.027656
0 0.854734 0.345645 0.031969 0.029336
0 0.745359 0.493496 0.034813 0.032344
0 0.562383 0.557246 0.034609 0.032812
0 0.996250 0.563066 0.007500 0.028164
0 0.827961 0.640937 0.037391 0.035508
0 0.375422 0.749258 0.032875 0.032578
0 0.553953 0.909824 0.031156 0.031914
0 0.446781 0.838496 0.036562 0.036719
0 0.646898 0.702236 0.031703 0.035020
0 0.502891 0.696689 0.035906 0.031504
0 0.906656 0.780566 0.036094 0.035547
0 0.802133 0.973281 0.035922 0.037617
0 0.978297 0.190664 0.030250 0.034609
0 0.568922 0.791152 0.034625 0.033945
0 0.656961 0.344766 0.041141 0.036016
0 0.733477 0.840039 0.035984 0.033477
0 0.858906 0.252598 0.040437 0.038984
0 0.554055 0.183320 0.038484 0.040508
0 0.764906 0.087285 0.040719 0.040352
0 0.364078 0.269863 0.039906 0.035938
0 0.175320 0.345469 0.041578 0.039531
0 0.442188 0.023906 0.045562 0.039375
0 0.253352 0.100791 0.042828 0.042793
0 0.986719 0.910625 0.026562 0.030781
0 0.049859 0.186201 0.039375 0.044980
0 0.974391 0.013789 0.038875 0.027227