0 0.907469 0.386719 0.039375 0.038945
0 0.435500 0.406465 0.036094 0.033555
0 0.109867 0.374619 0.029766 0.027441
0 0.260484 0.497881 0.036406 0.036816
0 0.083461 0.583145 0.038453 0.034766
0 0.193070 0.712559 0.033547 0.030234
0 0.035836 0.801777 0.036984 0.034258
0 0.490047 0.483281 0.025469 0.026523
0 0.148367 0.914775 0.036047 0.033223
0 0.366781 0.620586 0.035875 0.029023
0 0.295961 0.462139 0.028297 0.033809
0 0.301500 0.834951 0.035000 0.031699
0 0.410227 0.954785 0.032828 0.031758
0 0.684187 0.444883 0.028625 0.027656
0 0.856742 0.345098 0.031953 0.029336
0 0.722953 0.466299 0.034812 0.032324
0 0.541742 0.533809 0.034609 0.032812
0 0.990023 0.536855 0.019953 0.032578
0 0.816852 0.608115 0.037391 0.035488
0 0.374414 0.730254 0.032891 0.032578
0 0.573391 0.882109 0.031156 0.031914
0 0.447438 0.816279 0.036562 0.036738
0 0.642844 0.670908 0.031719 0.035020
0 0.496203 0.672061 0.035906 0.031504
0 0.909594 0.744687 0.036094 0.035547
0 0.827008 0.938721 0.035922 0.037637
0 0.982766 0.191318 0.030250 0.034590
0 0.564906 0.768750 0.034625 0.033945
0 0.619297 0.317832 0.041125 0.036016
0 0.741750 0.810312 0.035969 0.033477
0 0.815250 0.228613 0.040438 0.038984
0 0.996898 0.151299 0.006203 0.036543
0 0.506555 0.174082 0.038484 0.040508
0 0.705766 0.058096 0.040719 0.040332
0 0.321383 0.269687 0.039922 0.035938
0 0.140789 0.357617 0.041578 0.039531
0 0.380500 0.026094 0.045563 0.039375
0 0.194961 0.112187 0.042828 0.042773
0 0.992211 0.869209 0.015578 0.042949
0 0.012797 0.206699 0.024812 0.041055