0 0.761469 0.439658 0.040031 0.035723
0 0.288344 0.415283 0.036094 0.033574
0 0.094117 0.483916 0.042484 0.036816
0 0.010914 0.697227 0.021828 0.030234
0 0.303203 0.475742 0.025469 0.026523
0 0.188180 0.622930 0.035859 0.029023
0 0.101102 0.446826 0.030109 0.033809
0 0.094312 0.838398 0.035000 0.031680
0 0.185055 0.968037 0.032828 0.031738
0 0.501344 0.448418 0.028625 0.027656
0 0.666789 0.360137 0.034953 0.029336
0 0.566109 0.509453 0.034812 0.032344
0 0.378617 0.559746 0.034609 0.032813
0 0.826812 0.603838 0.037969 0.033457
0 0.638359 0.656631 0.037500 0.035488
0 0.175937 0.743145 0.032875 0.032578
0 0.351594 0.915273 0.031156 0.031914
0 0.246625 0.841299 0.036563 0.036738
0 0.456766 0.712725 0.034125 0.035020
0 0.309828 0.697939 0.035906 0.031504
0 0.708242 0.798652 0.040266 0.035547
0 0.599922 0.982666 0.035937 0.029512
0 0.791172 0.211797 0.037906 0.029258
0 0.367391 0.801621 0.034625 0.033945
0 0.479211 0.356865 0.041141 0.036035
0 0.535445 0.849766 0.034141 0.031953
0 0.680047 0.274980 0.041656 0.038984
0 0.381617 0.181924 0.038484 0.040527
0 0.596297 0.111934 0.044813 0.040352
0 0.185273 0.258799 0.039922 0.035918
0 0.008344 0.328340 0.016688 0.039531
0 0.275320 0.018262 0.043109 0.035938
0 0.076852 0.082314 0.043797 0.042793
0 0.779250 0.931250 0.035375 0.030469
0 0.797633 0.038896 0.043891 0.039395
0 0.855063 0.028789 0.034781 0.030234
0 0.877906 0.213535 0.040375 0.040156
0 0.893570 0.746807 0.037984 0.032051
0 0.955313 0.383125 0.039531 0.041602
0 0.962695 0.884453 0.033016 0.031797