0 0.896430 0.377852 0.039172 0.039336
0 0.425531 0.403564 0.036094 0.033574
0 0.110227 0.374619 0.030016 0.027949
0 0.254062 0.497373 0.036406 0.036816
0 0.078852 0.585830 0.038453 0.034785
0 0.192836 0.711211 0.033547 0.030234
0 0.037680 0.804531 0.036984 0.034258
0 0.489992 0.483584 0.025453 0.026543
0 0.153539 0.915771 0.036047 0.033223
0 0.362992 0.616895 0.035859 0.029023
0 0.295914 0.461885 0.028297 0.033809
0 0.304477 0.831328 0.034984 0.031680
0 0.416008 0.949131 0.032828 0.031738
0 0.684430 0.444883 0.028641 0.027656
0 0.856578 0.345469 0.031969 0.029336
0 0.715516 0.458437 0.034812 0.032344
0 0.535703 0.526641 0.034187 0.032305
0 0.987023 0.526201 0.025953 0.035254
0 0.812555 0.598535 0.037391 0.035312
0 0.373227 0.724355 0.032891 0.032578
0 0.576953 0.873496 0.031156 0.031914
0 0.447719 0.809336 0.036563 0.036406
0 0.642125 0.661709 0.031594 0.034980
0 0.493297 0.664131 0.035906 0.031504
0 0.908938 0.733574 0.036094 0.035547
0 0.832039 0.929443 0.035922 0.037637
0 0.658125 0.990898 0.032437 0.018203
0 0.983094 0.191465 0.030250 0.034609
0 0.565141 0.761719 0.034625 0.033945
0 0.607461 0.310615 0.041141 0.036035
0 0.744102 0.800117 0.035984 0.033477
0 0.801187 0.221787 0.040438 0.038965
0 0.986203 0.135801 0.023531 0.037500
0 0.491617 0.171621 0.038484 0.040508
0 0.688063 0.052695 0.040719 0.040234
0 0.308258 0.270225 0.039922 0.035918
0 0.130805 0.361387 0.041578 0.039531
0 0.361266 0.027969 0.045562 0.039375
0 0.178289 0.115557 0.042828 0.042793
0 0.992734 0.858398 0.014531 0.047305
0 0.005227 0.217871 0.010453 0.037383