0 0.923055 0.398594 0.038953 0.037969
0 0.449625 0.409873 0.036094 0.033574
0 0.109203 0.373975 0.029781 0.027441
0 0.269875 0.497920 0.036406 0.036816
0 0.091883 0.578066 0.038453 0.034766
0 0.193070 0.712070 0.033547 0.030234
0 0.031742 0.796172 0.036984 0.034258
0 0.490141 0.482812 0.025469 0.026523
0 0.140758 0.911611 0.036047 0.033223
0 0.372398 0.623750 0.035859 0.029023
0 0.296039 0.462549 0.028297 0.033809
0 0.298383 0.837871 0.034984 0.031680
0 0.401195 0.961338 0.032828 0.031738
0 0.683805 0.444883 0.028641 0.027656
0 0.857000 0.344531 0.031969 0.029336
0 0.731406 0.476924 0.034813 0.032324
0 0.551320 0.543262 0.034609 0.032813
0 0.994156 0.551797 0.011688 0.025469
0 0.822664 0.620977 0.037391 0.035508
0 0.376992 0.738271 0.032891 0.032559
0 0.567359 0.893301 0.031156 0.031914
0 0.447484 0.825840 0.036562 0.036719
0 0.644906 0.683594 0.031719 0.035039
0 0.500703 0.682314 0.035906 0.031504
0 0.909852 0.759395 0.036078 0.035547
0 0.817820 0.952031 0.035922 0.037617
0 0.982266 0.191074 0.030250 0.034609
0 0.568438 0.776152 0.034625 0.033945
0 0.636102 0.328184 0.041141 0.036016
0 0.739336 0.822236 0.035984 0.033457
0 0.834672 0.237705 0.040437 0.038965
0 0.526492 0.177617 0.038484 0.040508
0 0.730234 0.068896 0.040719 0.040332
0 0.339430 0.269561 0.039922 0.035918
0 0.154617 0.352676 0.041578 0.039531
0 0.406328 0.024238 0.045562 0.039375
0 0.219180 0.108037 0.042828 0.042793
0 0.990477 0.885752 0.019047 0.035996
0 0.026172 0.196875 0.039375 0.045000
0 0.932016 0.006094 0.038875 0.012188