0 0.932789 0.406016 0.038703 0.037344
0 0.458453 0.412012 0.036094 0.033555
0 0.108797 0.373574 0.029781 0.027461
0 0.275734 0.497939 0.036406 0.036816
0 0.097141 0.574883 0.038437 0.034766
0 0.193070 0.711758 0.033547 0.030234
0 0.029180 0.792676 0.036984 0.034258
0 0.490203 0.482500 0.025469 0.026523
0 0.136008 0.909629 0.036047 0.033242
0 0.375914 0.625742 0.035859 0.029023
0 0.296102 0.462803 0.028297 0.033809
0 0.296430 0.839697 0.034984 0.031699
0 0.395555 0.965439 0.032828 0.031738
0 0.683563 0.444883 0.028625 0.027656
0 0.857164 0.344160 0.031953 0.029336
0 0.736672 0.483574 0.034813 0.032344
0 0.557305 0.549160 0.034609 0.032813
0 0.996250 0.563066 0.007500 0.028164
0 0.826305 0.629014 0.037391 0.035488
0 0.378617 0.743281 0.032891 0.032578
0 0.563578 0.900293 0.031156 0.031914
0 0.447531 0.831816 0.036562 0.036719
0 0.646195 0.691523 0.031703 0.035039
0 0.503516 0.688721 0.035906 0.031504
0 0.910016 0.768594 0.036094 0.035547
0 0.812070 0.960342 0.035922 0.037637
0 0.981938 0.190928 0.030250 0.034590
0 0.570641 0.780791 0.034625 0.033965
0 0.646602 0.334648 0.041141 0.036016
0 0.737820 0.829678 0.035984 0.033457
0 0.846813 0.243389 0.040437 0.038965
0 0.538945 0.179844 0.038484 0.040508
0 0.745516 0.075645 0.040719 0.040352
0 0.350695 0.269482 0.039922 0.035918
0 0.163273 0.349570 0.041578 0.039531
0 0.422484 0.023076 0.045563 0.039395
0 0.234312 0.105449 0.042844 0.042773
0 0.988828 0.895635 0.022344 0.031621
0 0.035719 0.192383 0.039375 0.045000
0 0.955875 0.009131 0.038875 0.018262