0 0.844422 0.333672 0.035688 0.039336
0 0.378812 0.387363 0.036094 0.033555
0 0.111430 0.372178 0.032422 0.032832
0 0.225008 0.492471 0.036391 0.036816
0 0.064320 0.593691 0.038453 0.034766
0 0.190477 0.695996 0.033547 0.030234
0 0.049352 0.811016 0.036984 0.034258
0 0.489750 0.484785 0.025469 0.026523
0 0.178492 0.913809 0.036047 0.033242
0 0.346102 0.591855 0.035859 0.029023
0 0.295711 0.460869 0.028297 0.033809
0 0.318102 0.804795 0.034984 0.031699
0 0.439961 0.917227 0.032828 0.031758
0 0.685391 0.444883 0.028625 0.027656
0 0.855930 0.346895 0.031953 0.029336
0 0.672703 0.419658 0.034813 0.032324
0 0.511180 0.490322 0.029891 0.027402
0 0.963289 0.475645 0.036609 0.035234
0 0.791352 0.550938 0.037391 0.033320
0 0.373289 0.691357 0.032891 0.032559
0 0.589906 0.829316 0.031156 0.031914
0 0.450859 0.775684 0.036562 0.033008
0 0.636258 0.617266 0.030422 0.034531
0 0.485563 0.621885 0.035906 0.031504
0 0.903438 0.677617 0.036094 0.035547
0 0.848953 0.881201 0.035937 0.037637
0 0.689250 0.961602 0.032437 0.029453
0 0.984359 0.192070 0.030250 0.034609
0 0.576406 0.710938 0.034625 0.033945
0 0.552094 0.277236 0.041125 0.036035
0 0.754195 0.740166 0.035984 0.033457
0 0.726094 0.188262 0.040437 0.038984
0 0.909188 0.093682 0.043062 0.039043
0 0.417008 0.160332 0.038484 0.040508
0 0.596625 0.034883 0.040719 0.039219
0 0.244648 0.275127 0.039922 0.035918
0 0.082898 0.380527 0.041578 0.039531
0 0.265844 0.039746 0.045562 0.039375
0 0.096273 0.143135 0.042828 0.042793