0 0.946914 0.419375 0.038109 0.035859
0 0.468234 0.417129 0.036094 0.033555
0 0.107805 0.372598 0.029766 0.027461
0 0.279844 0.497100 0.036406 0.036816
0 0.097906 0.570234 0.038437 0.034766
0 0.193070 0.711035 0.033547 0.030234
0 0.023039 0.784258 0.036984 0.034258
0 0.490344 0.481797 0.025469 0.026523
0 0.124602 0.904873 0.036047 0.033223
0 0.375789 0.630488 0.035859 0.029023
0 0.290750 0.464648 0.028312 0.033789
0 0.291758 0.844092 0.034984 0.031699
0 0.383430 0.969932 0.032828 0.031738
0 0.682992 0.444883 0.028641 0.027656
0 0.852781 0.347021 0.031969 0.029355
0 0.747922 0.495947 0.034813 0.032324
0 0.561703 0.558887 0.034594 0.032813
0 0.996250 0.563066 0.007500 0.028164
0 0.826477 0.643848 0.037391 0.035508
0 0.371820 0.749980 0.032891 0.032578
0 0.549547 0.911738 0.031156 0.031914
0 0.446188 0.839033 0.036562 0.036738
0 0.646453 0.704326 0.031719 0.035020
0 0.500312 0.697871 0.035906 0.031523
0 0.904016 0.782656 0.036094 0.035547
0 0.798992 0.976748 0.035922 0.037637
0 0.975812 0.190566 0.030250 0.034609
0 0.565969 0.795459 0.034625 0.033965
0 0.656859 0.347500 0.041125 0.036016
0 0.731352 0.842217 0.035984 0.033457
0 0.858867 0.255244 0.040453 0.038965
0 0.556039 0.184258 0.038484 0.040508
0 0.767969 0.090947 0.040719 0.040332
0 0.365664 0.270205 0.039922 0.035918
0 0.177867 0.344707 0.041578 0.039531
0 0.444844 0.025410 0.045562 0.039375
0 0.256289 0.099238 0.042828 0.042773
0 0.984187 0.913975 0.030219 0.030996
0 0.053297 0.184932 0.039375 0.044980
0 0.979906 0.014844 0.038875 0.027930