0 0.886023 0.369014 0.038484 0.039316
0 0.416188 0.400322 0.036094 0.033574
0 0.110469 0.374131 0.030500 0.028926
0 0.248250 0.496396 0.036406 0.036816
0 0.075945 0.587402 0.038453 0.034766
0 0.192359 0.708184 0.033531 0.030234
0 0.038320 0.805820 0.036984 0.034258
0 0.489938 0.483828 0.025469 0.026523
0 0.158180 0.915371 0.036047 0.033242
0 0.359609 0.611895 0.035875 0.029023
0 0.295867 0.461680 0.028297 0.033789
0 0.308070 0.826299 0.034984 0.031699
0 0.420789 0.942754 0.032828 0.031758
0 0.684617 0.444883 0.028641 0.027656
0 0.856445 0.345742 0.031953 0.029336
0 0.706953 0.450684 0.034812 0.032344
0 0.530797 0.519375 0.033312 0.031328
0 0.984117 0.516094 0.031766 0.035234
0 0.808312 0.589014 0.037406 0.034902
0 0.372805 0.718574 0.032891 0.032578
0 0.579547 0.864658 0.031156 0.031934
0 0.448352 0.802607 0.036578 0.035723
0 0.642266 0.652822 0.031344 0.034902
0 0.490875 0.655957 0.035906 0.031523
0 0.907844 0.722383 0.036094 0.035547
0 0.835203 0.920889 0.035937 0.037637
0 0.663687 0.986895 0.032437 0.021719
0 0.983344 0.191582 0.030250 0.034609
0 0.568266 0.753193 0.034625 0.033965
0 0.596391 0.303936 0.041125 0.036035
0 0.746992 0.788672 0.035984 0.033477
0 0.787656 0.214932 0.040437 0.038965
0 0.975883 0.126006 0.036047 0.039355
0 0.476695 0.169365 0.038484 0.040527
0 0.671000 0.049980 0.040719 0.040039
0 0.295539 0.271201 0.039922 0.035918
0 0.121227 0.365215 0.041578 0.039531
0 0.342187 0.030332 0.045563 0.039375
0 0.163117 0.119199 0.042828 0.042773
0 0.992734 0.848623 0.014531 0.047324