0 0.764250 0.276689 0.034313 0.039316
0 0.314172 0.364326 0.036094 0.033574
0 0.111914 0.371201 0.033391 0.034785
0 0.183938 0.487559 0.036406 0.036797
0 0.049961 0.604453 0.038453 0.034766
0 0.197195 0.664512 0.033547 0.030234
0 0.080008 0.812988 0.034578 0.034258
0 0.493047 0.483672 0.026750 0.026523
0 0.224719 0.903818 0.034063 0.033223
0 0.327719 0.549824 0.033813 0.029023
0 0.297008 0.462178 0.028297 0.033809
0 0.345688 0.756338 0.034375 0.033574
0 0.481695 0.861172 0.032828 0.031758
0 0.685773 0.444883 0.028641 0.027656
0 0.354000 0.989629 0.031906 0.020742
0 0.855672 0.347480 0.031969 0.029336
0 0.607273 0.985313 0.034672 0.022695
0 0.612469 0.363945 0.034813 0.032344
0 0.471312 0.434961 0.030281 0.028477
0 0.913656 0.401836 0.038437 0.037187
0 0.752789 0.479443 0.034672 0.032520
0 0.371086 0.632617 0.032891 0.034023
0 0.607453 0.758643 0.031156 0.031934
0 0.470203 0.709775 0.033281 0.031660
0 0.613734 0.549131 0.029938 0.034355
0 0.473281 0.548594 0.032906 0.033008
0 0.888516 0.586758 0.036094 0.035547
0 0.874047 0.798545 0.035937 0.037637
0 0.735109 0.892314 0.033813 0.034434
0 0.984875 0.192305 0.030250 0.034609
0 0.573703 0.628291 0.034625 0.033965
0 0.931797 0.198340 0.043406 0.041289
0 0.463156 0.236934 0.041125 0.036016
0 0.752781 0.650928 0.033125 0.033457
0 0.614359 0.150400 0.040437 0.038965
0 0.780367 0.051465 0.045047 0.036563
0 0.302484 0.155078 0.041719 0.040508
0 0.458641 0.015889 0.040719 0.026465
0 0.156180 0.288135 0.039922 0.035918
0 0.017172 0.410762 0.032875 0.038281
0 0.128625 0.066670 0.045563 0.039395
0 0.994039 0.937012 0.011922 0.034453