0 0.753492 0.448633 0.039234 0.034961
0 0.275555 0.423320 0.037016 0.033555
0 0.077781 0.489150 0.036406 0.031738
0 0.290922 0.495059 0.025469 0.026523
0 0.174055 0.629326 0.035859 0.029551
0 0.081977 0.460977 0.028297 0.030898
0 0.076070 0.842031 0.034984 0.031680
0 0.168297 0.971416 0.032813 0.031738
0 0.486000 0.469609 0.028625 0.025781
0 0.658070 0.380723 0.033797 0.028320
0 0.557281 0.519717 0.034813 0.032324
0 0.371367 0.567793 0.034609 0.032813
0 0.822297 0.611582 0.037969 0.033438
0 0.635828 0.667158 0.036656 0.035488
0 0.161437 0.750088 0.032875 0.032559
0 0.342250 0.918389 0.031156 0.031934
0 0.233953 0.844854 0.036563 0.036738
0 0.454453 0.718125 0.034531 0.035039
0 0.298750 0.706035 0.035906 0.031523
0 0.699945 0.807656 0.036891 0.035547
0 0.589164 0.986934 0.035922 0.026133
0 0.780422 0.235078 0.033531 0.027891
0 0.363063 0.806992 0.034625 0.033945
0 0.468383 0.363525 0.039047 0.036035
0 0.525820 0.858232 0.033828 0.031777
0 0.678914 0.290244 0.039641 0.037949
0 0.376805 0.198047 0.038484 0.040508
0 0.600117 0.123848 0.035859 0.036094
0 0.175133 0.266514 0.039922 0.035918
0 0.280461 0.024326 0.034922 0.035801
0 0.070414 0.085459 0.043953 0.042793
0 0.768500 0.939072 0.035375 0.030449
0 0.806023 0.048467 0.043891 0.039395
0 0.847289 0.053174 0.034766 0.030254
0 0.877180 0.226553 0.040391 0.039121
0 0.886898 0.755361 0.037984 0.032051
0 0.952656 0.392441 0.039531 0.039023
0 0.945750 0.893057 0.034250 0.031816
0 0.994000 0.555967 0.012000 0.039238