0 0.810430 0.307266 0.034297 0.039336
0 0.349906 0.377207 0.036094 0.033555
0 0.111914 0.371201 0.033391 0.034785
0 0.206844 0.489854 0.036406 0.036816
0 0.056609 0.598516 0.038437 0.034766
0 0.191234 0.684277 0.033531 0.030234
0 0.062430 0.813457 0.036453 0.034258
0 0.490406 0.484902 0.025750 0.026523
0 0.199617 0.910977 0.035609 0.033242
0 0.336766 0.574727 0.035406 0.029023
0 0.295938 0.460840 0.028313 0.033789
0 0.326438 0.785137 0.034844 0.032109
0 0.456680 0.894844 0.032828 0.031758
0 0.685773 0.444883 0.028641 0.027656
0 0.855672 0.347480 0.031969 0.029336
0 0.646000 0.395215 0.034812 0.032344
0 0.494688 0.466729 0.028656 0.026113
0 0.943922 0.443516 0.038438 0.035664
0 0.776188 0.520244 0.036781 0.032520
0 0.373836 0.666133 0.032891 0.032891
0 0.597844 0.799873 0.031156 0.031934
0 0.454289 0.751729 0.035828 0.031660
0 0.626375 0.588291 0.029937 0.034355
0 0.482461 0.591816 0.035234 0.031836
0 0.898422 0.640020 0.036094 0.035547
0 0.860305 0.845273 0.035922 0.037617
0 0.710375 0.933555 0.032750 0.031680
0 0.984875 0.192305 0.030250 0.034609
0 0.577281 0.672959 0.034625 0.033965
0 0.983641 0.235801 0.031000 0.041289
0 0.515109 0.257900 0.041125 0.036035
0 0.754984 0.700410 0.035344 0.033477
0 0.675609 0.169639 0.040437 0.038965
0 0.855211 0.072031 0.045047 0.036563
0 0.368352 0.155654 0.039203 0.040527
0 0.535602 0.023799 0.040703 0.036074
0 0.205195 0.279541 0.039922 0.035918
0 0.053141 0.393594 0.040531 0.039531
0 0.206758 0.048027 0.045578 0.039375
0 0.976070 0.976787 0.038422 0.033184
0 0.043039 0.167471 0.042828 0.045020