0 0.943156 0.414277 0.038406 0.036602
0 0.467406 0.414570 0.036094 0.033555
0 0.108297 0.373086 0.029781 0.027461
0 0.281344 0.497842 0.036406 0.036816
0 0.101758 0.571504 0.038453 0.034766
0 0.193070 0.711406 0.033547 0.030234
0 0.026102 0.788477 0.036984 0.034258
0 0.490281 0.482148 0.025469 0.026523
0 0.130305 0.907246 0.036047 0.033242
0 0.378898 0.628105 0.035859 0.029023
0 0.295375 0.463271 0.028313 0.033809
0 0.294094 0.841895 0.035000 0.031680
0 0.388984 0.969600 0.032813 0.031738
0 0.683281 0.444883 0.028625 0.027656
0 0.856680 0.344258 0.031953 0.029336
0 0.742812 0.491035 0.034813 0.032344
0 0.563070 0.555605 0.034609 0.032813
0 0.996250 0.563066 0.007500 0.028164
0 0.829437 0.638018 0.037406 0.035488
0 0.379023 0.748535 0.032891 0.032578
0 0.558344 0.907920 0.031156 0.031934
0 0.447367 0.837959 0.036578 0.036738
0 0.647344 0.700146 0.031719 0.035020
0 0.505469 0.695518 0.035906 0.031504
0 0.909297 0.778477 0.036094 0.035547
0 0.805281 0.969814 0.035937 0.037637
0 0.980797 0.190742 0.030250 0.034609
0 0.571875 0.786855 0.034625 0.033945
0 0.657062 0.342021 0.041125 0.036035
0 0.735602 0.837861 0.035984 0.033457
0 0.858938 0.249951 0.040437 0.038965
0 0.552070 0.182363 0.038484 0.040508
0 0.761828 0.083623 0.040719 0.040332
0 0.362500 0.269521 0.039906 0.035918
0 0.172758 0.346230 0.041578 0.039531
0 0.439516 0.022412 0.045563 0.039395
0 0.250430 0.102344 0.042828 0.042773
0 0.987391 0.906318 0.025219 0.029629
0 0.046406 0.187461 0.039375 0.045000
0 0.968453 0.013262 0.038875 0.025117