0 0.944414 0.415986 0.038297 0.036348
0 0.467687 0.415420 0.036094 0.033574
0 0.108133 0.372930 0.029766 0.027461
0 0.280844 0.497588 0.036406 0.036816
0 0.100477 0.571074 0.038453 0.034766
0 0.193070 0.711270 0.033547 0.030234
0 0.025086 0.787070 0.036984 0.034258
0 0.490297 0.482031 0.025469 0.026523
0 0.128406 0.906455 0.036062 0.033223
0 0.377867 0.628906 0.035859 0.029023
0 0.293836 0.463740 0.028297 0.033809
0 0.293312 0.842627 0.035000 0.031699
0 0.387133 0.969707 0.032828 0.031758
0 0.683180 0.444883 0.028641 0.027656
0 0.855383 0.345176 0.031953 0.029336
0 0.744516 0.492676 0.034812 0.032344
0 0.562617 0.556699 0.034609 0.032813
0 0.996250 0.563066 0.007500 0.028164
0 0.828445 0.639961 0.037391 0.035508
0 0.376617 0.749023 0.032891 0.032578
0 0.555422 0.909189 0.031156 0.031934
0 0.446969 0.838320 0.036562 0.036719
0 0.647047 0.701543 0.031719 0.035039
0 0.503750 0.696299 0.035906 0.031504
0 0.907531 0.779863 0.036094 0.035547
0 0.803180 0.972129 0.035922 0.037617
0 0.979125 0.190684 0.030250 0.034609
0 0.569906 0.789727 0.034625 0.033945
0 0.657000 0.343848 0.041125 0.036016
0 0.734180 0.839307 0.035984 0.033457
0 0.858914 0.251719 0.040453 0.038984
0 0.553398 0.182998 0.038484 0.040527
0 0.763875 0.086064 0.040719 0.040332
0 0.363555 0.269756 0.039922 0.035918
0 0.174461 0.345723 0.041578 0.039531
0 0.441297 0.023408 0.045562 0.039395
0 0.252383 0.101309 0.042828 0.042773
0 0.986945 0.909180 0.026109 0.030391
0 0.048703 0.186621 0.039375 0.045000
0 0.972406 0.013613 0.038875 0.026523