0 0.901625 0.382266 0.039531 0.039336
0 0.430203 0.405186 0.036094 0.033574
0 0.110109 0.374863 0.029781 0.027461
0 0.256969 0.497861 0.036406 0.036816
0 0.080305 0.585039 0.038453 0.034766
0 0.193070 0.712734 0.033547 0.030234
0 0.037367 0.803887 0.036984 0.034258
0 0.490016 0.483457 0.025469 0.026523
0 0.151219 0.915967 0.036062 0.033223
0 0.364680 0.619395 0.035859 0.029023
0 0.295930 0.461982 0.028297 0.033809
0 0.302672 0.833848 0.035000 0.031680
0 0.413609 0.952324 0.032812 0.031758
0 0.684336 0.444883 0.028641 0.027656
0 0.856641 0.345313 0.031969 0.029336
0 0.719797 0.462314 0.034813 0.032324
0 0.538148 0.530273 0.034609 0.032812
0 0.988477 0.531260 0.023047 0.035254
0 0.814680 0.603301 0.037391 0.035508
0 0.373445 0.727246 0.032891 0.032578
0 0.575656 0.877910 0.031156 0.031914
0 0.447406 0.812705 0.036563 0.036738
0 0.642062 0.666152 0.031719 0.035039
0 0.494500 0.668223 0.035906 0.031523
0 0.909484 0.739160 0.036094 0.035547
0 0.830461 0.933730 0.035922 0.037617
0 0.658125 0.992812 0.032437 0.014375
0 0.982961 0.191406 0.030266 0.034609
0 0.563578 0.765977 0.034625 0.033945
0 0.613000 0.313955 0.041125 0.036035
0 0.742656 0.805840 0.035969 0.033477
0 0.807969 0.225205 0.040437 0.038965
0 0.991367 0.140693 0.017266 0.036543
0 0.499070 0.172754 0.038484 0.040508
0 0.696594 0.054053 0.040719 0.040332
0 0.314617 0.269736 0.039922 0.035918
0 0.135602 0.359473 0.041578 0.039531
0 0.370812 0.026797 0.045562 0.039375
0 0.185883 0.113740 0.042828 0.042793
0 0.992523 0.862725 0.014953 0.045566
0 0.007984 0.212334 0.015562 0.039590