0 0.807133 0.305078 0.034297 0.039336
0 0.347359 0.376279 0.036094 0.033574
0 0.111914 0.371201 0.033391 0.034785
0 0.205203 0.489687 0.036406 0.036797
0 0.056133 0.598945 0.038453 0.034766
0 0.191664 0.682852 0.033547 0.030234
0 0.063688 0.813438 0.036313 0.034258
0 0.490602 0.484824 0.025828 0.026523
0 0.201406 0.910459 0.035500 0.033223
0 0.336117 0.572949 0.035297 0.029023
0 0.296008 0.460928 0.028297 0.033809
0 0.327813 0.783076 0.034813 0.032207
0 0.458477 0.892441 0.032828 0.031758
0 0.685773 0.444883 0.028641 0.027656
0 0.855672 0.347480 0.031969 0.029336
0 0.643609 0.392988 0.034813 0.032344
0 0.493023 0.464463 0.028766 0.026270
0 0.941766 0.440547 0.038438 0.035781
0 0.774508 0.517324 0.036641 0.032500
0 0.373633 0.663730 0.032891 0.032969
0 0.598531 0.796924 0.031156 0.031934
0 0.454828 0.749111 0.035656 0.031660
0 0.625469 0.585498 0.029937 0.034355
0 0.481805 0.588730 0.035078 0.031914
0 0.897703 0.636211 0.036094 0.035547
0 0.861281 0.841943 0.035937 0.037637
0 0.712148 0.930605 0.032828 0.031875
0 0.984875 0.192305 0.030250 0.034609
0 0.577031 0.669766 0.034625 0.033945
0 0.980937 0.233330 0.034687 0.041270
0 0.511391 0.256406 0.041125 0.036016
0 0.754828 0.696875 0.035188 0.033477
0 0.671234 0.168271 0.040437 0.038965
0 0.850539 0.070137 0.045047 0.036563
0 0.363641 0.155615 0.039375 0.040527
0 0.530102 0.023223 0.040703 0.035391
0 0.201695 0.280166 0.039922 0.035918
0 0.050492 0.394941 0.040266 0.039531
0 0.201531 0.048926 0.045562 0.039375
0 0.977648 0.974336 0.038422 0.034805
0 0.038555 0.169863 0.042828 0.045586