0 0.754352 0.270137 0.034297 0.039336
0 0.306516 0.361563 0.036094 0.033555
0 0.111914 0.371201 0.033391 0.034785
0 0.179031 0.487061 0.036406 0.036816
0 0.048539 0.605732 0.038453 0.034785
0 0.198469 0.660273 0.033531 0.030234
0 0.083773 0.812891 0.034172 0.034258
0 0.493609 0.483398 0.026969 0.026523
0 0.230094 0.902285 0.033719 0.033242
0 0.325781 0.544492 0.033469 0.029023
0 0.297242 0.462471 0.028297 0.033809
0 0.349812 0.750166 0.034250 0.033887
0 0.487055 0.853955 0.032828 0.031738
0 0.685773 0.444883 0.028641 0.027656
0 0.361625 0.987266 0.031906 0.024922
0 0.855672 0.347480 0.031969 0.029336
0 0.613867 0.980596 0.034672 0.025488
0 0.605281 0.357246 0.034812 0.032344
0 0.466313 0.428164 0.030625 0.028984
0 0.907172 0.392910 0.038438 0.037539
0 0.747773 0.470693 0.034203 0.032520
0 0.370492 0.625439 0.032891 0.034238
0 0.609516 0.749805 0.031156 0.031914
0 0.474328 0.700342 0.032750 0.031660
0 0.611016 0.540732 0.029937 0.034355
0 0.471312 0.539326 0.032406 0.033262
0 0.886406 0.575352 0.036094 0.035547
0 0.876992 0.788535 0.035922 0.037617
0 0.740406 0.883477 0.034063 0.035039
0 0.984875 0.192305 0.030250 0.034609
0 0.572937 0.618721 0.034625 0.033965
0 0.916930 0.191621 0.043766 0.041289
0 0.452023 0.232441 0.041141 0.036016
0 0.752305 0.640332 0.032672 0.033477
0 0.601234 0.146279 0.040437 0.038965
0 0.761633 0.048740 0.045047 0.036543
0 0.288375 0.154961 0.042250 0.040508
0 0.442141 0.014189 0.040719 0.024395
0 0.145680 0.289971 0.039922 0.035918
0 0.013398 0.415654 0.026797 0.037832
0 0.110828 0.071973 0.045563 0.039375
0 0.996586 0.931992 0.006828 0.024414