0 0.893828 0.375645 0.039000 0.039336
0 0.423203 0.402754 0.036094 0.033555
0 0.110289 0.374492 0.030141 0.028203
0 0.252609 0.497129 0.036406 0.036797
0 0.078125 0.586230 0.038437 0.034766
0 0.192711 0.710449 0.033547 0.030234
0 0.037852 0.804863 0.036984 0.034258
0 0.489984 0.483652 0.025469 0.026523
0 0.154695 0.915674 0.036047 0.033223
0 0.362148 0.615645 0.035859 0.029023
0 0.295898 0.461826 0.028297 0.033809
0 0.305367 0.830068 0.034984 0.031699
0 0.417195 0.947539 0.032828 0.031758
0 0.684477 0.444883 0.028641 0.027656
0 0.856547 0.345527 0.031969 0.029336
0 0.713375 0.456494 0.034812 0.032324
0 0.534477 0.524824 0.033953 0.032070
0 0.986297 0.523672 0.027406 0.035234
0 0.811492 0.596152 0.037391 0.035195
0 0.373117 0.722910 0.032891 0.032578
0 0.577594 0.871289 0.031156 0.031914
0 0.447875 0.807656 0.036562 0.036211
0 0.642164 0.659482 0.031547 0.034980
0 0.492688 0.662090 0.035906 0.031523
0 0.908656 0.730781 0.036094 0.035547
0 0.832836 0.927305 0.035922 0.037617
0 0.659516 0.989893 0.032438 0.019082
0 0.983156 0.191504 0.030250 0.034609
0 0.565922 0.759590 0.034625 0.033945
0 0.604695 0.308945 0.041141 0.036016
0 0.744820 0.797256 0.035984 0.033457
0 0.797813 0.220068 0.040437 0.038965
0 0.983625 0.133350 0.026656 0.037949
0 0.487883 0.171055 0.038484 0.040508
0 0.683797 0.052021 0.040719 0.040176
0 0.305086 0.270469 0.039922 0.035938
0 0.128414 0.362344 0.041578 0.039531
0 0.356500 0.028555 0.045562 0.039375
0 0.174492 0.116475 0.042828 0.042793
0 0.992734 0.855957 0.014531 0.047305
0 0.004047 0.221201 0.008094 0.035605