0 0.865227 0.351348 0.037078 0.039336
0 0.397500 0.393848 0.036094 0.033555
0 0.110953 0.373154 0.031469 0.030879
0 0.236625 0.494424 0.036406 0.036816
0 0.070133 0.590547 0.038453 0.034766
0 0.191422 0.702090 0.033531 0.030234
0 0.041289 0.808418 0.036984 0.034258
0 0.489844 0.484297 0.025469 0.026523
0 0.167461 0.914590 0.036047 0.033242
0 0.352852 0.601875 0.035859 0.029023
0 0.295789 0.461279 0.028297 0.033809
0 0.315266 0.816221 0.035000 0.031699
0 0.430375 0.929990 0.032813 0.031738
0 0.685000 0.444883 0.028625 0.027656
0 0.856188 0.346328 0.031969 0.029336
0 0.689828 0.435176 0.034812 0.032344
0 0.520992 0.504854 0.031609 0.029355
0 0.974008 0.495869 0.034797 0.035254
0 0.799836 0.569980 0.037391 0.034102
0 0.371953 0.707012 0.032875 0.032578
0 0.584719 0.846992 0.031156 0.031914
0 0.449609 0.789150 0.036562 0.034355
0 0.642539 0.635039 0.030891 0.034727
0 0.486031 0.639600 0.035906 0.031504
0 0.905641 0.700000 0.036094 0.035547
0 0.841531 0.903770 0.035937 0.037617
0 0.675188 0.977871 0.032437 0.028047
0 0.983859 0.191826 0.030250 0.034590
0 0.574516 0.736152 0.034625 0.033945
0 0.574242 0.290586 0.041141 0.036016
0 0.752773 0.765781 0.035984 0.033477
0 0.759094 0.201387 0.040437 0.038984
0 0.944461 0.107783 0.041078 0.041543
0 0.446852 0.164844 0.038484 0.040508
0 0.635656 0.043711 0.040719 0.039648
0 0.270094 0.273174 0.039906 0.035918
0 0.102070 0.372871 0.041578 0.039531
0 0.304016 0.035039 0.045562 0.039375
0 0.131539 0.128359 0.042828 0.042773
0 0.992719 0.829395 0.014563 0.047305