0 0.526172 0.577676 0.034406 0.033555
0 0.286398 0.613574 0.041516 0.034297
0 0.470547 0.747002 0.029625 0.030879
0 0.402805 0.704404 0.035859 0.030840
0 0.143109 0.771475 0.030469 0.029473
0 0.226461 0.930830 0.034984 0.031699
0 0.757891 0.729707 0.030531 0.027656
0 0.980523 0.622109 0.025828 0.029336
0 0.885477 0.632578 0.036641 0.034258
0 0.642813 0.663770 0.034594 0.032813
0 0.976930 0.722764 0.029797 0.035488
0 0.336781 0.828057 0.039094 0.032559
0 0.563984 0.971396 0.031156 0.031934
0 0.434063 0.893340 0.036562 0.036719
0 0.752164 0.757412 0.034516 0.035020
0 0.533312 0.798037 0.035906 0.031504
0 0.971508 0.857393 0.035984 0.033535
0 0.631906 0.865752 0.034625 0.033965
0 0.843328 0.469629 0.042906 0.037344
0 0.796852 0.893789 0.033828 0.031797
0 0.719523 0.376777 0.038484 0.040508
0 0.406414 0.414307 0.039922 0.035918
0 0.607672 0.258975 0.042438 0.045293
0 0.274070 0.311709 0.043953 0.043223
0 0.170000 0.519238 0.044344 0.041641
0 0.170656 0.794531 0.042500 0.031719
0 0.013281 0.967148 0.026562 0.034961
0 0.042109 0.650859 0.038375 0.031680
0 0.012828 0.677520 0.025656 0.029336
0 0.019680 0.366279 0.039359 0.040684
0 0.010812 0.840986 0.021625 0.034355