0 0.756750 0.455693 0.039250 0.034199
0 0.276648 0.431738 0.037016 0.033555
0 0.077156 0.496572 0.036406 0.031738
0 0.287969 0.512813 0.025469 0.026523
0 0.174055 0.633945 0.035859 0.030078
0 0.073086 0.491670 0.028297 0.027988
0 0.069672 0.846162 0.035000 0.031699
0 0.165430 0.973730 0.032828 0.031758
0 0.484836 0.488135 0.028641 0.023926
0 0.660242 0.398008 0.032641 0.027305
0 0.559125 0.528184 0.034813 0.032344
0 0.374211 0.576172 0.034609 0.032812
0 0.831328 0.616973 0.037969 0.033438
0 0.639719 0.674805 0.036656 0.035508
0 0.156508 0.756758 0.032891 0.032578
0 0.341406 0.919990 0.031156 0.031934
0 0.227594 0.850498 0.036563 0.036738
0 0.458969 0.723770 0.034531 0.035039
0 0.298547 0.710400 0.035906 0.031504
0 0.701539 0.813555 0.033516 0.035547
0 0.593016 0.988447 0.035937 0.023105
0 0.783461 0.255625 0.032141 0.026523
0 0.366344 0.810020 0.034625 0.033945
0 0.472547 0.370596 0.039031 0.036035
0 0.527055 0.862080 0.033828 0.031777
0 0.689789 0.301523 0.038828 0.036914
0 0.383789 0.210625 0.038484 0.040508
0 0.610844 0.131152 0.036688 0.036367
0 0.171234 0.272900 0.039906 0.035918
0 0.294664 0.031729 0.036172 0.036895
0 0.074898 0.091348 0.043953 0.042773
0 0.768234 0.942920 0.035375 0.030449
0 0.822633 0.055488 0.043891 0.039375
0 0.853234 0.074473 0.034781 0.030234
0 0.889297 0.236045 0.040375 0.038105
0 0.890594 0.760234 0.038000 0.032070
0 0.956078 0.397500 0.039531 0.039023
0 0.944562 0.898477 0.034250 0.031797