0 0.549375 0.488330 0.034406 0.033574
0 0.287008 0.515273 0.041516 0.037187
0 0.460352 0.663760 0.029609 0.035254
0 0.411664 0.588828 0.035859 0.035195
0 0.084117 0.704707 0.030703 0.031875
0 0.208758 0.819766 0.034984 0.036094
0 0.781141 0.642988 0.030531 0.027656
0 0.938742 0.528096 0.038984 0.036699
0 0.666570 0.556172 0.034609 0.032813
0 0.329227 0.709453 0.039078 0.038398
0 0.566969 0.851797 0.031156 0.031914
0 0.439203 0.763779 0.036563 0.036738
0 0.780648 0.631953 0.033109 0.031445
0 0.545969 0.687881 0.035906 0.031504
0 0.985406 0.737158 0.029187 0.033535
0 0.655312 0.744648 0.034625 0.033945
0 0.902000 0.365684 0.042906 0.039023
0 0.817461 0.765146 0.033828 0.031777
0 0.771797 0.301152 0.038469 0.040508
0 0.409258 0.323232 0.039922 0.035918
0 0.646672 0.201377 0.042437 0.045293
0 0.266133 0.245762 0.043953 0.043242
0 0.158688 0.441973 0.044344 0.041641
0 0.153906 0.689014 0.036063 0.035840
0 0.015008 0.542686 0.028359 0.031660
0 0.002250 0.288633 0.004500 0.028438
0 0.332211 0.876582 0.039453 0.035313
0 0.081422 0.910361 0.043219 0.042715
0 0.935359 0.893428 0.037312 0.028926
0 0.685328 0.908779 0.039594 0.038457
0 0.800367 0.969453 0.038172 0.039766
0 0.437445 0.940762 0.042328 0.039883