0 0.563547 0.484424 0.036594 0.033105
0 0.285711 0.511270 0.041516 0.034727
0 0.451664 0.678691 0.029609 0.032539
0 0.424461 0.557988 0.035859 0.031445
0 0.019586 0.731699 0.029797 0.031875
0 0.186664 0.799102 0.034984 0.036094
0 0.813820 0.667480 0.033359 0.029805
0 0.986305 0.514199 0.027391 0.036680
0 0.694375 0.534336 0.034594 0.032813
0 0.324453 0.682793 0.039094 0.037500
0 0.572125 0.823828 0.031156 0.031914
0 0.444484 0.723037 0.036563 0.036738
0 0.824164 0.590879 0.034797 0.036992
0 0.558859 0.663916 0.035906 0.031504
0 0.678203 0.711582 0.034625 0.033945
0 0.964664 0.355771 0.042922 0.039043
0 0.840602 0.728232 0.033828 0.031777
0 0.822859 0.312012 0.038469 0.040508
0 0.419961 0.322959 0.039922 0.035918
0 0.693164 0.236475 0.042422 0.045293
0 0.257594 0.276182 0.043969 0.037988
0 0.141570 0.454629 0.042828 0.034531
0 0.137000 0.669902 0.036062 0.031719
0 0.005859 0.526699 0.011719 0.031680
0 0.323688 0.842529 0.039469 0.029395
0 0.049250 0.865225 0.035656 0.039004
0 0.977594 0.860693 0.032375 0.028926
0 0.696195 0.867480 0.037359 0.033516
0 0.827898 0.913037 0.035328 0.030879
0 0.437008 0.890127 0.035359 0.033691
0 0.104789 0.976455 0.034641 0.031816
0 0.562539 0.010986 0.033578 0.021777