0 0.558859 0.468320 0.035687 0.033281
0 0.286367 0.496807 0.041516 0.035840
0 0.455680 0.656006 0.029609 0.033770
0 0.419242 0.550723 0.035859 0.033164
0 0.043531 0.705625 0.030156 0.031875
0 0.195352 0.790312 0.034984 0.036094
0 0.803297 0.641738 0.032406 0.029102
0 0.976297 0.506768 0.032469 0.036699
0 0.684742 0.526133 0.034609 0.032812
0 0.325437 0.676768 0.039094 0.037910
0 0.570547 0.816523 0.031156 0.031914
0 0.442875 0.721367 0.036562 0.036719
0 0.808602 0.588516 0.033109 0.031445
0 0.553750 0.656221 0.035906 0.031504
0 0.995578 0.707314 0.008844 0.033535
0 0.669250 0.707373 0.034625 0.033965
0 0.941945 0.342148 0.042922 0.039023
0 0.832820 0.724922 0.033828 0.031797
0 0.804383 0.290430 0.038484 0.040508
0 0.416914 0.306211 0.039922 0.035937
0 0.676453 0.209131 0.042437 0.045293
0 0.260883 0.247441 0.043953 0.038008
0 0.148523 0.432998 0.043453 0.037480
0 0.143000 0.659043 0.036062 0.031719
0 0.009781 0.513340 0.019563 0.031680
0 0.327094 0.839287 0.039469 0.032090
0 0.061937 0.864883 0.037187 0.040547
0 0.961031 0.854736 0.034438 0.028926
0 0.692391 0.866582 0.038281 0.034297
0 0.817312 0.916113 0.035344 0.032734
0 0.437711 0.892861 0.035359 0.036504
0 0.120961 0.974238 0.034641 0.031797