0 0.756031 0.454131 0.039250 0.034355
0 0.276414 0.429863 0.037016 0.033555
0 0.077297 0.494932 0.036406 0.031738
0 0.288625 0.508867 0.025469 0.026523
0 0.174055 0.632920 0.035859 0.029980
0 0.075063 0.484844 0.028313 0.028633
0 0.071094 0.845244 0.035000 0.031699
0 0.166063 0.973213 0.032813 0.031738
0 0.485094 0.484014 0.028625 0.024316
0 0.659758 0.394160 0.032891 0.027539
0 0.558719 0.526299 0.034813 0.032324
0 0.373586 0.574316 0.034609 0.032813
0 0.829313 0.615771 0.037969 0.033457
0 0.638852 0.673105 0.036641 0.035508
0 0.157602 0.755273 0.032891 0.032578
0 0.341594 0.919639 0.031156 0.031934
0 0.229000 0.849248 0.036562 0.036738
0 0.457961 0.722520 0.034516 0.035039
0 0.298594 0.709424 0.035906 0.031504
0 0.701187 0.812246 0.034250 0.035547
0 0.592164 0.988115 0.035922 0.023770
0 0.782781 0.251064 0.032437 0.026816
0 0.365609 0.809346 0.034625 0.033965
0 0.471625 0.369023 0.039031 0.036016
0 0.526773 0.861230 0.033828 0.031797
0 0.687375 0.299023 0.039000 0.037148
0 0.382242 0.207832 0.038484 0.040508
0 0.608461 0.129521 0.036516 0.036309
0 0.172102 0.271475 0.039922 0.035918
0 0.291508 0.030088 0.035891 0.036660
0 0.073906 0.090039 0.043969 0.042773
0 0.768297 0.942061 0.035375 0.030449
0 0.818945 0.053926 0.043891 0.039375
0 0.851914 0.069736 0.034766 0.030254
0 0.886602 0.233945 0.040391 0.038320
0 0.889773 0.759150 0.037984 0.032051
0 0.955313 0.396367 0.039531 0.039023
0 0.944820 0.897275 0.034266 0.031816