0 0.754219 0.450205 0.039250 0.034785
0 0.275805 0.425186 0.037016 0.033574
0 0.077641 0.490811 0.036406 0.031738
0 0.290266 0.499004 0.025469 0.026523
0 0.174055 0.630352 0.035859 0.029687
0 0.079992 0.467803 0.028297 0.030254
0 0.074648 0.842949 0.034984 0.031680
0 0.167664 0.971934 0.032828 0.031758
0 0.485742 0.473721 0.028641 0.025371
0 0.658555 0.384561 0.033547 0.028105
0 0.557695 0.521602 0.034828 0.032344
0 0.372000 0.569668 0.034594 0.032813
0 0.824297 0.612773 0.037969 0.033438
0 0.636695 0.668857 0.036641 0.035488
0 0.160344 0.751562 0.032875 0.032578
0 0.342062 0.918750 0.031156 0.031914
0 0.232531 0.846104 0.036563 0.036738
0 0.455461 0.719385 0.034516 0.035020
0 0.298703 0.707002 0.035906 0.031504
0 0.700297 0.808965 0.036125 0.035547
0 0.590023 0.987275 0.035922 0.025449
0 0.781094 0.239639 0.033219 0.027598
0 0.363781 0.807666 0.034625 0.033965
0 0.469313 0.365098 0.039031 0.036016
0 0.526094 0.859092 0.033844 0.031777
0 0.681328 0.292744 0.039469 0.037715
0 0.378352 0.200840 0.038484 0.040508
0 0.602508 0.125469 0.036047 0.036172
0 0.174273 0.267930 0.039922 0.035937
0 0.283617 0.025967 0.035203 0.036035
0 0.071414 0.086768 0.043953 0.042793
0 0.768437 0.939932 0.035375 0.030449
0 0.809711 0.050020 0.043891 0.039375
0 0.848609 0.057910 0.034781 0.030234
0 0.879875 0.228672 0.040375 0.038906
0 0.887727 0.756445 0.037984 0.032070
0 0.953414 0.393564 0.039547 0.039004
0 0.945492 0.894268 0.034266 0.031816
0 0.995586 0.557734 0.008828 0.039219