0 0.786445 0.467920 0.039266 0.033145
0 0.276008 0.449561 0.037016 0.033574
0 0.076297 0.506475 0.036406 0.031738
0 0.286266 0.556240 0.025469 0.026543
0 0.174055 0.640117 0.035859 0.030781
0 0.061820 0.532266 0.028297 0.029219
0 0.054789 0.855635 0.034984 0.031699
0 0.161594 0.976807 0.032813 0.031738
0 0.490070 0.536367 0.028641 0.027656
0 0.675164 0.443594 0.034953 0.029336
0 0.561594 0.539463 0.034813 0.032324
0 0.378016 0.587344 0.034594 0.032813
0 0.843359 0.624150 0.037969 0.033457
0 0.644898 0.684980 0.036641 0.035508
0 0.149945 0.765645 0.032891 0.032578
0 0.340266 0.922129 0.031156 0.031914
0 0.219109 0.858018 0.036563 0.036738
0 0.464992 0.731299 0.034516 0.035020
0 0.298281 0.716211 0.035906 0.031523
0 0.708992 0.821426 0.039672 0.035547
0 0.598156 0.990459 0.035937 0.019082
0 0.795047 0.299395 0.034938 0.029258
0 0.370703 0.814063 0.034625 0.033945
0 0.490023 0.382871 0.039047 0.036016
0 0.528695 0.867217 0.033828 0.031777
0 0.707102 0.316572 0.037703 0.035566
0 0.397602 0.230195 0.038484 0.040508
0 0.634852 0.145771 0.037797 0.036738
0 0.178703 0.285986 0.039906 0.035918
0 0.310766 0.047266 0.037844 0.038320
0 0.077727 0.109766 0.043953 0.042773
0 0.778438 0.948057 0.035375 0.030449
0 0.872930 0.067207 0.043891 0.039375
0 0.871266 0.126162 0.034781 0.030254
0 0.908820 0.248691 0.040391 0.036719
0 0.895523 0.766729 0.037984 0.032051
0 0.980766 0.401211 0.039531 0.039023
0 0.960805 0.907734 0.034266 0.031797