0 0.505141 0.529307 0.034406 0.033574
0 0.287867 0.575000 0.041516 0.034297
0 0.485523 0.683486 0.028234 0.029434
0 0.390555 0.684121 0.035859 0.030859
0 0.210133 0.686787 0.030047 0.027754
0 0.251289 0.904678 0.034984 0.031699
0 0.355805 0.992852 0.032828 0.014297
0 0.731062 0.656934 0.030531 0.027656
0 0.943727 0.555742 0.034953 0.029336
0 0.828125 0.590195 0.034812 0.032344
0 0.610789 0.632285 0.034609 0.032813
0 0.923703 0.701523 0.040781 0.035508
0 0.348117 0.806563 0.039078 0.032578
0 0.561672 0.953994 0.031156 0.031934
0 0.433062 0.880137 0.036563 0.036719
0 0.709891 0.747773 0.035000 0.035039
0 0.520109 0.766836 0.035906 0.031523
0 0.951727 0.840010 0.037578 0.033535
0 0.603516 0.841240 0.034625 0.033965
0 0.766570 0.430049 0.042922 0.036035
0 0.775320 0.881299 0.033828 0.031777
0 0.663852 0.307559 0.038484 0.040508
0 0.970031 0.166641 0.039125 0.038945
0 0.399367 0.360479 0.039922 0.035918
0 0.562523 0.165420 0.042422 0.045293
0 0.281992 0.230713 0.043953 0.043223
0 0.180250 0.452813 0.044344 0.041641
0 0.180375 0.765674 0.042500 0.031738
0 0.051945 0.945937 0.035359 0.034961
0 0.072414 0.618301 0.038359 0.031680
0 0.051750 0.603682 0.035406 0.029316
0 0.047398 0.291572 0.047297 0.040684
0 0.016602 0.817393 0.033203 0.034355