0 0.494789 0.497559 0.034422 0.033555
0 0.288336 0.552324 0.041516 0.034297
0 0.492109 0.636855 0.026562 0.027695
0 0.385547 0.670283 0.035875 0.030840
0 0.242797 0.630850 0.030031 0.027754
0 0.265195 0.887598 0.034984 0.031680
0 0.362320 0.988271 0.032828 0.022949
0 0.715891 0.608213 0.030531 0.027676
0 0.918844 0.506543 0.034938 0.029336
0 0.800078 0.566201 0.034813 0.032324
0 0.595445 0.612676 0.034609 0.032812
0 0.893703 0.685410 0.040781 0.035508
0 0.356359 0.791543 0.039094 0.032578
0 0.560734 0.940742 0.031156 0.031914
0 0.435187 0.873066 0.036563 0.036719
0 0.695437 0.739062 0.036875 0.035039
0 0.512953 0.745928 0.035906 0.031504
0 0.939227 0.828525 0.039484 0.033535
0 0.851859 0.990469 0.035937 0.018281
0 0.595562 0.830791 0.034625 0.033965
0 0.729578 0.407090 0.042906 0.036016
0 0.764945 0.871289 0.033828 0.031797
0 0.970453 0.326523 0.038562 0.035430
0 0.636383 0.271826 0.038484 0.040527
0 0.905109 0.150664 0.041437 0.038945
0 0.395664 0.333135 0.039922 0.035918
0 0.537727 0.115205 0.042422 0.045293
0 0.285852 0.186074 0.043953 0.043242
0 0.185438 0.413799 0.044344 0.041660
0 0.185563 0.748594 0.042500 0.031719
0 0.080961 0.932344 0.035359 0.034961
0 0.086633 0.601289 0.038359 0.031680
0 0.076461 0.548369 0.035391 0.029316
0 0.062805 0.252734 0.047297 0.040664
0 0.020836 0.803467 0.040109 0.034355