0 0.527937 0.580801 0.034406 0.033555
0 0.286258 0.616387 0.041516 0.034297
0 0.469742 0.750869 0.029609 0.030879
0 0.403641 0.705654 0.035875 0.030840
0 0.138672 0.776807 0.030531 0.029707
0 0.224570 0.932539 0.034984 0.031680
0 0.759922 0.734297 0.030531 0.027656
0 0.982812 0.625742 0.024531 0.029336
0 0.889625 0.635068 0.036906 0.034512
0 0.644977 0.665566 0.034609 0.032813
0 0.979766 0.723877 0.028219 0.035488
0 0.336141 0.829336 0.039094 0.032578
0 0.564203 0.972305 0.031156 0.031914
0 0.434469 0.894385 0.036562 0.036738
0 0.754633 0.759180 0.034516 0.035039
0 0.534344 0.800000 0.035906 0.031523
0 0.972844 0.858506 0.036000 0.033535
0 0.633563 0.866689 0.034625 0.033965
0 0.847992 0.471904 0.042922 0.037520
0 0.798695 0.894375 0.033828 0.031797
0 0.723430 0.380801 0.038484 0.040508
0 0.406867 0.417783 0.039922 0.035918
0 0.611008 0.264912 0.042422 0.045293
0 0.273617 0.316865 0.043953 0.043223
0 0.169156 0.523477 0.044344 0.041641
0 0.169891 0.796621 0.042500 0.031719
0 0.011602 0.969375 0.023203 0.033047
0 0.039789 0.653184 0.038359 0.031680
0 0.011477 0.682617 0.022953 0.029336
0 0.018789 0.371055 0.037578 0.040664
0 0.009258 0.841943 0.018516 0.033066