0 0.512031 0.550479 0.034406 0.033574
0 0.287547 0.590117 0.041531 0.034297
0 0.478383 0.712852 0.029328 0.030586
0 0.395773 0.693350 0.035859 0.030840
0 0.181922 0.724639 0.030031 0.027754
0 0.242023 0.916064 0.034984 0.031699
0 0.741187 0.689414 0.030531 0.027656
0 0.960312 0.588535 0.034938 0.029336
0 0.850359 0.609687 0.034812 0.032344
0 0.623930 0.647148 0.034609 0.032813
0 0.949727 0.712266 0.040797 0.035508
0 0.342625 0.816582 0.039094 0.032578
0 0.562297 0.962832 0.031156 0.031914
0 0.431656 0.884854 0.036562 0.036738
0 0.725719 0.752754 0.034531 0.035039
0 0.524859 0.780771 0.035906 0.031504
0 0.960047 0.847666 0.036313 0.033535
0 0.616062 0.854785 0.034625 0.033945
0 0.801187 0.448594 0.042906 0.036016
0 0.782227 0.887979 0.033828 0.031777
0 0.686195 0.339805 0.038484 0.040508
0 0.402383 0.383525 0.039922 0.035918
0 0.580094 0.206533 0.042437 0.045293
0 0.278320 0.265957 0.043953 0.043242
0 0.176797 0.482227 0.044344 0.041641
0 0.176922 0.777061 0.042500 0.031738
0 0.032156 0.954766 0.035344 0.034961
0 0.061133 0.631338 0.038359 0.031660
0 0.033000 0.640361 0.035406 0.029316
0 0.036023 0.322266 0.047297 0.040664
0 0.014008 0.827109 0.028016 0.034336