0 0.510313 0.545186 0.034406 0.033574
0 0.287625 0.586348 0.041531 0.034297
0 0.480578 0.705762 0.029063 0.030313
0 0.394586 0.691045 0.035859 0.030840
0 0.189656 0.715088 0.030031 0.027754
0 0.244344 0.913223 0.035000 0.031680
0 0.738656 0.681299 0.030531 0.027676
0 0.956164 0.580332 0.034953 0.029336
0 0.844266 0.604287 0.034812 0.032324
0 0.620211 0.643164 0.034609 0.032813
0 0.942320 0.709580 0.040797 0.035488
0 0.344000 0.814072 0.039094 0.032559
0 0.562141 0.960615 0.031156 0.031934
0 0.432000 0.883662 0.036563 0.036738
0 0.720836 0.751641 0.034516 0.035039
0 0.523672 0.777295 0.035906 0.031504
0 0.957969 0.845752 0.036625 0.033535
0 0.611844 0.850410 0.034625 0.033945
0 0.791711 0.443467 0.042922 0.036035
0 0.780492 0.886309 0.033828 0.031797
0 0.680273 0.331035 0.038484 0.040508
0 0.995594 0.180410 0.008812 0.038945
0 0.401539 0.377041 0.039922 0.035918
0 0.575852 0.195596 0.042422 0.045293
0 0.279398 0.256318 0.043953 0.043223
0 0.177656 0.474883 0.044344 0.041641
0 0.177781 0.774219 0.042500 0.031719
0 0.037102 0.952559 0.035359 0.034961
0 0.063945 0.628076 0.038359 0.031660
0 0.037687 0.631191 0.035406 0.029336
0 0.039031 0.313867 0.047281 0.040664
0 0.014656 0.824678 0.029313 0.034355