0 0.556039 0.458662 0.035141 0.033418
0 0.286758 0.488125 0.041516 0.036523
0 0.458086 0.642393 0.029609 0.034512
0 0.416102 0.546357 0.035859 0.034160
0 0.057898 0.689980 0.030391 0.031875
0 0.200570 0.785039 0.034984 0.036094
0 0.795719 0.629248 0.031000 0.028027
0 0.963703 0.498135 0.035250 0.036699
0 0.678961 0.521201 0.034609 0.032832
0 0.326031 0.673145 0.039094 0.038164
0 0.569609 0.812139 0.031156 0.031934
0 0.441906 0.720361 0.036562 0.036738
0 0.800766 0.587656 0.033094 0.031445
0 0.550687 0.651611 0.035906 0.031504
0 0.992719 0.701748 0.014563 0.033535
0 0.663875 0.704844 0.034625 0.033945
0 0.928312 0.333965 0.042906 0.039023
0 0.828148 0.722930 0.033828 0.031797
0 0.793289 0.277480 0.038484 0.040508
0 0.415078 0.296162 0.039906 0.035918
0 0.666430 0.192725 0.042422 0.045293
0 0.262852 0.230195 0.043953 0.038008
0 0.152703 0.420010 0.043844 0.039277
0 0.146602 0.652539 0.036078 0.031719
0 0.012219 0.507617 0.024438 0.031680
0 0.329133 0.837344 0.039453 0.033711
0 0.069562 0.864688 0.038094 0.041484
0 0.951086 0.851162 0.035672 0.028926
0 0.690109 0.866035 0.038844 0.034766
0 0.810961 0.917959 0.035328 0.033848
0 0.438148 0.894502 0.035359 0.038184
0 0.130664 0.972910 0.034641 0.031797