0 0.781117 0.464941 0.039266 0.033320
0 0.276148 0.446494 0.037016 0.033574
0 0.076438 0.504814 0.036406 0.031738
0 0.286781 0.549668 0.025469 0.026523
0 0.174055 0.639092 0.035859 0.030684
0 0.063508 0.525605 0.028297 0.027305
0 0.057367 0.853994 0.034984 0.031699
0 0.162227 0.976299 0.032828 0.031738
0 0.487422 0.528496 0.028625 0.027656
0 0.672664 0.434297 0.034953 0.029336
0 0.561187 0.537588 0.034813 0.032324
0 0.377383 0.585469 0.034609 0.032813
0 0.841359 0.622949 0.037969 0.033438
0 0.644039 0.683281 0.036641 0.035508
0 0.151039 0.764160 0.032891 0.032578
0 0.340453 0.921777 0.031156 0.031914
0 0.220516 0.856768 0.036563 0.036738
0 0.463984 0.730039 0.034531 0.035039
0 0.298313 0.715244 0.035906 0.031504
0 0.707672 0.820098 0.038469 0.035547
0 0.597297 0.990127 0.035937 0.019746
0 0.793625 0.290703 0.034938 0.029258
0 0.369984 0.813379 0.034625 0.033945
0 0.485594 0.381094 0.039031 0.036016
0 0.528414 0.866357 0.033828 0.031777
0 0.703273 0.314063 0.037891 0.035781
0 0.393805 0.225996 0.038484 0.040508
0 0.629633 0.143213 0.037609 0.036660
0 0.176617 0.284697 0.039922 0.035918
0 0.309016 0.042793 0.037562 0.038086
0 0.077305 0.106533 0.043953 0.042793
0 0.776578 0.947197 0.035375 0.030449
0 0.863211 0.063965 0.043891 0.039375
0 0.866109 0.116836 0.034781 0.030234
0 0.904445 0.246582 0.040391 0.036953
0 0.894695 0.765645 0.037984 0.032070
0 0.975984 0.400586 0.039531 0.039023
0 0.956023 0.905518 0.034266 0.031816