0 0.502547 0.521377 0.034406 0.033574
0 0.287977 0.569336 0.041516 0.034297
0 0.487172 0.671826 0.027813 0.029004
0 0.388305 0.680664 0.035859 0.030859
0 0.219016 0.672803 0.030031 0.027754
0 0.254773 0.900410 0.034984 0.031680
0 0.358859 0.991904 0.032813 0.016191
0 0.727266 0.644756 0.030531 0.027676
0 0.937500 0.543438 0.034937 0.029336
0 0.821109 0.584189 0.034812 0.032324
0 0.606945 0.627383 0.034609 0.032813
0 0.916203 0.697500 0.040781 0.035508
0 0.350172 0.802812 0.039094 0.032578
0 0.561438 0.950684 0.031156 0.031914
0 0.433594 0.878369 0.036562 0.036738
0 0.706281 0.745596 0.035469 0.035020
0 0.518313 0.761611 0.035906 0.031504
0 0.948594 0.837139 0.038063 0.033535
0 0.601531 0.838633 0.034625 0.033945
0 0.755641 0.424316 0.042906 0.036016
0 0.772727 0.878799 0.033828 0.031777
0 0.995211 0.341084 0.009578 0.035449
0 0.656320 0.297227 0.038484 0.040508
0 0.952250 0.162031 0.041438 0.038945
0 0.398445 0.353643 0.039922 0.035918
0 0.555555 0.151650 0.042422 0.045293
0 0.282961 0.219551 0.043953 0.043242
0 0.181547 0.441777 0.044344 0.041641
0 0.181672 0.761406 0.042500 0.031719
0 0.059367 0.942617 0.035359 0.034961
0 0.076648 0.613408 0.038359 0.031660
0 0.058781 0.589922 0.035406 0.029336
0 0.051242 0.281865 0.047297 0.040684
0 0.017570 0.813750 0.035141 0.034336