0 0.542734 0.596416 0.034406 0.033574
0 0.286289 0.626289 0.041516 0.034297
0 0.463914 0.770029 0.029609 0.030879
0 0.407180 0.702305 0.035859 0.030859
0 0.103555 0.807539 0.030703 0.031875
0 0.213203 0.934375 0.035000 0.031680
0 0.774625 0.753164 0.030531 0.027656
0 0.922156 0.639355 0.039000 0.036680
0 0.662289 0.670586 0.034609 0.032813
0 0.329797 0.826240 0.039094 0.032559
0 0.566578 0.970928 0.031156 0.031934
0 0.435750 0.886250 0.036562 0.036719
0 0.772813 0.750996 0.033094 0.031445
0 0.542000 0.803174 0.035906 0.031504
0 0.982094 0.859307 0.035812 0.033535
0 0.648109 0.864785 0.034625 0.033945
0 0.882812 0.476748 0.042906 0.039043
0 0.812180 0.888115 0.033828 0.031777
0 0.753477 0.404395 0.038484 0.040508
0 0.406750 0.430635 0.039906 0.035918
0 0.633914 0.302139 0.042422 0.045293
0 0.268758 0.347158 0.043953 0.043223
0 0.162391 0.544805 0.044344 0.041641
0 0.161617 0.802832 0.036078 0.033477
0 0.020391 0.656113 0.034000 0.031680
0 0.008883 0.391729 0.017766 0.040684
0 0.518484 0.015635 0.035375 0.028105
0 0.150484 0.009746 0.038781 0.019492