0 0.520844 0.568291 0.034406 0.033574
0 0.286859 0.605137 0.041531 0.034297
0 0.472961 0.735400 0.029609 0.030879
0 0.400305 0.700654 0.035859 0.030840
0 0.156422 0.755498 0.030281 0.028730
0 0.232141 0.925723 0.035000 0.031680
0 0.751812 0.715918 0.030531 0.027656
0 0.973633 0.611230 0.029734 0.029336
0 0.873039 0.625088 0.035859 0.033418
0 0.636320 0.658359 0.034609 0.032813
0 0.968445 0.719414 0.034516 0.035508
0 0.338703 0.824209 0.039094 0.032559
0 0.563328 0.968672 0.031156 0.031914
0 0.432875 0.890205 0.036563 0.036738
0 0.743328 0.755059 0.034531 0.035039
0 0.530203 0.792139 0.035906 0.031504
0 0.967492 0.854053 0.035984 0.033535
0 0.626922 0.862930 0.034625 0.033945
0 0.829328 0.462803 0.042906 0.036777
0 0.791320 0.892012 0.033828 0.031797
0 0.707773 0.364687 0.038484 0.040508
0 0.405039 0.403887 0.039922 0.035938
0 0.597672 0.241191 0.042437 0.045273
0 0.275430 0.296230 0.043953 0.043242
0 0.172547 0.506533 0.044344 0.041660
0 0.172969 0.788262 0.042500 0.031719
0 0.019250 0.962793 0.030344 0.034961
0 0.049055 0.643887 0.038359 0.031680
0 0.019461 0.665527 0.029828 0.029336
0 0.025398 0.351016 0.042766 0.040664
0 0.011906 0.836084 0.023813 0.034355