0 0.531484 0.587061 0.034406 0.033574
0 0.285945 0.622002 0.041516 0.034277
0 0.468133 0.758604 0.029609 0.030879
0 0.405312 0.708154 0.035875 0.030840
0 0.129789 0.787461 0.030641 0.030195
0 0.220789 0.935937 0.034984 0.031680
0 0.763969 0.743496 0.030531 0.027656
0 0.987398 0.632988 0.021922 0.029336
0 0.897914 0.640068 0.037422 0.035059
0 0.649305 0.669180 0.034609 0.032812
0 0.985414 0.726113 0.025078 0.035508
0 0.334875 0.831895 0.039094 0.032578
0 0.564641 0.974121 0.031156 0.031914
0 0.435250 0.896475 0.036562 0.036738
0 0.759586 0.762715 0.034516 0.035039
0 0.536422 0.803936 0.035906 0.031504
0 0.975523 0.860742 0.035984 0.033555
0 0.636891 0.868574 0.034625 0.033945
0 0.857328 0.476455 0.042906 0.037910
0 0.802383 0.895557 0.033828 0.031777
0 0.731258 0.388867 0.038484 0.040508
0 0.407781 0.424717 0.039906 0.035918
0 0.617680 0.276768 0.042422 0.045293
0 0.272727 0.327187 0.043953 0.043242
0 0.167469 0.531953 0.044344 0.041641
0 0.168344 0.800791 0.042500 0.031738
0 0.008242 0.973809 0.016484 0.029180
0 0.035164 0.657822 0.038359 0.031660
0 0.008773 0.692793 0.017547 0.029336
0 0.017008 0.380596 0.034016 0.040684
0 0.006148 0.843838 0.012297 0.030488