0 0.540344 0.602705 0.034406 0.033574
0 0.285187 0.636055 0.041531 0.034297
0 0.464102 0.777959 0.029609 0.030879
0 0.409492 0.714404 0.035859 0.030840
0 0.107320 0.812686 0.030703 0.031582
0 0.211328 0.944453 0.035000 0.031680
0 0.774109 0.766465 0.030531 0.027656
0 0.995828 0.651445 0.008344 0.029336
0 0.918641 0.652568 0.038719 0.036426
0 0.660133 0.678203 0.034609 0.032813
0 0.996836 0.729785 0.006328 0.035508
0 0.331688 0.838311 0.039094 0.032559
0 0.565734 0.978662 0.031156 0.031934
0 0.437234 0.901689 0.036562 0.036738
0 0.770086 0.758164 0.033109 0.031445
0 0.541594 0.813779 0.035906 0.031504
0 0.980547 0.871064 0.036000 0.033535
0 0.645187 0.873271 0.034625 0.033965
0 0.880656 0.487822 0.042906 0.038848
0 0.811586 0.898516 0.033828 0.031797
0 0.750820 0.409004 0.038484 0.040508
0 0.410062 0.442080 0.039906 0.035918
0 0.634352 0.306416 0.042422 0.045293
0 0.270461 0.352988 0.043953 0.043242
0 0.163234 0.553135 0.044344 0.041660
0 0.162594 0.813184 0.036062 0.031719
0 0.023148 0.668682 0.036172 0.031660
0 0.010820 0.399785 0.021641 0.040664
0 0.002141 0.851904 0.004281 0.019043
0 0.516711 0.019707 0.035359 0.033125
0 0.152250 0.014160 0.038781 0.028320