0 0.754938 0.451777 0.039250 0.034609
0 0.276039 0.427061 0.037016 0.033574
0 0.077500 0.492451 0.036406 0.031738
0 0.289609 0.502949 0.025469 0.026523
0 0.174055 0.631377 0.035859 0.029785
0 0.078023 0.474619 0.028297 0.029590
0 0.073227 0.843867 0.034984 0.031680
0 0.167023 0.972451 0.032828 0.031738
0 0.485484 0.477842 0.028625 0.024941
0 0.659031 0.388408 0.033281 0.027871
0 0.558109 0.523477 0.034812 0.032344
0 0.372633 0.571523 0.034609 0.032812
0 0.826313 0.613975 0.037969 0.033457
0 0.637555 0.670557 0.036641 0.035488
0 0.159250 0.753047 0.032875 0.032578
0 0.341875 0.919102 0.031156 0.031914
0 0.231125 0.847354 0.036563 0.036738
0 0.456461 0.720635 0.034516 0.035020
0 0.298656 0.707979 0.035906 0.031504
0 0.700656 0.810273 0.035375 0.035547
0 0.590875 0.987607 0.035937 0.024785
0 0.781766 0.244209 0.032906 0.027285
0 0.364516 0.808340 0.034625 0.033945
0 0.470234 0.366670 0.039031 0.036035
0 0.526367 0.859941 0.033828 0.031797
0 0.683750 0.295254 0.039281 0.037500
0 0.379914 0.203633 0.038484 0.040508
0 0.604883 0.127090 0.036234 0.036211
0 0.173398 0.269346 0.039922 0.035918
0 0.286766 0.027617 0.035469 0.036289
0 0.072414 0.088076 0.043953 0.042793
0 0.768383 0.940791 0.035391 0.030449
0 0.813414 0.051582 0.043891 0.039375
0 0.849938 0.062637 0.034781 0.030234
0 0.882570 0.230781 0.040391 0.038672
0 0.888539 0.757520 0.037984 0.032070
0 0.954172 0.394687 0.039531 0.039023
0 0.945227 0.895469 0.034266 0.031797
0 0.997180 0.559502 0.005641 0.039238