0 0.554164 0.452217 0.034766 0.033496
0 0.287023 0.482344 0.041516 0.036953
0 0.459680 0.633311 0.029609 0.035020
0 0.414023 0.543457 0.035859 0.034844
0 0.067477 0.679551 0.030547 0.031875
0 0.204047 0.781514 0.035000 0.036113
0 0.791156 0.619004 0.030531 0.027656
0 0.955313 0.492373 0.037125 0.036699
0 0.675102 0.517910 0.034609 0.032813
0 0.326422 0.670742 0.039094 0.038320
0 0.568969 0.809219 0.031156 0.031914
0 0.441266 0.719697 0.036563 0.036738
0 0.795477 0.586172 0.033109 0.031445
0 0.548641 0.648545 0.035906 0.031504
0 0.990352 0.697061 0.019297 0.033535
0 0.660297 0.703164 0.034625 0.033945
0 0.919227 0.328516 0.042922 0.039023
0 0.825039 0.721611 0.033828 0.031777
0 0.785898 0.268848 0.038484 0.040508
0 0.413859 0.289463 0.039906 0.035918
0 0.659742 0.181777 0.042422 0.045273
0 0.264164 0.218691 0.043953 0.038008
0 0.155484 0.411367 0.044094 0.040469
0 0.149000 0.648184 0.036063 0.031719
0 0.013852 0.503799 0.027703 0.031660
0 0.330492 0.836045 0.039453 0.034785
0 0.074633 0.864551 0.038703 0.042070
0 0.944469 0.848760 0.036500 0.028926
0 0.688586 0.865664 0.039203 0.035078
0 0.806727 0.919189 0.035328 0.034590
0 0.438430 0.895596 0.035359 0.039316
0 0.137133 0.972021 0.034641 0.031816