0 0.796102 0.469307 0.039266 0.033066
0 0.281977 0.455518 0.037016 0.033574
0 0.077016 0.509756 0.036406 0.031738
0 0.290297 0.568594 0.025469 0.026523
0 0.177039 0.646416 0.035859 0.030840
0 0.061289 0.545420 0.028297 0.030176
0 0.057352 0.859395 0.034984 0.031680
0 0.159547 0.978535 0.032813 0.031758
0 0.497133 0.546992 0.028641 0.027656
0 0.687711 0.454805 0.034953 0.029336
0 0.569016 0.543135 0.034813 0.032324
0 0.385117 0.588965 0.034609 0.032813
0 0.850922 0.623516 0.037969 0.033438
0 0.654055 0.683184 0.036641 0.035508
0 0.151289 0.767373 0.032891 0.032559
0 0.343281 0.923721 0.031156 0.031934
0 0.217977 0.859355 0.036578 0.036719
0 0.469586 0.733340 0.034516 0.035039
0 0.301641 0.720225 0.035906 0.031504
0 0.715070 0.824434 0.037422 0.035547
0 0.608953 0.990625 0.035937 0.018750
0 0.809891 0.310137 0.034938 0.029258
0 0.374891 0.815098 0.034625 0.033945
0 0.500328 0.387285 0.039031 0.036016
0 0.538961 0.868232 0.033828 0.031777
0 0.718430 0.319785 0.037609 0.035430
0 0.408461 0.236426 0.038484 0.040508
0 0.645203 0.148799 0.040250 0.038223
0 0.182570 0.289863 0.039922 0.035938
0 0.319883 0.056572 0.037984 0.038457
0 0.083867 0.116211 0.043953 0.042773
0 0.784563 0.948486 0.035375 0.030449
0 0.895617 0.069619 0.043891 0.039395
0 0.883664 0.136914 0.034766 0.030234
0 0.917844 0.253184 0.040375 0.036602
0 0.903539 0.766865 0.037984 0.032051
0 0.995781 0.399180 0.026469 0.039023
0 0.978242 0.908838 0.030391 0.031816