0 0.492203 0.489619 0.034406 0.033574
0 0.288445 0.546660 0.041516 0.034297
0 0.493750 0.625205 0.026156 0.027246
0 0.386289 0.666816 0.035859 0.030859
0 0.249531 0.616865 0.030031 0.027754
0 0.268664 0.883330 0.034984 0.031699
0 0.365984 0.987148 0.032813 0.024492
0 0.712094 0.596035 0.030531 0.027656
0 0.912617 0.494238 0.034953 0.029336
0 0.793078 0.560205 0.034813 0.032324
0 0.591602 0.607773 0.034609 0.032813
0 0.886203 0.681377 0.040781 0.035488
0 0.358422 0.787793 0.039094 0.032578
0 0.560484 0.937432 0.031156 0.031934
0 0.435719 0.871299 0.036562 0.036738
0 0.691828 0.736895 0.037344 0.035039
0 0.511172 0.740693 0.035906 0.031504
0 0.936102 0.825654 0.039953 0.033535
0 0.846672 0.989795 0.035937 0.018457
0 0.593562 0.828184 0.034625 0.033945
0 0.723687 0.401357 0.042906 0.036035
0 0.762352 0.868789 0.033828 0.031797
0 0.959633 0.321650 0.039641 0.035449
0 0.630180 0.264297 0.038484 0.040508
0 0.893000 0.147900 0.041437 0.038926
0 0.394742 0.326299 0.039922 0.035918
0 0.532305 0.103857 0.042422 0.045293
0 0.286820 0.174912 0.043953 0.043223
0 0.186734 0.406602 0.044344 0.041641
0 0.186859 0.744316 0.042500 0.031719
0 0.087367 0.928535 0.035359 0.034961
0 0.088820 0.598320 0.038359 0.031680
0 0.080937 0.534395 0.035406 0.029336
0 0.066648 0.243027 0.047297 0.040664
0 0.022352 0.800791 0.040766 0.034355