0 0.503406 0.524023 0.034406 0.033555
0 0.287945 0.571221 0.041516 0.034277
0 0.486617 0.675703 0.027953 0.029141
0 0.389055 0.681816 0.035859 0.030859
0 0.216055 0.677471 0.030047 0.027754
0 0.253609 0.901836 0.035000 0.031680
0 0.357836 0.992217 0.032828 0.015566
0 0.728531 0.648809 0.030531 0.027656
0 0.939578 0.547539 0.034938 0.029336
0 0.823453 0.586191 0.034812 0.032344
0 0.608227 0.629004 0.034609 0.032813
0 0.918703 0.698838 0.040781 0.035488
0 0.349492 0.804062 0.039078 0.032578
0 0.561516 0.951787 0.031156 0.031934
0 0.433422 0.878955 0.036562 0.036738
0 0.707484 0.746328 0.035312 0.035039
0 0.518906 0.763350 0.035906 0.031504
0 0.949641 0.838096 0.037906 0.033535
0 0.602187 0.839492 0.034625 0.033945
0 0.759281 0.426230 0.042906 0.036016
0 0.773586 0.879639 0.033828 0.031777
0 0.995211 0.341084 0.009578 0.035449
0 0.658836 0.300674 0.038484 0.040527
0 0.958469 0.164512 0.041437 0.038945
0 0.398750 0.355928 0.039906 0.035918
0 0.557875 0.156240 0.042438 0.045293
0 0.282633 0.223271 0.043953 0.043223
0 0.181109 0.445459 0.044344 0.041660
0 0.181234 0.762832 0.042500 0.031719
0 0.056898 0.943730 0.035359 0.034961
0 0.075242 0.615039 0.038359 0.031680
0 0.056438 0.594512 0.035406 0.029336
0 0.049961 0.285098 0.047297 0.040664
0 0.017242 0.814961 0.034484 0.034336