0 0.559789 0.471543 0.035859 0.033242
0 0.286234 0.499707 0.041531 0.035625
0 0.454875 0.660537 0.029625 0.033535
0 0.420289 0.552168 0.035859 0.032813
0 0.038734 0.710840 0.030094 0.031875
0 0.193617 0.792070 0.034984 0.036094
0 0.805820 0.645898 0.032891 0.029453
0 0.978305 0.508252 0.031453 0.036699
0 0.686664 0.527773 0.034609 0.032813
0 0.325242 0.677969 0.039078 0.037813
0 0.570859 0.817988 0.031156 0.031914
0 0.443203 0.721709 0.036563 0.036738
0 0.811672 0.589082 0.033094 0.031445
0 0.554766 0.657764 0.035906 0.031504
0 0.995992 0.707314 0.008016 0.033535
0 0.671047 0.708213 0.034625 0.033965
0 0.946492 0.344873 0.042922 0.039043
0 0.834383 0.725586 0.033828 0.031797
0 0.808070 0.294746 0.038484 0.040508
0 0.417523 0.309561 0.039922 0.035918
0 0.679797 0.214600 0.042437 0.045293
0 0.260227 0.253184 0.043953 0.038008
0 0.147133 0.437324 0.043328 0.036914
0 0.141797 0.661211 0.036063 0.031719
0 0.008961 0.515254 0.017922 0.031680
0 0.326406 0.839932 0.039469 0.031543
0 0.059406 0.864961 0.036875 0.040234
0 0.964344 0.855928 0.034031 0.028926
0 0.693148 0.866758 0.038109 0.034141
0 0.819430 0.915498 0.035328 0.032363
0 0.437570 0.892324 0.035359 0.035937
0 0.117727 0.974678 0.034641 0.031816