0 0.555102 0.455439 0.034953 0.033457
0 0.286883 0.485244 0.041516 0.036738
0 0.458883 0.637852 0.029609 0.034766
0 0.415063 0.544912 0.035875 0.034512
0 0.062687 0.684766 0.030469 0.031875
0 0.202305 0.783281 0.034984 0.036094
0 0.793187 0.625098 0.030531 0.027656
0 0.959508 0.495254 0.036203 0.036680
0 0.677031 0.519551 0.034594 0.032813
0 0.326219 0.671943 0.039094 0.038223
0 0.569281 0.810684 0.031156 0.031914
0 0.441594 0.720029 0.036562 0.036738
0 0.798117 0.586914 0.033109 0.031445
0 0.549656 0.650088 0.035906 0.031504
0 0.991766 0.699893 0.016469 0.033535
0 0.662078 0.704004 0.034625 0.033945
0 0.923773 0.331240 0.042922 0.039043
0 0.826586 0.722266 0.033828 0.031797
0 0.789602 0.273164 0.038484 0.040508
0 0.414469 0.292822 0.039906 0.035918
0 0.663086 0.187256 0.042422 0.045293
0 0.263508 0.224443 0.043953 0.037988
0 0.154094 0.415693 0.043969 0.039863
0 0.147797 0.650361 0.036062 0.031738
0 0.013039 0.505703 0.026078 0.031680
0 0.329812 0.836689 0.039469 0.034238
0 0.072094 0.864619 0.038406 0.041777
0 0.947773 0.849971 0.036078 0.028926
0 0.689352 0.865859 0.039016 0.034922
0 0.808844 0.918574 0.035344 0.034219
0 0.438289 0.895059 0.035359 0.038750
0 0.133898 0.972461 0.034641 0.031797