0 0.508594 0.539893 0.034406 0.033574
0 0.287711 0.582559 0.041516 0.034297
0 0.482781 0.698682 0.028781 0.030020
0 0.393391 0.688740 0.035875 0.030840
0 0.197391 0.705537 0.030031 0.027754
0 0.246664 0.910371 0.034984 0.031680
0 0.736125 0.673184 0.030531 0.027656
0 0.952016 0.572129 0.034938 0.029336
0 0.838180 0.598887 0.034828 0.032344
0 0.616484 0.639180 0.034594 0.032813
0 0.934906 0.706895 0.040781 0.035508
0 0.345375 0.811572 0.039094 0.032559
0 0.561984 0.958408 0.031156 0.031934
0 0.432359 0.882490 0.036563 0.036738
0 0.715945 0.750508 0.034516 0.035039
0 0.522484 0.773799 0.035906 0.031504
0 0.955891 0.843838 0.036937 0.033535
0 0.607617 0.846035 0.034609 0.033945
0 0.782234 0.438350 0.042906 0.036035
0 0.778773 0.884639 0.033828 0.031777
0 0.674352 0.322275 0.038484 0.040527
0 0.987820 0.172988 0.024359 0.038945
0 0.400711 0.370557 0.039922 0.035918
0 0.571617 0.184658 0.042422 0.045293
0 0.280477 0.246689 0.043953 0.043223
0 0.178523 0.467520 0.044328 0.041641
0 0.178641 0.771367 0.042500 0.031719
0 0.042055 0.950352 0.035359 0.034961
0 0.066773 0.624814 0.038359 0.031660
0 0.042375 0.622021 0.035406 0.029316
0 0.042039 0.305479 0.047297 0.040684
0 0.015305 0.822256 0.030609 0.034355