0 0.519078 0.565156 0.034406 0.033555
0 0.287008 0.602324 0.041516 0.034297
0 0.473773 0.731533 0.029609 0.030879
0 0.399461 0.699404 0.035859 0.030840
0 0.160859 0.750176 0.030219 0.028477
0 0.234031 0.924023 0.035000 0.031680
0 0.749797 0.711328 0.030531 0.027656
0 0.971344 0.607617 0.031031 0.029336
0 0.868891 0.622588 0.035594 0.033145
0 0.634148 0.656553 0.034609 0.032832
0 0.965617 0.718301 0.036078 0.035508
0 0.339328 0.822930 0.039094 0.032578
0 0.563109 0.967764 0.031156 0.031934
0 0.432484 0.889160 0.036563 0.036719
0 0.740148 0.754766 0.034516 0.035039
0 0.529156 0.790166 0.035906 0.031504
0 0.966156 0.852939 0.036000 0.033535
0 0.625266 0.861992 0.034625 0.033945
0 0.824656 0.460537 0.042906 0.036582
0 0.789477 0.891426 0.033828 0.031797
0 0.703867 0.360654 0.038484 0.040527
0 0.404586 0.400420 0.039922 0.035918
0 0.594336 0.235264 0.042422 0.045293
0 0.275883 0.291064 0.043953 0.043223
0 0.173391 0.502295 0.044344 0.041660
0 0.173750 0.786172 0.042500 0.031719
0 0.021242 0.961348 0.031578 0.034961
0 0.051367 0.641563 0.038359 0.031680
0 0.021680 0.661533 0.031234 0.029316
0 0.027305 0.345928 0.043891 0.040684
0 0.012266 0.834443 0.024531 0.034355