0 0.501687 0.518730 0.034406 0.033555
0 0.288023 0.567441 0.041516 0.034297
0 0.487719 0.667939 0.027688 0.028848
0 0.387555 0.679502 0.035859 0.030840
0 0.221969 0.668135 0.030031 0.027754
0 0.255930 0.898984 0.034984 0.031680
0 0.359875 0.991582 0.032813 0.016836
0 0.726008 0.640693 0.030516 0.027676
0 0.935430 0.539336 0.034953 0.029336
0 0.818781 0.582197 0.034812 0.032324
0 0.605664 0.625742 0.034609 0.032812
0 0.913703 0.696152 0.040781 0.035508
0 0.350859 0.801562 0.039094 0.032578
0 0.561359 0.949580 0.031156 0.031934
0 0.433766 0.877783 0.036562 0.036738
0 0.705070 0.744873 0.035609 0.035020
0 0.517719 0.759873 0.035906 0.031504
0 0.947563 0.836182 0.038219 0.033535
0 0.600859 0.837754 0.034625 0.033945
0 0.752000 0.422402 0.042906 0.036016
0 0.771852 0.877969 0.033828 0.031797
0 0.992031 0.339492 0.015938 0.035430
0 0.653805 0.293789 0.038484 0.040508
0 0.946031 0.159570 0.041437 0.038945
0 0.398133 0.351367 0.039922 0.035938
0 0.553227 0.147070 0.042422 0.045273
0 0.283273 0.215830 0.043953 0.043223
0 0.181984 0.438105 0.044344 0.041641
0 0.182109 0.759980 0.042500 0.031719
0 0.061844 0.941523 0.035344 0.034961
0 0.078070 0.611777 0.038359 0.031680
0 0.061125 0.585332 0.035406 0.029336
0 0.052531 0.278633 0.047281 0.040664
0 0.017891 0.812529 0.035781 0.034355