0 0.759781 0.457266 0.039250 0.034023
0 0.276711 0.434209 0.037016 0.033574
0 0.077016 0.498232 0.036406 0.031738
0 0.287594 0.518828 0.025469 0.026523
0 0.174055 0.634980 0.035859 0.030195
0 0.071117 0.498486 0.028297 0.027324
0 0.067672 0.847441 0.035000 0.031680
0 0.164789 0.974248 0.032828 0.031738
0 0.484734 0.494385 0.028625 0.023496
0 0.661852 0.403516 0.032859 0.027500
0 0.559547 0.530059 0.034812 0.032344
0 0.374852 0.578027 0.034609 0.032813
0 0.833328 0.618164 0.037969 0.033438
0 0.640586 0.676494 0.036641 0.035488
0 0.155414 0.758242 0.032891 0.032578
0 0.341203 0.920352 0.031156 0.031914
0 0.226172 0.851748 0.036562 0.036738
0 0.459977 0.725020 0.034516 0.035039
0 0.298500 0.711357 0.035906 0.031504
0 0.702375 0.814863 0.033719 0.035547
0 0.593875 0.988779 0.035937 0.022441
0 0.785000 0.261357 0.032406 0.026777
0 0.367063 0.810693 0.034625 0.033965
0 0.474180 0.372520 0.039047 0.036016
0 0.527320 0.862939 0.033828 0.031777
0 0.692203 0.304033 0.038625 0.036699
0 0.385336 0.213418 0.038484 0.040508
0 0.613813 0.133193 0.036875 0.036426
0 0.171336 0.275010 0.039922 0.035918
0 0.297812 0.033379 0.036437 0.037109
0 0.075617 0.093613 0.043953 0.042773
0 0.769133 0.943779 0.035391 0.030449
0 0.828617 0.056904 0.043891 0.039395
0 0.854906 0.081211 0.034781 0.030234
0 0.891992 0.238154 0.040391 0.037871
0 0.891414 0.761318 0.037984 0.032051
0 0.958562 0.398340 0.039531 0.039023
0 0.945398 0.899687 0.034266 0.031797