0 0.809148 0.467939 0.039266 0.033066
0 0.292430 0.457725 0.037016 0.033574
0 0.088016 0.510977 0.036406 0.031758
0 0.298797 0.573145 0.025469 0.026523
0 0.187023 0.647998 0.035859 0.030840
0 0.070992 0.550332 0.028297 0.030195
0 0.068813 0.860869 0.035000 0.031699
0 0.172469 0.979268 0.032813 0.031738
0 0.505305 0.549004 0.028641 0.027656
0 0.696539 0.458066 0.034953 0.029336
0 0.578984 0.544492 0.034812 0.032344
0 0.388508 0.589316 0.034609 0.032813
0 0.860563 0.622910 0.037969 0.033438
0 0.663711 0.685830 0.036641 0.035488
0 0.161773 0.767861 0.032891 0.032559
0 0.355437 0.924424 0.031156 0.031934
0 0.229422 0.859707 0.036563 0.036719
0 0.483305 0.734043 0.034516 0.035039
0 0.311828 0.722002 0.035906 0.031504
0 0.727313 0.825605 0.036000 0.035547
0 0.620492 0.990625 0.035922 0.018750
0 0.816961 0.313320 0.034922 0.029258
0 0.382094 0.815449 0.034625 0.033945
0 0.512859 0.390371 0.039031 0.036016
0 0.547211 0.868525 0.033828 0.031777
0 0.728445 0.320771 0.037609 0.035449
0 0.419289 0.238477 0.038484 0.040508
0 0.657563 0.149668 0.041438 0.038945
0 0.192469 0.292803 0.039906 0.035918
0 0.329305 0.060107 0.037984 0.038457
0 0.097023 0.120215 0.043953 0.042773
0 0.797750 0.948486 0.035375 0.030449
0 0.908570 0.068877 0.043891 0.039395
0 0.893875 0.142607 0.034781 0.030254
0 0.933984 0.254902 0.040375 0.036602
0 0.919000 0.766660 0.038000 0.032070
0 1.000000 0.398008 0.019937 0.039023
0 0.985773 0.908838 0.028453 0.031816
0 0.005523 0.366113 0.011047 0.035000