0 0.489602 0.481699 0.034422 0.033555
0 0.288602 0.539102 0.041516 0.034297
0 0.495953 0.609668 0.025594 0.026680
0 0.387289 0.662207 0.035859 0.030859
0 0.258523 0.598232 0.030047 0.027754
0 0.273305 0.877637 0.034984 0.031680
0 0.370867 0.985615 0.032828 0.026543
0 0.707883 0.578193 0.030516 0.027676
0 0.907727 0.477852 0.034953 0.029336
0 0.785953 0.549980 0.034812 0.032344
0 0.590055 0.600684 0.034609 0.032813
0 0.878344 0.676006 0.040781 0.035488
0 0.361172 0.782783 0.039094 0.032559
0 0.560172 0.933008 0.031156 0.031914
0 0.436422 0.868945 0.036562 0.036719
0 0.688367 0.733984 0.035266 0.035039
0 0.512469 0.733721 0.035906 0.031504
0 0.933719 0.821826 0.037031 0.033535
0 0.839750 0.988896 0.035937 0.018691
0 0.590906 0.824697 0.034625 0.033965
0 0.717812 0.394824 0.042906 0.036016
0 0.758898 0.865449 0.033828 0.031797
0 0.945211 0.315146 0.041109 0.035449
0 0.623961 0.252920 0.038484 0.040527
0 0.876844 0.144219 0.041438 0.038945
0 0.393508 0.317178 0.039922 0.035918
0 0.525070 0.088721 0.042422 0.045293
0 0.288102 0.160029 0.043953 0.043223
0 0.188453 0.397012 0.044344 0.041641
0 0.188578 0.738633 0.042500 0.031719
0 0.095922 0.923438 0.035344 0.034961
0 0.091742 0.594355 0.038359 0.031680
0 0.086906 0.515771 0.035406 0.029316
0 0.071789 0.230078 0.047297 0.040664
0 0.024352 0.797236 0.041641 0.034355