0 0.552281 0.445771 0.034406 0.033574
0 0.284977 0.477148 0.041516 0.037187
0 0.458344 0.628760 0.029625 0.033496
0 0.412992 0.542393 0.035859 0.035176
0 0.077055 0.669121 0.030703 0.031875
0 0.206070 0.777813 0.034984 0.036094
0 0.787078 0.606836 0.030531 0.027656
0 0.946914 0.486621 0.038984 0.036680
0 0.671250 0.514629 0.034594 0.032812
0 0.326891 0.670234 0.039094 0.038398
0 0.568344 0.806299 0.031156 0.031934
0 0.441672 0.718867 0.036562 0.036719
0 0.790195 0.584678 0.033109 0.031426
0 0.546594 0.645479 0.035906 0.031504
0 0.987523 0.691396 0.024953 0.033535
0 0.656703 0.701484 0.034625 0.033945
0 0.910141 0.323057 0.042906 0.039043
0 0.821914 0.720283 0.033828 0.031777
0 0.778508 0.260215 0.038484 0.040508
0 0.412641 0.282773 0.039906 0.035937
0 0.653055 0.170840 0.042422 0.045273
0 0.264828 0.210332 0.043969 0.043242
0 0.158266 0.402715 0.044344 0.041641
0 0.151406 0.643848 0.036062 0.031719
0 0.015477 0.499980 0.030953 0.031680
0 0.333016 0.833457 0.039469 0.035312
0 0.079711 0.864414 0.039328 0.042695
0 0.937836 0.846377 0.037328 0.028926
0 0.687070 0.865313 0.039578 0.035391
0 0.802492 0.920420 0.035328 0.035332
0 0.436688 0.897451 0.037688 0.039863
0 0.143602 0.971133 0.034641 0.031797