0 0.512898 0.553125 0.034422 0.033555
0 0.287508 0.592012 0.041516 0.034297
0 0.477289 0.716387 0.029484 0.030742
0 0.396367 0.694502 0.035859 0.030840
0 0.178047 0.729424 0.030031 0.027754
0 0.240867 0.917490 0.034984 0.031699
0 0.742453 0.693477 0.030531 0.027656
0 0.962391 0.592637 0.034938 0.029336
0 0.853406 0.612393 0.034813 0.032324
0 0.625805 0.649141 0.034609 0.032813
0 0.953430 0.713613 0.040797 0.035508
0 0.341938 0.817832 0.039094 0.032578
0 0.562375 0.963936 0.031156 0.031934
0 0.431469 0.885439 0.036562 0.036738
0 0.728164 0.753320 0.034516 0.035039
0 0.525453 0.782510 0.035906 0.031504
0 0.961094 0.848623 0.036156 0.033535
0 0.618172 0.856973 0.034625 0.033945
0 0.805922 0.451152 0.042906 0.036016
0 0.783086 0.888818 0.033828 0.031777
0 0.689164 0.344180 0.038484 0.040508
0 0.402797 0.386758 0.039906 0.035938
0 0.582211 0.212002 0.042422 0.045293
0 0.277773 0.270771 0.043953 0.043223
0 0.176359 0.485908 0.044344 0.041660
0 0.176484 0.778486 0.042500 0.031738
0 0.029680 0.955879 0.035359 0.034961
0 0.059711 0.632969 0.038359 0.031680
0 0.030656 0.644951 0.035406 0.029316
0 0.034523 0.326465 0.047297 0.040664
0 0.013680 0.828330 0.027359 0.034355