0 0.765117 0.458828 0.039266 0.033828
0 0.276570 0.437275 0.037016 0.033574
0 0.076859 0.499873 0.036406 0.031738
0 0.287484 0.526914 0.025469 0.026523
0 0.174055 0.636006 0.035859 0.030332
0 0.069133 0.505303 0.028297 0.026699
0 0.065094 0.849072 0.035000 0.031699
0 0.164148 0.974756 0.032828 0.031738
0 0.484789 0.502764 0.028641 0.023066
0 0.664625 0.410674 0.033563 0.028105
0 0.559953 0.531943 0.034812 0.032324
0 0.375477 0.579902 0.034609 0.032813
0 0.835344 0.619355 0.037969 0.033438
0 0.641445 0.678193 0.036641 0.035488
0 0.154320 0.759717 0.032891 0.032559
0 0.341016 0.920703 0.031156 0.031914
0 0.224766 0.852998 0.036563 0.036738
0 0.460977 0.726279 0.034516 0.035020
0 0.298453 0.712334 0.035906 0.031504
0 0.703703 0.816172 0.034906 0.035547
0 0.594734 0.989121 0.035937 0.021758
0 0.787398 0.268232 0.033234 0.027598
0 0.367797 0.811367 0.034625 0.033945
0 0.476508 0.374785 0.039047 0.036016
0 0.527602 0.863789 0.033828 0.031797
0 0.694625 0.306533 0.038438 0.036465
0 0.386898 0.216211 0.038484 0.040508
0 0.617344 0.135684 0.037062 0.036484
0 0.172406 0.277803 0.039906 0.035918
0 0.300969 0.035029 0.036719 0.037363
0 0.076039 0.096846 0.043953 0.042793
0 0.771000 0.944639 0.035375 0.030449
0 0.836914 0.058174 0.043891 0.039395
0 0.856922 0.089980 0.034781 0.030234
0 0.894680 0.240264 0.040391 0.037637
0 0.892234 0.762402 0.038000 0.032070
0 0.962781 0.398887 0.039531 0.039023
0 0.947352 0.900889 0.034266 0.031816