0 0.493063 0.492275 0.034406 0.033574
0 0.288414 0.548545 0.041516 0.034277
0 0.493211 0.629092 0.026297 0.027402
0 0.386039 0.667969 0.035859 0.030859
0 0.247289 0.621533 0.030047 0.027754
0 0.267508 0.884756 0.034984 0.031699
0 0.364758 0.987520 0.032828 0.023984
0 0.713359 0.600088 0.030531 0.027676
0 0.914695 0.498340 0.034953 0.029336
0 0.795406 0.562197 0.034813 0.032324
0 0.592883 0.609414 0.034609 0.032813
0 0.888703 0.682725 0.040781 0.035488
0 0.357734 0.789043 0.039094 0.032578
0 0.560562 0.938535 0.031156 0.031914
0 0.435531 0.871885 0.036562 0.036738
0 0.693031 0.737617 0.037188 0.035039
0 0.511766 0.742441 0.035906 0.031523
0 0.937141 0.826611 0.039813 0.033535
0 0.848398 0.990020 0.035922 0.018398
0 0.594234 0.829043 0.034625 0.033945
0 0.725648 0.403271 0.042922 0.036035
0 0.763219 0.869619 0.033844 0.031777
0 0.963242 0.323271 0.039297 0.035449
0 0.632258 0.266797 0.038484 0.040508
0 0.897031 0.148818 0.041437 0.038926
0 0.395055 0.328574 0.039922 0.035938
0 0.534117 0.107637 0.042422 0.045273
0 0.286492 0.178633 0.043953 0.043242
0 0.186297 0.409004 0.044344 0.041641
0 0.186422 0.745742 0.042500 0.031719
0 0.085234 0.929805 0.035344 0.034961
0 0.088086 0.599316 0.038359 0.031680
0 0.079438 0.539053 0.035406 0.029316
0 0.065367 0.246270 0.047297 0.040664
0 0.021852 0.801689 0.040547 0.034355