0 0.757117 0.456484 0.039266 0.034102
0 0.276773 0.432666 0.037016 0.033574
0 0.077078 0.497393 0.036406 0.031738
0 0.287641 0.514785 0.025469 0.026523
0 0.174055 0.634463 0.035859 0.030137
0 0.072102 0.495078 0.028297 0.027656
0 0.068961 0.846621 0.034984 0.031680
0 0.165102 0.973984 0.032828 0.031758
0 0.484711 0.490195 0.028641 0.023711
0 0.660477 0.399922 0.032516 0.027187
0 0.559344 0.529121 0.034813 0.032344
0 0.374539 0.577109 0.034609 0.032813
0 0.832328 0.617559 0.037969 0.033438
0 0.640148 0.675645 0.036641 0.035508
0 0.155961 0.757500 0.032891 0.032578
0 0.341313 0.920176 0.031156 0.031914
0 0.226891 0.851123 0.036563 0.036738
0 0.459469 0.724395 0.034531 0.035039
0 0.298531 0.710879 0.035906 0.031523
0 0.701719 0.814199 0.033125 0.035547
0 0.593445 0.988613 0.035922 0.022773
0 0.783797 0.257910 0.031969 0.026367
0 0.366703 0.810352 0.034625 0.033945
0 0.473016 0.371387 0.039031 0.036016
0 0.527195 0.862510 0.033828 0.031777
0 0.691000 0.302783 0.038719 0.036816
0 0.384570 0.212021 0.038484 0.040527
0 0.612039 0.131953 0.036797 0.036406
0 0.170805 0.273604 0.039922 0.035918
0 0.296234 0.032549 0.036313 0.037012
0 0.075398 0.092002 0.043953 0.042793
0 0.768203 0.943350 0.035375 0.030449
0 0.824477 0.056270 0.043891 0.039375
0 0.853898 0.076836 0.034766 0.030234
0 0.890641 0.237100 0.040375 0.037988
0 0.891008 0.760771 0.037984 0.032051
0 0.956453 0.398057 0.039531 0.039004
0 0.944430 0.899082 0.034266 0.031797