0 0.986945 0.458037 0.026109 0.033066
0 0.462516 0.472568 0.034406 0.033574
0 0.260180 0.531123 0.041516 0.031738
0 0.470984 0.599648 0.025469 0.026523
0 0.360047 0.658594 0.035875 0.030859
0 0.237203 0.585293 0.030031 0.025898
0 0.243539 0.872529 0.034984 0.031699
0 0.348039 0.986475 0.032828 0.027051
0 0.677484 0.568086 0.028625 0.027656
0 0.876352 0.467617 0.034953 0.029336
0 0.755406 0.546621 0.034813 0.032344
0 0.564930 0.598867 0.034609 0.032812
0 0.843664 0.677734 0.040797 0.035508
0 0.334398 0.778457 0.037172 0.032578
0 0.530156 0.927607 0.031156 0.031934
0 0.410094 0.867129 0.036563 0.036719
0 0.657180 0.735098 0.034516 0.035039
0 0.483156 0.732598 0.035906 0.031523
0 0.908734 0.819365 0.036000 0.030410
0 0.807094 0.987441 0.035937 0.018750
0 0.987820 0.315801 0.024359 0.029258
0 0.562766 0.820762 0.034625 0.033945
0 0.687578 0.391436 0.039031 0.036035
0 0.729570 0.862158 0.033828 0.031777
0 0.908258 0.312295 0.037609 0.035449
0 0.591477 0.243789 0.038484 0.040508
0 0.839922 0.143301 0.041437 0.038945
0 0.362102 0.308721 0.039922 0.035918
0 0.495539 0.076006 0.037984 0.038457
0 0.257320 0.146729 0.043953 0.036426
0 0.984273 0.938906 0.031453 0.030469
0 0.162383 0.389443 0.048266 0.034980
0 0.156625 0.734141 0.042500 0.031719
0 0.068609 0.921201 0.035344 0.031816
0 0.063008 0.586602 0.034422 0.026719
0 0.059414 0.499385 0.035359 0.025488
0 0.048250 0.218262 0.049688 0.040664
0 0.006500 0.791436 0.013000 0.034355