0 0.756391 0.454912 0.039250 0.034277
0 0.276539 0.430801 0.037016 0.033555
0 0.077219 0.495752 0.036406 0.031738
0 0.288297 0.510840 0.025469 0.026523
0 0.174055 0.633437 0.035859 0.030039
0 0.074070 0.488252 0.028297 0.028301
0 0.070383 0.845703 0.034984 0.031680
0 0.165742 0.973467 0.032828 0.031738
0 0.484969 0.486074 0.028625 0.024102
0 0.659992 0.396084 0.032766 0.027402
0 0.558922 0.527236 0.034813 0.032324
0 0.373898 0.575234 0.034609 0.032813
0 0.830328 0.616367 0.037969 0.033438
0 0.639289 0.673955 0.036641 0.035488
0 0.157055 0.756016 0.032891 0.032578
0 0.341500 0.919814 0.031156 0.031934
0 0.228297 0.849873 0.036563 0.036738
0 0.458461 0.723145 0.034516 0.035039
0 0.298570 0.709912 0.035922 0.031504
0 0.701359 0.812891 0.033875 0.035547
0 0.592594 0.988281 0.035937 0.023438
0 0.783125 0.253340 0.032281 0.026680
0 0.365969 0.809688 0.034625 0.033945
0 0.472086 0.369814 0.039047 0.036035
0 0.526914 0.861660 0.033828 0.031797
0 0.688578 0.300273 0.038906 0.037031
0 0.383008 0.209229 0.038484 0.040527
0 0.609656 0.130332 0.036594 0.036328
0 0.171664 0.272188 0.039922 0.035938
0 0.293078 0.030908 0.036031 0.036777
0 0.074406 0.090693 0.043969 0.042793
0 0.768266 0.942490 0.035375 0.030449
0 0.820789 0.054707 0.043891 0.039375
0 0.852578 0.072100 0.034781 0.030254
0 0.887953 0.234990 0.040375 0.038223
0 0.890180 0.759688 0.037984 0.032070
0 0.955695 0.396934 0.039547 0.039023
0 0.944695 0.897881 0.034266 0.031816