0 0.511172 0.547832 0.034406 0.033555
0 0.287586 0.588232 0.041516 0.034277
0 0.479484 0.709307 0.029188 0.030449
0 0.395180 0.692197 0.035859 0.030840
0 0.185789 0.719873 0.030047 0.027754
0 0.243180 0.914648 0.034984 0.031680
0 0.739922 0.685361 0.030531 0.027676
0 0.958242 0.584434 0.034953 0.029336
0 0.847312 0.606992 0.034812 0.032344
0 0.622070 0.645156 0.034609 0.032813
0 0.946023 0.710928 0.040797 0.035488
0 0.343313 0.815332 0.039094 0.032578
0 0.562219 0.961729 0.031156 0.031934
0 0.431828 0.884258 0.036562 0.036719
0 0.723273 0.752197 0.034516 0.035020
0 0.524266 0.779033 0.035906 0.031504
0 0.959016 0.846709 0.036469 0.033535
0 0.613953 0.852598 0.034625 0.033945
0 0.796445 0.446035 0.042922 0.036016
0 0.781367 0.887148 0.033828 0.031797
0 0.683242 0.335420 0.038484 0.040527
0 0.401961 0.380283 0.039922 0.035918
0 0.577977 0.201064 0.042422 0.045293
0 0.278859 0.261143 0.043969 0.043223
0 0.177234 0.478555 0.044344 0.041641
0 0.177359 0.775645 0.042500 0.031719
0 0.034633 0.953672 0.035359 0.034961
0 0.062539 0.629707 0.038359 0.031680
0 0.035344 0.635781 0.035406 0.029336
0 0.037523 0.318066 0.047297 0.040664
0 0.014328 0.825889 0.028656 0.034355