0 0.561672 0.477988 0.036219 0.033164
0 0.285977 0.505498 0.041516 0.035176
0 0.453273 0.669609 0.029609 0.033047
0 0.422367 0.555088 0.035859 0.032129
0 0.029164 0.721270 0.029953 0.031875
0 0.190141 0.795586 0.035000 0.036094
0 0.810172 0.655859 0.033375 0.029805
0 0.982305 0.511221 0.029422 0.036699
0 0.690523 0.531055 0.034609 0.032813
0 0.324852 0.680381 0.039078 0.037676
0 0.571484 0.820908 0.031156 0.031934
0 0.443844 0.722373 0.036562 0.036738
0 0.817805 0.590215 0.033109 0.031445
0 0.556813 0.660830 0.035906 0.031504
0 0.996406 0.707314 0.007188 0.033535
0 0.674625 0.709893 0.034625 0.033965
0 0.955578 0.350322 0.042906 0.039043
0 0.837492 0.726904 0.033828 0.031777
0 0.815469 0.303379 0.038469 0.040508
0 0.418742 0.316260 0.039922 0.035918
0 0.686484 0.225537 0.042438 0.045293
0 0.258914 0.264688 0.043953 0.038008
0 0.144352 0.445986 0.043078 0.035723
0 0.139398 0.665566 0.036078 0.031719
0 0.007336 0.519062 0.014672 0.031680
0 0.325047 0.841230 0.039469 0.030469
0 0.054320 0.865088 0.036266 0.039629
0 0.970961 0.858311 0.033203 0.028926
0 0.694672 0.867119 0.037719 0.033809
0 0.823664 0.914268 0.035328 0.031621
0 0.437289 0.891221 0.035359 0.034824
0 0.111258 0.975566 0.034641 0.031797