0 0.567227 0.466582 0.036953 0.038945
0 0.284320 0.486943 0.041516 0.037207
0 0.452258 0.658613 0.029609 0.030586
0 0.427539 0.527803 0.035859 0.037246
0 0.013766 0.720537 0.026562 0.032012
0 0.182805 0.775371 0.034984 0.036094
0 0.820945 0.650684 0.033359 0.029805
0 0.988727 0.492979 0.022547 0.036699
0 0.699008 0.513955 0.034609 0.037207
0 0.323859 0.654795 0.038406 0.036973
0 0.573906 0.791807 0.031156 0.032949
0 0.444094 0.694756 0.036563 0.034902
0 0.831367 0.562793 0.033109 0.039258
0 0.557844 0.636133 0.035906 0.032969
0 0.685672 0.678828 0.034625 0.033945
0 0.974883 0.336670 0.039172 0.037988
0 0.844180 0.701768 0.033828 0.038613
0 0.837086 0.299863 0.038484 0.040508
0 0.418695 0.301494 0.039922 0.035918
0 0.703914 0.228652 0.042422 0.037773
0 0.255242 0.259727 0.043953 0.038008
0 0.136969 0.436494 0.042656 0.036348
0 0.134719 0.639062 0.036062 0.032422
0 0.319344 0.816787 0.039469 0.035332
0 0.039312 0.839189 0.035031 0.037676
0 0.980477 0.827217 0.030453 0.028926
0 0.698156 0.836260 0.037000 0.033184
0 0.835484 0.879004 0.035344 0.032188
0 0.436023 0.856064 0.035359 0.033574
0 0.099648 0.948496 0.034641 0.033125
0 0.566047 0.010361 0.037062 0.020723
0 0.558586 0.972402 0.039047 0.029141
0 0.214516 0.981514 0.035625 0.030527
0 0.959055 0.992031 0.036641 0.015938