0 0.767781 0.459609 0.039250 0.033750
0 0.276492 0.438818 0.037016 0.033574
0 0.076797 0.500693 0.036406 0.031738
0 0.287438 0.530957 0.025469 0.026523
0 0.174055 0.636514 0.035859 0.030371
0 0.068148 0.508711 0.028297 0.026367
0 0.063805 0.849893 0.034984 0.031699
0 0.163828 0.975010 0.032813 0.031738
0 0.484812 0.506963 0.028625 0.022871
0 0.666016 0.414248 0.033906 0.028418
0 0.560156 0.532881 0.034812 0.032324
0 0.375805 0.580820 0.034609 0.032812
0 0.836344 0.619961 0.037969 0.033438
0 0.641883 0.679043 0.036641 0.035508
0 0.153773 0.760459 0.032891 0.032559
0 0.340922 0.920889 0.031156 0.031934
0 0.224062 0.853633 0.036563 0.036719
0 0.461477 0.726904 0.034516 0.035020
0 0.298438 0.712822 0.035906 0.031504
0 0.704367 0.816836 0.035516 0.035547
0 0.595156 0.989287 0.035937 0.021426
0 0.788602 0.271670 0.033672 0.028027
0 0.368156 0.811699 0.034625 0.033945
0 0.477672 0.375928 0.039031 0.036035
0 0.527742 0.864219 0.033828 0.031797
0 0.695828 0.307803 0.038344 0.036348
0 0.387672 0.217617 0.038469 0.040508
0 0.619109 0.136934 0.037156 0.036523
0 0.172938 0.279209 0.039906 0.035918
0 0.302547 0.035850 0.036875 0.037480
0 0.076242 0.098457 0.043953 0.042773
0 0.771922 0.945059 0.035375 0.030469
0 0.841070 0.058818 0.043891 0.039395
0 0.857930 0.094355 0.034766 0.030234
0 0.896023 0.241318 0.040391 0.037520
0 0.892648 0.762939 0.037984 0.032051
0 0.964883 0.399160 0.039547 0.039023
0 0.948320 0.901494 0.034266 0.031816