0 0.755305 0.452559 0.039234 0.034531
0 0.276164 0.427998 0.037016 0.033574
0 0.077438 0.493271 0.036406 0.031738
0 0.289281 0.504922 0.025469 0.026523
0 0.174055 0.631895 0.035859 0.029844
0 0.077039 0.478027 0.028297 0.029297
0 0.072516 0.844326 0.035000 0.031699
0 0.166695 0.972705 0.032828 0.031738
0 0.485352 0.479893 0.028641 0.024746
0 0.659273 0.390322 0.033141 0.027754
0 0.558312 0.524414 0.034812 0.032344
0 0.372945 0.572461 0.034609 0.032813
0 0.827313 0.614570 0.037969 0.033438
0 0.637992 0.671406 0.036641 0.035508
0 0.158703 0.753789 0.032875 0.032578
0 0.341781 0.919277 0.031156 0.031914
0 0.230422 0.847988 0.036562 0.036719
0 0.456961 0.721270 0.034516 0.035039
0 0.298641 0.708457 0.035906 0.031523
0 0.700828 0.810938 0.035000 0.035547
0 0.591305 0.987773 0.035922 0.024453
0 0.782109 0.246494 0.032750 0.027129
0 0.364875 0.808672 0.034625 0.033945
0 0.470695 0.367461 0.039047 0.036016
0 0.526508 0.860371 0.033828 0.031797
0 0.684953 0.296504 0.039188 0.037383
0 0.380680 0.205039 0.038484 0.040508
0 0.606078 0.127910 0.036313 0.036250
0 0.172969 0.270059 0.039906 0.035938
0 0.288352 0.028438 0.035609 0.036406
0 0.072914 0.088730 0.043953 0.042773
0 0.768359 0.941211 0.035375 0.030469
0 0.815258 0.052363 0.043891 0.039375
0 0.850594 0.065000 0.034781 0.030234
0 0.883914 0.231836 0.040391 0.038555
0 0.888953 0.758066 0.038000 0.032070
0 0.954555 0.395254 0.039547 0.039023
0 0.945086 0.896074 0.034266 0.031797
0 0.997180 0.559502 0.005641 0.039238