0 0.753852 0.449424 0.039234 0.034863
0 0.275680 0.424258 0.037016 0.033555
0 0.077719 0.489971 0.036406 0.031738
0 0.290594 0.497031 0.025469 0.026523
0 0.174055 0.629844 0.035859 0.029609
0 0.080992 0.464385 0.028297 0.030566
0 0.075367 0.842490 0.034984 0.031699
0 0.167977 0.971670 0.032828 0.031738
0 0.485867 0.471660 0.028641 0.025586
0 0.658312 0.382637 0.033656 0.028203
0 0.557484 0.520654 0.034813 0.032324
0 0.371680 0.568730 0.034609 0.032812
0 0.823297 0.612178 0.037969 0.033457
0 0.636258 0.668008 0.036641 0.035508
0 0.160891 0.750830 0.032875 0.032559
0 0.342156 0.918564 0.031156 0.031934
0 0.233250 0.845479 0.036562 0.036738
0 0.454961 0.718750 0.034516 0.035039
0 0.298734 0.706514 0.035906 0.031504
0 0.700125 0.808301 0.036500 0.035547
0 0.589594 0.987109 0.035937 0.025781
0 0.780758 0.237363 0.033359 0.027734
0 0.363422 0.807324 0.034625 0.033945
0 0.468844 0.364316 0.039031 0.036016
0 0.525961 0.858662 0.033828 0.031777
0 0.680125 0.291494 0.039562 0.037832
0 0.377586 0.199453 0.038484 0.040508
0 0.601313 0.124658 0.035969 0.036113
0 0.174703 0.267217 0.039906 0.035918
0 0.282039 0.025146 0.035047 0.035918
0 0.070914 0.086113 0.043953 0.042773
0 0.768469 0.939502 0.035375 0.030449
0 0.807867 0.049238 0.043891 0.039375
0 0.847953 0.055537 0.034781 0.030254
0 0.878523 0.227607 0.040391 0.039004
0 0.887305 0.755898 0.037984 0.032070
0 0.953031 0.393008 0.039531 0.039023
0 0.945617 0.893662 0.034266 0.031816
0 0.994797 0.556846 0.010406 0.039238