0 0.783781 0.466426 0.039250 0.033242
0 0.276070 0.448027 0.037016 0.033555
0 0.076375 0.505645 0.036406 0.031758
0 0.286516 0.552949 0.025469 0.026523
0 0.174055 0.639600 0.035859 0.030723
0 0.062664 0.528936 0.028297 0.028262
0 0.056078 0.854814 0.035000 0.031699
0 0.161914 0.976553 0.032828 0.031738
0 0.488750 0.532432 0.028625 0.027676
0 0.673914 0.438945 0.034953 0.029336
0 0.561391 0.538525 0.034813 0.032324
0 0.377695 0.586406 0.034609 0.032813
0 0.842359 0.623555 0.037969 0.033438
0 0.644469 0.684141 0.036656 0.035508
0 0.150492 0.764902 0.032891 0.032578
0 0.340359 0.921953 0.031156 0.031914
0 0.219813 0.857393 0.036563 0.036738
0 0.464484 0.730664 0.034531 0.035039
0 0.298297 0.715732 0.035906 0.031504
0 0.708336 0.820762 0.039078 0.035547
0 0.597727 0.990293 0.035922 0.019414
0 0.794336 0.295059 0.034922 0.029258
0 0.370344 0.813721 0.034625 0.033965
0 0.487812 0.381982 0.039031 0.036035
0 0.528555 0.866787 0.033828 0.031777
0 0.705188 0.315312 0.037781 0.035664
0 0.395695 0.228105 0.038484 0.040508
0 0.632242 0.144502 0.037703 0.036699
0 0.177664 0.285342 0.039922 0.035918
0 0.309891 0.045029 0.037719 0.038223
0 0.077508 0.108154 0.043953 0.042793
0 0.777516 0.947627 0.035375 0.030449
0 0.868070 0.065586 0.043891 0.039375
0 0.868688 0.121504 0.034781 0.030234
0 0.906633 0.247637 0.040391 0.036836
0 0.895109 0.766191 0.038000 0.032070
0 0.978375 0.400898 0.039531 0.039023
0 0.958414 0.906621 0.034266 0.031797