0 0.507719 0.537256 0.034406 0.033574
0 0.287742 0.580664 0.041516 0.034297
0 0.483875 0.695127 0.028656 0.029863
0 0.392797 0.687578 0.035875 0.030859
0 0.201258 0.700771 0.030047 0.027754
0 0.247820 0.908955 0.034984 0.031699
0 0.355805 0.993818 0.032828 0.012363
0 0.734859 0.669121 0.030531 0.027656
0 0.949945 0.568027 0.034953 0.029336
0 0.835133 0.596191 0.034828 0.032344
0 0.614617 0.637178 0.034609 0.032832
0 0.931203 0.705557 0.040781 0.035488
0 0.346063 0.810322 0.039094 0.032559
0 0.561906 0.957305 0.031156 0.031914
0 0.432531 0.881904 0.036562 0.036738
0 0.713508 0.749951 0.034516 0.035020
0 0.521891 0.772061 0.035906 0.031504
0 0.954852 0.842881 0.037109 0.033535
0 0.605500 0.843848 0.034625 0.033945
0 0.777500 0.435791 0.042906 0.036035
0 0.777898 0.883809 0.033828 0.031797
0 0.671398 0.317891 0.038484 0.040508
0 0.984711 0.170879 0.030578 0.038945
0 0.400289 0.367314 0.039922 0.035918
0 0.569492 0.179189 0.042422 0.045293
0 0.281023 0.241865 0.043953 0.043223
0 0.178953 0.463848 0.044344 0.041641
0 0.179078 0.769941 0.042500 0.031719
0 0.044523 0.949238 0.035359 0.034961
0 0.068180 0.623184 0.038359 0.031680
0 0.044719 0.617441 0.035406 0.029336
0 0.043539 0.301279 0.047297 0.040684
0 0.015625 0.821035 0.031250 0.034336