0 0.506859 0.534600 0.034406 0.033574
0 0.287789 0.578779 0.041516 0.034277
0 0.484422 0.691250 0.028500 0.029727
0 0.392047 0.686426 0.035875 0.030859
0 0.204219 0.696104 0.030031 0.027754
0 0.248977 0.907529 0.034984 0.031699
0 0.355805 0.993496 0.032828 0.013008
0 0.733594 0.665059 0.030531 0.027656
0 0.947875 0.563945 0.034938 0.029336
0 0.832797 0.594189 0.034812 0.032324
0 0.613344 0.635547 0.034594 0.032813
0 0.928703 0.704209 0.040781 0.035488
0 0.346742 0.809063 0.039078 0.032578
0 0.561828 0.956201 0.031156 0.031934
0 0.432703 0.881318 0.036562 0.036738
0 0.712305 0.749229 0.034672 0.035020
0 0.521297 0.770322 0.035906 0.031504
0 0.953805 0.841924 0.037266 0.033535
0 0.604844 0.842979 0.034625 0.033965
0 0.773852 0.433877 0.042922 0.036035
0 0.777039 0.882969 0.033828 0.031797
0 0.668883 0.314453 0.038484 0.040508
0 0.981602 0.168750 0.036797 0.038945
0 0.399977 0.365049 0.039922 0.035918
0 0.567172 0.174600 0.042437 0.045293
0 0.281352 0.238154 0.043953 0.043223
0 0.179391 0.460166 0.044344 0.041660
0 0.179516 0.768516 0.042500 0.031719
0 0.047000 0.948145 0.035344 0.034961
0 0.069602 0.621563 0.038359 0.031680
0 0.047063 0.612852 0.035406 0.029336
0 0.044828 0.298047 0.047281 0.040664
0 0.015953 0.819814 0.031906 0.034355