0 0.491344 0.486982 0.034406 0.033574
0 0.288492 0.544766 0.041516 0.034297
0 0.494305 0.621318 0.026016 0.027090
0 0.386539 0.665664 0.035859 0.030859
0 0.251781 0.612217 0.030031 0.027754
0 0.269828 0.881904 0.035000 0.031699
0 0.367211 0.986758 0.032828 0.025000
0 0.710828 0.591973 0.030531 0.027656
0 0.910547 0.490137 0.034937 0.029336
0 0.790734 0.558203 0.034813 0.032344
0 0.590320 0.606152 0.034609 0.032813
0 0.883703 0.680039 0.040781 0.035508
0 0.359109 0.786543 0.039094 0.032578
0 0.560406 0.936318 0.031156 0.031934
0 0.435891 0.870713 0.036563 0.036738
0 0.690625 0.736162 0.037500 0.035020
0 0.510578 0.738955 0.035906 0.031504
0 0.935063 0.824697 0.040125 0.033535
0 0.844938 0.989570 0.035937 0.018516
0 0.592906 0.827305 0.034625 0.033945
0 0.721719 0.399443 0.042906 0.036035
0 0.761492 0.867949 0.033828 0.031797
0 0.956023 0.320020 0.040016 0.035430
0 0.628117 0.261777 0.038484 0.040508
0 0.888953 0.146982 0.041438 0.038926
0 0.394430 0.324014 0.039922 0.035918
0 0.530492 0.100068 0.042422 0.045293
0 0.287133 0.171191 0.043953 0.043242
0 0.187156 0.404199 0.044344 0.041641
0 0.187281 0.742900 0.042500 0.031738
0 0.089508 0.927256 0.035359 0.034980
0 0.089555 0.597334 0.038359 0.031660
0 0.082422 0.529746 0.035406 0.029336
0 0.067938 0.239795 0.047281 0.040684
0 0.022852 0.799902 0.040984 0.034336