0 0.535031 0.593320 0.034406 0.033555
0 0.285648 0.627617 0.041516 0.034297
0 0.466516 0.766348 0.029625 0.030859
0 0.406977 0.710654 0.035859 0.030840
0 0.120852 0.797764 0.030703 0.030723
0 0.217008 0.939346 0.034984 0.031699
0 0.768031 0.752676 0.030531 0.027656
0 0.991227 0.640313 0.017547 0.029336
0 0.906203 0.645068 0.037937 0.035605
0 0.653633 0.672793 0.034609 0.032813
0 0.990391 0.727861 0.019219 0.035488
0 0.333594 0.834463 0.039094 0.032559
0 0.565078 0.975938 0.031156 0.031914
0 0.436047 0.898564 0.036562 0.036738
0 0.763469 0.764023 0.033812 0.033242
0 0.538484 0.807871 0.035906 0.031523
0 0.977781 0.864150 0.036000 0.033535
0 0.640203 0.870449 0.034625 0.033945
0 0.866656 0.480996 0.042906 0.038281
0 0.806070 0.896748 0.033828 0.031777
0 0.739086 0.396914 0.038484 0.040508
0 0.408695 0.431670 0.039922 0.035918
0 0.624344 0.288623 0.042438 0.045293
0 0.271820 0.337510 0.043953 0.043223
0 0.165766 0.540430 0.044344 0.041641
0 0.166336 0.805459 0.040891 0.031738
0 0.004820 0.977295 0.009641 0.027246
0 0.030539 0.662471 0.038359 0.031660
0 0.005828 0.704316 0.011656 0.029336
0 0.015000 0.389912 0.030000 0.040684
0 0.003883 0.846943 0.007766 0.026895
0 0.512781 0.006191 0.028469 0.012383