0 0.500828 0.516084 0.034406 0.033574
0 0.288055 0.565547 0.041516 0.034297
0 0.488266 0.664053 0.027531 0.028691
0 0.386805 0.678350 0.035859 0.030840
0 0.224930 0.663486 0.030047 0.027754
0 0.257086 0.897568 0.034984 0.031699
0 0.359875 0.991162 0.032813 0.017676
0 0.724742 0.636641 0.030516 0.027656
0 0.933359 0.535234 0.034938 0.029336
0 0.816437 0.580195 0.034812 0.032344
0 0.604391 0.624102 0.034594 0.032813
0 0.911203 0.694814 0.040781 0.035488
0 0.351547 0.800312 0.039094 0.032578
0 0.561281 0.948467 0.031156 0.031934
0 0.433953 0.877197 0.036563 0.036738
0 0.703867 0.744141 0.035766 0.035039
0 0.517125 0.758115 0.035906 0.031504
0 0.946516 0.835225 0.038375 0.033535
0 0.861430 0.993467 0.035922 0.013066
0 0.600203 0.836885 0.034625 0.033965
0 0.748359 0.420488 0.042906 0.036016
0 0.770992 0.877129 0.033828 0.031797
0 0.988852 0.337910 0.022297 0.035430
0 0.651289 0.290332 0.038484 0.040508
0 0.939813 0.157090 0.041437 0.038945
0 0.397820 0.349092 0.039922 0.035918
0 0.550898 0.142480 0.042422 0.045273
0 0.283602 0.212109 0.043953 0.043242
0 0.182406 0.434434 0.044344 0.041641
0 0.182531 0.758555 0.042500 0.031719
0 0.064320 0.940410 0.035359 0.034961
0 0.079477 0.610146 0.038359 0.031660
0 0.063469 0.580752 0.035406 0.029316
0 0.053812 0.275391 0.047281 0.040664
0 0.018219 0.811318 0.036437 0.034355