0 0.792617 0.469346 0.039266 0.033066
0 0.278961 0.453311 0.037016 0.033574
0 0.076625 0.508525 0.036406 0.031738
0 0.288156 0.564062 0.025469 0.026523
0 0.175555 0.643525 0.035859 0.030840
0 0.061133 0.540508 0.028297 0.030195
0 0.055430 0.857920 0.034984 0.031699
0 0.160414 0.977803 0.032828 0.031738
0 0.494266 0.543652 0.028625 0.027656
0 0.682063 0.451523 0.034938 0.029336
0 0.565406 0.541768 0.034812 0.032324
0 0.381727 0.588613 0.034609 0.032812
0 0.847641 0.624141 0.037969 0.033438
0 0.649695 0.684512 0.036641 0.035508
0 0.150336 0.766875 0.032891 0.032578
0 0.341719 0.923018 0.031156 0.031934
0 0.218187 0.858994 0.036563 0.036738
0 0.467539 0.732627 0.034516 0.035020
0 0.299953 0.718467 0.035906 0.031504
0 0.712359 0.823242 0.038844 0.035547
0 0.603766 0.990625 0.035937 0.018750
0 0.802828 0.306943 0.034938 0.029238
0 0.372984 0.814746 0.034625 0.033945
0 0.496281 0.385518 0.039031 0.036035
0 0.533898 0.867939 0.033828 0.031777
0 0.713727 0.318809 0.037609 0.035430
0 0.403977 0.234355 0.038484 0.040508
0 0.641336 0.147920 0.039078 0.037480
0 0.181164 0.288252 0.039922 0.035918
0 0.315758 0.053037 0.037984 0.038457
0 0.080898 0.113799 0.043953 0.042793
0 0.781969 0.948486 0.035375 0.030449
0 0.882664 0.070352 0.043891 0.039375
0 0.878758 0.133867 0.034766 0.030234
0 0.914430 0.251465 0.040391 0.036602
0 0.899727 0.767070 0.037984 0.032070
0 0.989469 0.400352 0.033000 0.039023
0 0.970727 0.908838 0.032328 0.031816