0 0.913852 0.461299 0.045078 0.033066
0 0.389773 0.466279 0.035453 0.030605
0 0.187844 0.523057 0.044406 0.031738
0 0.400250 0.589043 0.025469 0.026523
0 0.291305 0.652354 0.035859 0.030840
0 0.168664 0.571309 0.032859 0.027617
0 0.171000 0.867861 0.036250 0.031699
0 0.275961 0.983594 0.032828 0.028945
0 0.607305 0.561543 0.034516 0.025430
0 0.799828 0.464912 0.034938 0.027090
0 0.680969 0.545771 0.039094 0.032324
0 0.493906 0.595732 0.039344 0.031465
0 0.961297 0.614736 0.041188 0.033457
0 0.765680 0.680977 0.039141 0.035508
0 0.263492 0.774219 0.035453 0.032578
0 0.461922 0.928301 0.031156 0.031914
0 0.336734 0.865146 0.036563 0.036738
0 0.585547 0.734209 0.041031 0.033223
0 0.412969 0.728350 0.040219 0.031504
0 0.829453 0.822324 0.036000 0.030742
0 0.725742 0.988721 0.035922 0.018730
0 0.917969 0.315977 0.037625 0.029258
0 0.488039 0.818633 0.038203 0.033945
0 0.611680 0.391016 0.039047 0.036016
0 0.653320 0.866670 0.033828 0.031777
0 0.830820 0.316807 0.040141 0.033184
0 0.517930 0.241660 0.038484 0.040508
0 0.762250 0.146504 0.043125 0.036758
0 0.289883 0.301504 0.039922 0.033711
0 0.427172 0.069639 0.045281 0.038457
0 0.188344 0.135420 0.047813 0.038965
0 0.903305 0.941846 0.033016 0.030449
0 0.989844 0.142607 0.020313 0.030254
0 0.086133 0.378408 0.051047 0.034980
0 0.083625 0.730664 0.042500 0.033672
0 0.007516 0.913574 0.015031 0.031797
0 0.002938 0.582773 0.005875 0.026719
0 0.003953 0.486094 0.007906 0.026719