0 0.538563 0.599580 0.034406 0.033574
0 0.285336 0.633242 0.041516 0.034297
0 0.464898 0.774092 0.029609 0.030879
0 0.408648 0.713154 0.035859 0.030840
0 0.111836 0.807705 0.030703 0.031309
0 0.213219 0.942754 0.035000 0.031680
0 0.772078 0.761875 0.030531 0.027656
0 0.994297 0.647734 0.011406 0.029336
0 0.914500 0.650068 0.038469 0.036152
0 0.657961 0.676387 0.034609 0.032812
0 0.994688 0.729141 0.010625 0.035508
0 0.332328 0.837031 0.039094 0.032578
0 0.565516 0.977754 0.031156 0.031914
0 0.436844 0.900654 0.036562 0.036738
0 0.767359 0.765332 0.033094 0.031445
0 0.540563 0.811807 0.035906 0.031504
0 0.979625 0.868760 0.036000 0.033535
0 0.643531 0.872334 0.034625 0.033965
0 0.875992 0.485547 0.042922 0.038672
0 0.809742 0.897930 0.033828 0.031797
0 0.746914 0.404980 0.038484 0.040508
0 0.409602 0.438613 0.039922 0.035938
0 0.631008 0.300488 0.042422 0.045273
0 0.270914 0.347822 0.043953 0.043223
0 0.164078 0.548896 0.044344 0.041660
0 0.163836 0.810605 0.037672 0.031719
0 0.025914 0.667119 0.038359 0.031660
0 0.004234 0.710762 0.008469 0.029336
0 0.012758 0.399004 0.025516 0.040664
0 0.002656 0.850508 0.005312 0.021836
0 0.515406 0.015205 0.033063 0.026191
0 0.152984 0.010635 0.038781 0.021270