0 0.499969 0.513437 0.034406 0.033555
0 0.288102 0.563662 0.041516 0.034277
0 0.488813 0.660176 0.027406 0.028555
0 0.386055 0.677197 0.035859 0.030840
0 0.227891 0.658818 0.030031 0.027754
0 0.258242 0.896143 0.034984 0.031699
0 0.359875 0.990732 0.032813 0.018535
0 0.723484 0.632578 0.030531 0.027656
0 0.931281 0.531133 0.034938 0.029336
0 0.814102 0.578193 0.034828 0.032324
0 0.603117 0.622480 0.034609 0.032813
0 0.908703 0.693467 0.040781 0.035488
0 0.352234 0.799053 0.039094 0.032559
0 0.561203 0.947363 0.031156 0.031914
0 0.434125 0.876602 0.036563 0.036719
0 0.702664 0.743418 0.035922 0.035039
0 0.516531 0.756377 0.035906 0.031504
0 0.945469 0.834268 0.038531 0.033535
0 0.861430 0.993467 0.035922 0.013066
0 0.599531 0.836016 0.034625 0.033945
0 0.744719 0.418574 0.042906 0.036016
0 0.770133 0.876299 0.033828 0.031777
0 0.986953 0.336279 0.026094 0.035449
0 0.648773 0.286895 0.038484 0.040508
0 0.934859 0.156172 0.041438 0.038945
0 0.397516 0.346807 0.039906 0.035918
0 0.548578 0.137891 0.042438 0.045273
0 0.283914 0.208389 0.043953 0.043223
0 0.182844 0.430742 0.044344 0.041641
0 0.182969 0.757129 0.042500 0.031719
0 0.066789 0.939307 0.035359 0.034980
0 0.080883 0.608516 0.038359 0.031680
0 0.065813 0.576172 0.035406 0.029336
0 0.055102 0.272158 0.047297 0.040684
0 0.018539 0.810107 0.037078 0.034355