0 0.524391 0.574541 0.034406 0.033574
0 0.286555 0.610762 0.041516 0.034297
0 0.471352 0.743135 0.029609 0.030879
0 0.401969 0.703154 0.035875 0.030840
0 0.147547 0.766152 0.030406 0.029219
0 0.228352 0.929131 0.034984 0.031699
0 0.755875 0.725117 0.030531 0.027656
0 0.978219 0.618477 0.027125 0.029336
0 0.881328 0.630078 0.036375 0.033984
0 0.640648 0.661973 0.034609 0.032813
0 0.974102 0.721650 0.031359 0.035488
0 0.337422 0.826777 0.039094 0.032578
0 0.563766 0.970488 0.031156 0.031914
0 0.433672 0.892295 0.036562 0.036738
0 0.749688 0.755645 0.034531 0.035039
0 0.532266 0.796064 0.035906 0.031504
0 0.970172 0.856279 0.036000 0.033535
0 0.630250 0.864805 0.034625 0.033945
0 0.838656 0.467354 0.042906 0.037168
0 0.795008 0.893193 0.033828 0.031777
0 0.715602 0.372744 0.038484 0.040527
0 0.405953 0.410830 0.039906 0.035918
0 0.604336 0.253057 0.042422 0.045293
0 0.274523 0.306553 0.043953 0.043223
0 0.170852 0.515000 0.044328 0.041641
0 0.171437 0.792441 0.042500 0.031719
0 0.015273 0.965703 0.027828 0.034961
0 0.044422 0.648535 0.038375 0.031680
0 0.015039 0.673525 0.027047 0.029316
0 0.021586 0.361191 0.040484 0.040664
0 0.011180 0.839355 0.022359 0.034336