0 0.789117 0.469404 0.039266 0.033066
0 0.275930 0.451104 0.037016 0.033574
0 0.076234 0.507295 0.036406 0.031738
0 0.286016 0.559531 0.025469 0.026523
0 0.174055 0.640635 0.035859 0.030840
0 0.060977 0.535605 0.028297 0.030195
0 0.053500 0.856455 0.035000 0.031699
0 0.161273 0.977061 0.032828 0.031738
0 0.491398 0.540312 0.028641 0.027656
0 0.676414 0.448262 0.034953 0.029336
0 0.561797 0.540410 0.034812 0.032344
0 0.378336 0.588262 0.034609 0.032812
0 0.844359 0.624746 0.037969 0.033438
0 0.645336 0.685830 0.036641 0.035488
0 0.149398 0.766387 0.032891 0.032578
0 0.340172 0.922314 0.031156 0.031934
0 0.218406 0.858643 0.036562 0.036738
0 0.465492 0.731924 0.034516 0.035020
0 0.298250 0.716689 0.035906 0.031504
0 0.709664 0.822070 0.040266 0.035547
0 0.598586 0.990625 0.035922 0.018750
0 0.795758 0.303750 0.034922 0.029258
0 0.371078 0.814395 0.034625 0.033945
0 0.492234 0.383750 0.039031 0.036016
0 0.528836 0.867637 0.033828 0.031797
0 0.709008 0.317832 0.037609 0.035430
0 0.399508 0.232305 0.038484 0.040508
0 0.637469 0.147051 0.037875 0.036758
0 0.179742 0.286631 0.039922 0.035918
0 0.311633 0.049502 0.037984 0.038457
0 0.077930 0.111387 0.043953 0.042773
0 0.779375 0.948486 0.035375 0.030449
0 0.877773 0.068828 0.043891 0.039375
0 0.873844 0.130830 0.034781 0.030254
0 0.911008 0.249746 0.040391 0.036602
0 0.895930 0.767275 0.037984 0.032051
0 0.983156 0.401523 0.039531 0.039023
0 0.963195 0.908838 0.034266 0.031816