0 0.565430 0.483457 0.036953 0.038945
0 0.285453 0.511250 0.041531 0.037187
0 0.452852 0.683408 0.029609 0.032051
0 0.426547 0.552607 0.035875 0.035176
0 0.014820 0.736973 0.029641 0.031875
0 0.184586 0.795664 0.034984 0.036094
0 0.819367 0.670195 0.033359 0.029805
0 0.987031 0.514189 0.025938 0.036699
0 0.697539 0.531602 0.034609 0.032813
0 0.324062 0.681719 0.039094 0.037344
0 0.573438 0.819023 0.031156 0.031914
0 0.444484 0.723037 0.036563 0.036738
0 0.828828 0.585977 0.033094 0.031445
0 0.556781 0.659248 0.035906 0.031504
0 0.683844 0.704668 0.034625 0.033945
0 0.973750 0.361230 0.042906 0.039023
0 0.841430 0.722402 0.033828 0.031797
0 0.830258 0.320645 0.038484 0.040508
0 0.419117 0.326211 0.039922 0.035938
0 0.699852 0.247412 0.042422 0.045293
0 0.256273 0.283174 0.043953 0.037988
0 0.138742 0.459219 0.042672 0.036328
0 0.135281 0.668232 0.036062 0.031738
0 0.316750 0.838574 0.039469 0.035312
0 0.042797 0.860215 0.035031 0.038398
0 0.979063 0.855928 0.031563 0.028926
0 0.695992 0.859971 0.036984 0.033184
0 0.835570 0.903936 0.035328 0.030137
0 0.436023 0.882939 0.035359 0.032559
0 0.096945 0.972187 0.034641 0.031797
0 0.564281 0.015518 0.037063 0.031035
0 0.559820 0.991074 0.041516 0.013750