0 0.533250 0.590186 0.034406 0.033574
0 0.285789 0.624805 0.041516 0.034297
0 0.467320 0.762471 0.029609 0.030879
0 0.406148 0.709404 0.035859 0.030840
0 0.125352 0.792783 0.030703 0.030449
0 0.218898 0.937646 0.034984 0.031699
0 0.766000 0.748086 0.030531 0.027656
0 0.989695 0.636621 0.020609 0.029336
0 0.902062 0.642568 0.037688 0.035332
0 0.651477 0.670977 0.034609 0.032813
0 0.988250 0.727227 0.023500 0.035508
0 0.334234 0.833184 0.039094 0.032578
0 0.564859 0.975029 0.031156 0.031934
0 0.435656 0.897520 0.036562 0.036719
0 0.761531 0.763369 0.034156 0.034121
0 0.537453 0.805908 0.035906 0.031504
0 0.976859 0.861865 0.036000 0.033535
0 0.638547 0.869512 0.034625 0.033945
0 0.861992 0.478721 0.042922 0.038105
0 0.804227 0.896152 0.033828 0.031797
0 0.735164 0.392891 0.038484 0.040508
0 0.408242 0.428193 0.039922 0.035918
0 0.621008 0.282705 0.042422 0.045293
0 0.272273 0.332354 0.043953 0.043223
0 0.166625 0.536191 0.044344 0.041641
0 0.167578 0.802881 0.042500 0.031738
0 0.006555 0.976025 0.013109 0.027246
0 0.032852 0.660146 0.038359 0.031660
0 0.007430 0.697881 0.014859 0.029316
0 0.016117 0.385371 0.032234 0.040664
0 0.004602 0.844775 0.009203 0.029199