0 0.515531 0.558896 0.034406 0.033574
0 0.287320 0.596709 0.041516 0.034277
0 0.475383 0.723799 0.029609 0.030879
0 0.397789 0.696904 0.035859 0.030840
0 0.169742 0.739521 0.030109 0.027988
0 0.237820 0.920615 0.034984 0.031699
0 0.745734 0.702129 0.030531 0.027656
0 0.966758 0.600352 0.033641 0.029336
0 0.860602 0.617588 0.035078 0.032598
0 0.629820 0.652949 0.034609 0.032812
0 0.959953 0.716074 0.039219 0.035508
0 0.340609 0.820361 0.039094 0.032559
0 0.562672 0.965947 0.031156 0.031934
0 0.431687 0.887070 0.036563 0.036719
0 0.733789 0.754170 0.034516 0.035020
0 0.527094 0.786221 0.035906 0.031504
0 0.963477 0.850693 0.035984 0.033535
0 0.621953 0.860107 0.034625 0.033965
0 0.815328 0.455977 0.042906 0.036211
0 0.785789 0.890244 0.033828 0.031777
0 0.696039 0.352598 0.038484 0.040508
0 0.403672 0.393467 0.039906 0.035918
0 0.587664 0.223408 0.042422 0.045293
0 0.276789 0.280752 0.043953 0.043223
0 0.175086 0.493828 0.044328 0.041641
0 0.175281 0.781992 0.042500 0.031719
0 0.025219 0.958438 0.034094 0.034961
0 0.055992 0.636914 0.038359 0.031680
0 0.026102 0.653535 0.034016 0.029336
0 0.031109 0.335742 0.046156 0.040664
0 0.012992 0.831182 0.025984 0.034355