0 0.509453 0.542539 0.034406 0.033555
0 0.287664 0.584453 0.041516 0.034297
0 0.481680 0.702227 0.028922 0.030156
0 0.393984 0.689893 0.035875 0.030840
0 0.193523 0.710322 0.030047 0.027754
0 0.245500 0.911797 0.035000 0.031680
0 0.737391 0.677236 0.030531 0.027676
0 0.954094 0.576230 0.034937 0.029336
0 0.841219 0.601592 0.034812 0.032324
0 0.618352 0.641172 0.034609 0.032813
0 0.938617 0.708242 0.040797 0.035508
0 0.344688 0.812822 0.039094 0.032559
0 0.562063 0.959512 0.031156 0.031914
0 0.432172 0.883076 0.036563 0.036738
0 0.718391 0.751074 0.034531 0.035039
0 0.523078 0.775547 0.035906 0.031523
0 0.956930 0.844795 0.036797 0.033535
0 0.609734 0.848223 0.034625 0.033945
0 0.786969 0.440908 0.042906 0.036035
0 0.779633 0.885479 0.033828 0.031777
0 0.677320 0.326660 0.038484 0.040508
0 0.990930 0.175117 0.018141 0.038945
0 0.401125 0.373799 0.039906 0.035918
0 0.573734 0.190127 0.042437 0.045293
0 0.279945 0.251504 0.043953 0.043242
0 0.178094 0.471201 0.044344 0.041660
0 0.178219 0.772793 0.042500 0.031719
0 0.039578 0.951465 0.035344 0.034961
0 0.065367 0.626445 0.038359 0.031680
0 0.040031 0.626602 0.035406 0.029336
0 0.040539 0.309678 0.047297 0.040684
0 0.014977 0.823467 0.029953 0.034355