0 0.773109 0.461182 0.039250 0.033574
0 0.276352 0.441885 0.037016 0.033574
0 0.076656 0.502354 0.036406 0.031738
0 0.287328 0.539043 0.025469 0.026523
0 0.174055 0.637549 0.035859 0.030488
0 0.066180 0.515537 0.028297 0.025723
0 0.061227 0.851533 0.034984 0.031699
0 0.163195 0.975518 0.032828 0.031738
0 0.484867 0.515332 0.028641 0.022461
0 0.668781 0.421416 0.034594 0.029043
0 0.560562 0.534766 0.034812 0.032344
0 0.376430 0.582676 0.034609 0.032813
0 0.838344 0.621152 0.037969 0.033437
0 0.642742 0.680742 0.036641 0.035508
0 0.152680 0.761943 0.032891 0.032559
0 0.340734 0.921240 0.031156 0.031934
0 0.222641 0.854883 0.036563 0.036719
0 0.462477 0.728164 0.034516 0.035039
0 0.298391 0.713779 0.035906 0.031504
0 0.705688 0.818145 0.036688 0.035547
0 0.596016 0.989619 0.035937 0.020762
0 0.791000 0.278564 0.034500 0.028848
0 0.368891 0.812373 0.034625 0.033965
0 0.480000 0.378193 0.039031 0.036035
0 0.528008 0.865078 0.033828 0.031797
0 0.698242 0.310303 0.038172 0.036113
0 0.389227 0.220410 0.038484 0.040508
0 0.622648 0.139414 0.037328 0.036562
0 0.174008 0.282012 0.039922 0.035938
0 0.305703 0.037500 0.037156 0.037734
0 0.076664 0.101689 0.043953 0.042793
0 0.773789 0.945908 0.035391 0.030449
0 0.849367 0.060088 0.043891 0.039395
0 0.859938 0.103125 0.034781 0.030234
0 0.898719 0.243428 0.040375 0.037285
0 0.893461 0.764023 0.037984 0.032070
0 0.969102 0.399707 0.039547 0.039023
0 0.950273 0.902695 0.034266 0.031797