0 0.496516 0.502852 0.034406 0.033555
0 0.288258 0.556104 0.041516 0.034277
0 0.491016 0.644629 0.026844 0.027969
0 0.385055 0.672588 0.035859 0.030840
0 0.238297 0.640176 0.030031 0.027773
0 0.262883 0.890449 0.034984 0.031680
0 0.359875 0.989043 0.032813 0.021914
0 0.718422 0.616328 0.030531 0.027656
0 0.922984 0.514746 0.034938 0.029336
0 0.804750 0.570195 0.034812 0.032344
0 0.597992 0.615938 0.034609 0.032813
0 0.898703 0.688096 0.040781 0.035488
0 0.354984 0.794043 0.039094 0.032578
0 0.560891 0.942949 0.031156 0.031914
0 0.434828 0.874248 0.036563 0.036738
0 0.697852 0.740518 0.036547 0.035020
0 0.514156 0.749404 0.035906 0.031504
0 0.941305 0.830439 0.039172 0.033535
0 0.855320 0.990928 0.035922 0.018145
0 0.596875 0.832529 0.034625 0.033965
0 0.733500 0.410918 0.042906 0.036016
0 0.766680 0.872959 0.033828 0.031777
0 0.977664 0.329775 0.037828 0.035449
0 0.640508 0.276855 0.038484 0.040508
0 0.915016 0.152500 0.041437 0.038945
0 0.396289 0.337686 0.039922 0.035918
0 0.541352 0.122764 0.042422 0.045293
0 0.285211 0.193516 0.043953 0.043242
0 0.184570 0.418594 0.044328 0.041641
0 0.184688 0.751445 0.042500 0.031719
0 0.076687 0.934883 0.035344 0.034961
0 0.085172 0.603281 0.038375 0.031680
0 0.073477 0.557676 0.035391 0.029336
0 0.060234 0.259209 0.047281 0.040684
0 0.019836 0.805244 0.039672 0.034355