0 0.498234 0.508145 0.034406 0.033555
0 0.288180 0.559883 0.041516 0.034297
0 0.489914 0.652402 0.027141 0.028281
0 0.384555 0.674893 0.035859 0.030840
0 0.233805 0.649502 0.030047 0.027754
0 0.260555 0.893291 0.034984 0.031699
0 0.359875 0.989883 0.032813 0.020234
0 0.720953 0.624453 0.030531 0.027656
0 0.927133 0.522949 0.034953 0.029336
0 0.809422 0.574199 0.034812 0.032344
0 0.600555 0.619219 0.034609 0.032813
0 0.903703 0.690781 0.040781 0.035508
0 0.353609 0.796553 0.039094 0.032559
0 0.561047 0.945156 0.031156 0.031914
0 0.434477 0.875420 0.036578 0.036738
0 0.700258 0.741973 0.036234 0.035039
0 0.515344 0.752900 0.035906 0.031504
0 0.943391 0.832354 0.038844 0.033535
0 0.858375 0.992197 0.035937 0.015605
0 0.598203 0.834277 0.034625 0.033945
0 0.737430 0.414746 0.042922 0.036016
0 0.768398 0.874629 0.033828 0.031797
0 0.983164 0.333027 0.033672 0.035430
0 0.644648 0.281875 0.038484 0.040508
0 0.924938 0.154336 0.041437 0.038945
0 0.396898 0.342256 0.039922 0.035918
0 0.544961 0.130322 0.042422 0.045293
0 0.284570 0.200947 0.043953 0.043223
0 0.183703 0.423398 0.044344 0.041641
0 0.183828 0.754287 0.042500 0.031738
0 0.071742 0.937090 0.035359 0.034961
0 0.083711 0.605254 0.038359 0.031680
0 0.070500 0.566992 0.035406 0.029336
0 0.057664 0.265684 0.047297 0.040664
0 0.019187 0.807676 0.038375 0.034336