0 0.553219 0.448994 0.034594 0.033535
0 0.287148 0.479453 0.041516 0.037187
0 0.460484 0.628779 0.029625 0.035254
0 0.412977 0.542002 0.035859 0.035176
0 0.072266 0.674336 0.030625 0.031875
0 0.205789 0.779756 0.034984 0.036113
0 0.789109 0.612920 0.030531 0.027676
0 0.951109 0.489502 0.038063 0.036699
0 0.673180 0.516270 0.034609 0.032813
0 0.326609 0.669531 0.039094 0.038398
0 0.568656 0.807764 0.031156 0.031934
0 0.440953 0.719365 0.036563 0.036738
0 0.792836 0.585430 0.033109 0.031445
0 0.547625 0.647002 0.035906 0.031504
0 0.988938 0.694229 0.022125 0.033535
0 0.658500 0.702324 0.034625 0.033945
0 0.914687 0.325791 0.042906 0.039043
0 0.823477 0.720947 0.033828 0.031777
0 0.782211 0.264531 0.038484 0.040508
0 0.413250 0.286123 0.039906 0.035918
0 0.656398 0.176309 0.042422 0.045273
0 0.264828 0.212949 0.043969 0.038008
0 0.156875 0.407031 0.044219 0.041055
0 0.150203 0.646016 0.036062 0.031719
0 0.014664 0.501895 0.029328 0.031680
0 0.331172 0.835391 0.039469 0.035312
0 0.077180 0.864482 0.039016 0.042402
0 0.941156 0.847568 0.036906 0.028926
0 0.687828 0.865488 0.039406 0.035234
0 0.804609 0.919805 0.035344 0.034961
0 0.438570 0.896152 0.035359 0.039883
0 0.140367 0.971572 0.034641 0.031816