0 0.483453 0.475908 0.035656 0.028379
0 0.283250 0.532939 0.041531 0.033027
0 0.487273 0.601230 0.025453 0.026523
0 0.380914 0.659824 0.046172 0.030859
0 0.256352 0.587588 0.030047 0.026816
0 0.267836 0.874375 0.034984 0.031680
0 0.367016 0.986367 0.041813 0.027070
0 0.701023 0.570840 0.029578 0.027656
0 0.897461 0.470684 0.034953 0.029336
0 0.777531 0.546191 0.034812 0.032344
0 0.582750 0.595918 0.034594 0.032813
0 0.871891 0.676934 0.040781 0.035508
0 0.357461 0.778154 0.038141 0.032559
0 0.558047 0.929756 0.036531 0.031934
0 0.430484 0.866719 0.043500 0.036719
0 0.680633 0.734180 0.034516 0.035039
0 0.505781 0.732295 0.035906 0.031504
0 0.925914 0.820732 0.035984 0.031973
0 0.822555 0.988066 0.035922 0.018750
0 0.583547 0.822285 0.036938 0.033945
0 0.708180 0.392354 0.040984 0.036035
0 0.749695 0.864619 0.033828 0.031777
0 0.932297 0.312910 0.039531 0.035430
0 0.615617 0.246875 0.038484 0.040508
0 0.862906 0.142285 0.041437 0.038945
0 0.384039 0.311807 0.039922 0.035918
0 0.517258 0.079863 0.040203 0.041875
0 0.283477 0.150264 0.043953 0.036426
0 0.182016 0.392021 0.046312 0.038301
0 0.187047 0.737520 0.042500 0.031719
0 0.093047 0.921689 0.037656 0.033379
0 0.085922 0.589971 0.036406 0.033496
0 0.085492 0.505244 0.035391 0.027402
0 0.065570 0.221328 0.048484 0.040664
0 0.020125 0.793887 0.036312 0.034336