0 0.497375 0.505498 0.034406 0.033574
0 0.288211 0.557988 0.041516 0.034297
0 0.490461 0.648516 0.026984 0.028125
0 0.384805 0.673740 0.035859 0.030840
0 0.236055 0.644834 0.030047 0.027754
0 0.261719 0.891865 0.035000 0.031699
0 0.359875 0.989463 0.032813 0.021074
0 0.719688 0.620391 0.030531 0.027656
0 0.925062 0.518848 0.034938 0.029336
0 0.807094 0.572197 0.034812 0.032324
0 0.599273 0.617578 0.034609 0.032813
0 0.901203 0.689443 0.040781 0.035488
0 0.354297 0.795303 0.039094 0.032559
0 0.560969 0.944053 0.031156 0.031934
0 0.434656 0.874834 0.036562 0.036738
0 0.699055 0.741250 0.036391 0.035039
0 0.514750 0.751152 0.035906 0.031523
0 0.942352 0.831396 0.039016 0.033535
0 0.856844 0.991563 0.035937 0.016875
0 0.597547 0.833398 0.034625 0.033945
0 0.735469 0.412832 0.042906 0.036016
0 0.767539 0.873799 0.033828 0.031777
0 0.981273 0.331406 0.037453 0.035430
0 0.642586 0.279355 0.038484 0.040508
0 0.919984 0.153418 0.041437 0.038945
0 0.396594 0.339971 0.039906 0.035918
0 0.543148 0.126553 0.042422 0.045293
0 0.284883 0.197236 0.043953 0.043223
0 0.184141 0.420996 0.044344 0.041641
0 0.184266 0.752871 0.042500 0.031719
0 0.074211 0.935996 0.035359 0.034961
0 0.084445 0.604268 0.038359 0.031660
0 0.071984 0.562344 0.035406 0.029336
0 0.058945 0.262441 0.047297 0.040664
0 0.019516 0.806455 0.039031 0.034355