0 0.490766 0.485215 0.034406 0.033555
0 0.288523 0.542871 0.041516 0.034297
0 0.494852 0.617432 0.025891 0.026973
0 0.386789 0.664512 0.035859 0.030859
0 0.254023 0.607549 0.030047 0.027754
0 0.270984 0.880479 0.035000 0.031699
0 0.368430 0.986377 0.032828 0.025527
0 0.709844 0.587383 0.030531 0.027656
0 0.909609 0.486055 0.034938 0.029336
0 0.789141 0.555459 0.034813 0.032324
0 0.590234 0.604316 0.034594 0.032813
0 0.881914 0.678691 0.040797 0.035508
0 0.359797 0.785293 0.039094 0.032578
0 0.560328 0.935215 0.031156 0.031914
0 0.436062 0.870127 0.036562 0.036738
0 0.689875 0.735439 0.036750 0.035020
0 0.511203 0.737217 0.035906 0.031504
0 0.934609 0.823740 0.039094 0.033535
0 0.843211 0.989346 0.035922 0.018574
0 0.592234 0.826436 0.034625 0.033965
0 0.720422 0.397900 0.042906 0.036035
0 0.760633 0.867119 0.033828 0.031777
0 0.952422 0.318398 0.040375 0.035430
0 0.626734 0.258828 0.038469 0.040508
0 0.884922 0.146055 0.041437 0.038945
0 0.394133 0.321738 0.039922 0.035938
0 0.528687 0.096289 0.042438 0.045273
0 0.287461 0.167471 0.043953 0.043223
0 0.187594 0.401797 0.044344 0.041641
0 0.187719 0.741475 0.042500 0.031738
0 0.091648 0.925977 0.035359 0.034961
0 0.090273 0.596338 0.038359 0.031660
0 0.083922 0.525088 0.035406 0.029316
0 0.069219 0.236553 0.047281 0.040684
0 0.023352 0.799014 0.041203 0.034355