0 0.837539 0.467041 0.041203 0.033066
0 0.317016 0.459990 0.036500 0.027637
0 0.113977 0.515010 0.044234 0.031738
0 0.325602 0.578437 0.025453 0.026523
0 0.213148 0.649053 0.035859 0.030840
0 0.096594 0.557324 0.028656 0.029336
0 0.090609 0.863203 0.037531 0.031680
0 0.199945 0.980713 0.032828 0.030801
0 0.531258 0.555000 0.028641 0.023203
0 0.723313 0.462227 0.034938 0.024844
0 0.602250 0.544922 0.034812 0.032344
0 0.418141 0.592588 0.034594 0.030098
0 0.887008 0.621240 0.040453 0.033457
0 0.687688 0.684219 0.037469 0.035508
0 0.188656 0.769980 0.033750 0.032578
0 0.381891 0.925068 0.031156 0.031934
0 0.257078 0.861191 0.036562 0.036719
0 0.508859 0.733320 0.037406 0.031406
0 0.338453 0.724111 0.035906 0.031504
0 0.750172 0.825283 0.036000 0.031074
0 0.644383 0.989990 0.035922 0.018730
0 0.840664 0.316152 0.035828 0.029258
0 0.409750 0.816514 0.034625 0.033965
0 0.535781 0.390586 0.039031 0.036016
0 0.572367 0.867256 0.033828 0.031777
0 0.753383 0.321328 0.042703 0.030938
0 0.444398 0.239551 0.038484 0.040508
0 0.684586 0.149707 0.044797 0.034570
0 0.217648 0.294297 0.039922 0.031484
0 0.353633 0.063291 0.042266 0.038457
0 0.117211 0.124990 0.043953 0.041504
0 0.822328 0.944795 0.034594 0.030449
0 0.937914 0.064463 0.043891 0.039395
0 0.918258 0.143047 0.034766 0.030234
0 0.959727 0.253164 0.041797 0.033125
0 0.946203 0.763896 0.040500 0.032051
0 0.018563 0.369502 0.035687 0.034980
0 0.013109 0.723359 0.026219 0.035625