0 0.876125 0.466162 0.043125 0.033066
0 0.353391 0.463135 0.035969 0.029121
0 0.150914 0.519033 0.044328 0.031738
0 0.362922 0.583740 0.025469 0.026543
0 0.252227 0.650703 0.035859 0.030859
0 0.132633 0.564316 0.030766 0.028477
0 0.130805 0.865537 0.036891 0.031699
0 0.237953 0.982158 0.032813 0.029863
0 0.569289 0.558271 0.031578 0.024316
0 0.761570 0.463574 0.034953 0.025977
0 0.641602 0.545342 0.036953 0.032324
0 0.456023 0.594160 0.036984 0.030781
0 0.918531 0.617461 0.042938 0.033438
0 0.726680 0.682598 0.038297 0.035508
0 0.226078 0.772100 0.034594 0.032559
0 0.421906 0.926680 0.031156 0.031914
0 0.296906 0.863174 0.036563 0.036738
0 0.547203 0.733770 0.039219 0.032305
0 0.375703 0.726240 0.038062 0.031504
0 0.789813 0.823799 0.036000 0.030918
0 0.685063 0.989355 0.035937 0.018750
0 0.877938 0.316855 0.036719 0.029258
0 0.448898 0.817578 0.036422 0.033945
0 0.573734 0.390801 0.039031 0.036016
0 0.612852 0.866963 0.033828 0.031777
0 0.792102 0.319072 0.041422 0.032051
0 0.481164 0.240605 0.038484 0.040508
0 0.723414 0.148105 0.043953 0.035664
0 0.253766 0.297900 0.039906 0.032598
0 0.390398 0.066465 0.043766 0.038477
0 0.150961 0.129766 0.043953 0.040234
0 0.862820 0.943330 0.033797 0.030449
0 0.974305 0.058271 0.043891 0.039395
0 0.958195 0.143496 0.034766 0.030234
0 0.986875 0.254902 0.026250 0.036602
0 0.978500 0.765391 0.043000 0.032070
0 0.046930 0.372900 0.050297 0.034980
0 0.041609 0.727187 0.042500 0.035625