0 0.550047 0.459688 0.034406 0.033555
0 0.287953 0.487383 0.041531 0.037187
0 0.458555 0.634922 0.029609 0.035273
0 0.412727 0.558252 0.035859 0.035176
0 0.079406 0.678564 0.030687 0.031855
0 0.207414 0.788975 0.034984 0.036113
0 0.785984 0.620781 0.030531 0.027656
0 0.942430 0.498037 0.038984 0.036699
0 0.668133 0.526563 0.034609 0.032813
0 0.328062 0.679043 0.039094 0.038398
0 0.568047 0.820215 0.031156 0.031914
0 0.440047 0.732002 0.036562 0.036738
0 0.785422 0.601689 0.033094 0.031426
0 0.547070 0.657842 0.035922 0.031504
0 0.986461 0.705693 0.027078 0.033535
0 0.655687 0.713662 0.034625 0.033965
0 0.906070 0.336738 0.042922 0.039023
0 0.818055 0.734121 0.033828 0.031797
0 0.776383 0.275342 0.038484 0.040527
0 0.409891 0.296377 0.039906 0.035918
0 0.649867 0.176182 0.042422 0.045293
0 0.265477 0.220410 0.043953 0.043242
0 0.157766 0.413867 0.044344 0.041641
0 0.152266 0.659316 0.036062 0.035273
0 0.013859 0.513965 0.027719 0.031680
0 0.330250 0.843730 0.039469 0.035312
0 0.078211 0.878555 0.041266 0.042695
0 0.936602 0.861729 0.037328 0.028926
0 0.685867 0.876406 0.039578 0.036914
0 0.801430 0.938184 0.036766 0.037539
0 0.437070 0.908066 0.040016 0.039883
0 0.145016 0.983496 0.034625 0.031797