0 0.504281 0.526670 0.034406 0.033574
0 0.287898 0.573105 0.041516 0.034297
0 0.486078 0.679600 0.028094 0.029277
0 0.389805 0.682969 0.035859 0.030859
0 0.213094 0.682119 0.030031 0.027754
0 0.252453 0.903262 0.035000 0.031680
0 0.356820 0.992539 0.032828 0.014922
0 0.729797 0.652871 0.030531 0.027656
0 0.941648 0.551641 0.034953 0.029336
0 0.825781 0.588193 0.034812 0.032324
0 0.609508 0.630645 0.034609 0.032813
0 0.921203 0.700186 0.040781 0.035488
0 0.348805 0.805313 0.039078 0.032578
0 0.561594 0.952891 0.031156 0.031914
0 0.433234 0.879541 0.036563 0.036738
0 0.708688 0.747051 0.035156 0.035039
0 0.519500 0.765088 0.035906 0.031504
0 0.950680 0.839053 0.037734 0.033535
0 0.602859 0.840371 0.034625 0.033945
0 0.762930 0.428145 0.042922 0.036016
0 0.774445 0.880469 0.033828 0.031797
0 0.661336 0.304121 0.038484 0.040508
0 0.964250 0.165566 0.040281 0.038945
0 0.399055 0.358203 0.039922 0.035938
0 0.560195 0.160830 0.042422 0.045293
0 0.282305 0.226992 0.043953 0.043242
0 0.180688 0.449141 0.044344 0.041641
0 0.180812 0.764258 0.042500 0.031719
0 0.054422 0.944824 0.035344 0.034961
0 0.073836 0.616670 0.038359 0.031660
0 0.054094 0.599092 0.035406 0.029316
0 0.048680 0.288340 0.047297 0.040664
0 0.016922 0.816182 0.033844 0.034355