0 0.545391 0.571016 0.034406 0.033555
0 0.285695 0.598672 0.041516 0.035742
0 0.463914 0.745732 0.029609 0.033066
0 0.408367 0.676143 0.035859 0.033027
0 0.098555 0.782256 0.030703 0.031855
0 0.212320 0.907871 0.034984 0.033906
0 0.777313 0.727539 0.030531 0.027656
0 0.926758 0.613789 0.038984 0.036680
0 0.662883 0.642969 0.034609 0.032813
0 0.330672 0.798252 0.039094 0.035488
0 0.565687 0.942949 0.031156 0.031914
0 0.436625 0.856797 0.036562 0.036719
0 0.769406 0.726562 0.033094 0.031445
0 0.542891 0.775566 0.035906 0.031523
0 0.982688 0.829697 0.034625 0.033535
0 0.648687 0.835342 0.034625 0.033965
0 0.888336 0.450156 0.042922 0.039023
0 0.814227 0.857646 0.033828 0.031777
0 0.758055 0.378594 0.038484 0.040508
0 0.407383 0.403779 0.039922 0.035918
0 0.637102 0.276943 0.042422 0.045293
0 0.268102 0.321807 0.043953 0.043223
0 0.161469 0.526250 0.044344 0.041641
0 0.159406 0.775615 0.036062 0.035215
0 0.018852 0.628115 0.031828 0.031660
0 0.007648 0.370869 0.015297 0.040684
0 0.520250 0.007090 0.035375 0.014180
0 0.148719 0.005322 0.038781 0.010645
0 0.334359 0.973604 0.039469 0.044902
0 0.928172 0.985537 0.037312 0.028926