0 0.517305 0.562031 0.034422 0.033555
0 0.287164 0.599521 0.041516 0.034277
0 0.474578 0.727666 0.029625 0.030879
0 0.398633 0.698154 0.035859 0.030840
0 0.165305 0.744844 0.030172 0.028242
0 0.235930 0.922324 0.034984 0.031680
0 0.747766 0.706738 0.030531 0.027656
0 0.969047 0.603984 0.032344 0.029336
0 0.864750 0.620088 0.035344 0.032871
0 0.631992 0.654746 0.034609 0.032813
0 0.962789 0.717188 0.037641 0.035508
0 0.339969 0.821641 0.039094 0.032578
0 0.562891 0.966855 0.031156 0.031914
0 0.432094 0.888115 0.036563 0.036738
0 0.736961 0.754473 0.034516 0.035039
0 0.528125 0.788193 0.035906 0.031504
0 0.964813 0.851816 0.036000 0.033555
0 0.623609 0.861045 0.034625 0.033965
0 0.819992 0.458262 0.042922 0.036406
0 0.787633 0.890830 0.033828 0.031777
0 0.699945 0.356621 0.038484 0.040508
0 0.404133 0.396943 0.039922 0.035918
0 0.591008 0.229326 0.042422 0.045293
0 0.276336 0.285908 0.043953 0.043223
0 0.174234 0.498066 0.044344 0.041641
0 0.174516 0.784082 0.042500 0.031719
0 0.023234 0.959883 0.032844 0.034961
0 0.053680 0.639238 0.038359 0.031680
0 0.023891 0.657529 0.032625 0.029316
0 0.029203 0.340840 0.045031 0.040664
0 0.012633 0.832812 0.025266 0.034336