0 0.536797 0.596455 0.034406 0.033574
0 0.285492 0.630430 0.041516 0.034297
0 0.465711 0.770225 0.029609 0.030879
0 0.407820 0.711904 0.035859 0.030840
0 0.116336 0.802734 0.030703 0.031016
0 0.215117 0.941045 0.034984 0.031699
0 0.770047 0.757285 0.030531 0.027656
0 0.992758 0.644023 0.014484 0.029336
0 0.910352 0.647568 0.038203 0.035879
0 0.655805 0.674590 0.034609 0.032813
0 0.992539 0.728506 0.014922 0.035488
0 0.332961 0.835742 0.039078 0.032578
0 0.565297 0.976846 0.031156 0.031934
0 0.436437 0.899600 0.036562 0.036738
0 0.765414 0.764678 0.033453 0.032324
0 0.539531 0.809834 0.035906 0.031504
0 0.978703 0.866455 0.036000 0.033535
0 0.641875 0.871387 0.034625 0.033945
0 0.871328 0.483271 0.042906 0.038457
0 0.807898 0.897334 0.033828 0.031777
0 0.742992 0.400957 0.038484 0.040508
0 0.409148 0.435146 0.039922 0.035918
0 0.627680 0.294561 0.042422 0.045293
0 0.271367 0.342666 0.043953 0.043223
0 0.164922 0.544668 0.044344 0.041641
0 0.165078 0.808027 0.039281 0.031719
0 0.003078 0.978584 0.006156 0.027246
0 0.028227 0.664795 0.038359 0.031660
0 0.004234 0.710762 0.008469 0.029336
0 0.013875 0.394453 0.027750 0.040664
0 0.003164 0.849121 0.006328 0.024609
0 0.514086 0.010703 0.030766 0.019297
0 0.153727 0.007109 0.038766 0.014219