0 0.529703 0.583936 0.034406 0.033574
0 0.286102 0.619189 0.041516 0.034277
0 0.468930 0.754736 0.029609 0.030879
0 0.404477 0.706904 0.035859 0.030840
0 0.134234 0.782129 0.030594 0.029961
0 0.222680 0.934238 0.034984 0.031680
0 0.761953 0.738896 0.030531 0.027676
0 0.985109 0.629355 0.023219 0.029336
0 0.893766 0.637568 0.037156 0.034785
0 0.647148 0.667383 0.034609 0.032813
0 0.982586 0.725000 0.026641 0.035508
0 0.335516 0.830625 0.039094 0.032578
0 0.564422 0.973213 0.031156 0.031934
0 0.434859 0.895430 0.036562 0.036719
0 0.757117 0.760947 0.034516 0.035020
0 0.535375 0.801963 0.035906 0.031504
0 0.974187 0.859619 0.036000 0.033535
0 0.635234 0.867637 0.034625 0.033945
0 0.852656 0.474170 0.042906 0.037715
0 0.800539 0.894971 0.033828 0.031777
0 0.727336 0.384834 0.038484 0.040527
0 0.407320 0.421250 0.039922 0.035938
0 0.614336 0.270840 0.042422 0.045273
0 0.273172 0.322031 0.043969 0.043242
0 0.168313 0.527715 0.044344 0.041641
0 0.169125 0.798711 0.042500 0.031719
0 0.009922 0.971592 0.019844 0.031113
0 0.037477 0.655508 0.038359 0.031680
0 0.010125 0.687705 0.020250 0.029316
0 0.017898 0.375820 0.035797 0.040664
0 0.007703 0.842881 0.015406 0.031777