0 0.557922 0.465098 0.035500 0.033320
0 0.286492 0.493916 0.041516 0.036074
0 0.456477 0.651465 0.029609 0.034023
0 0.418195 0.549268 0.035859 0.033496
0 0.048320 0.700410 0.030234 0.031875
0 0.197094 0.788555 0.035000 0.036094
0 0.800766 0.637568 0.031938 0.028730
0 0.972102 0.503887 0.033391 0.036680
0 0.682813 0.524492 0.034594 0.032813
0 0.325641 0.675557 0.039094 0.037988
0 0.570234 0.815068 0.031156 0.031934
0 0.442555 0.721035 0.036578 0.036719
0 0.805984 0.588223 0.033094 0.031445
0 0.552734 0.654697 0.035906 0.031504
0 0.994625 0.705459 0.010750 0.033535
0 0.667453 0.706533 0.034625 0.033965
0 0.937406 0.339424 0.042906 0.039043
0 0.831258 0.724258 0.033828 0.031797
0 0.800680 0.286113 0.038484 0.040508
0 0.416305 0.302861 0.039922 0.035918
0 0.673109 0.203662 0.042438 0.045293
0 0.261539 0.241689 0.043953 0.037988
0 0.149914 0.428672 0.043578 0.038086
0 0.144203 0.656875 0.036062 0.031719
0 0.010594 0.511436 0.021188 0.031660
0 0.327766 0.838633 0.039469 0.032617
0 0.064477 0.864824 0.037484 0.040859
0 0.957711 0.853545 0.034859 0.028926
0 0.691625 0.866396 0.038469 0.034434
0 0.815195 0.916729 0.035328 0.033105
0 0.437867 0.893408 0.035359 0.037051
0 0.124195 0.973789 0.034641 0.031797