0 0.564492 0.483945 0.036766 0.036016
0 0.285586 0.511260 0.041516 0.035957
0 0.452258 0.681045 0.029609 0.032285
0 0.425508 0.555293 0.035859 0.033320
0 0.017203 0.734336 0.029719 0.031875
0 0.185617 0.797383 0.034984 0.036094
0 0.816602 0.668828 0.033359 0.029805
0 0.986672 0.514189 0.026656 0.036699
0 0.695961 0.532969 0.034609 0.032812
0 0.324266 0.682256 0.039094 0.037402
0 0.572781 0.821426 0.031156 0.031914
0 0.444484 0.723037 0.036563 0.036738
0 0.826500 0.588418 0.033938 0.034219
0 0.557813 0.661582 0.035906 0.031523
0 0.681031 0.708125 0.034625 0.033945
0 0.969211 0.358506 0.042922 0.039043
0 0.841023 0.725313 0.033828 0.031797
0 0.826555 0.316328 0.038484 0.040508
0 0.419539 0.324580 0.039922 0.035918
0 0.696508 0.241943 0.042422 0.045293
0 0.256937 0.279678 0.043969 0.037988
0 0.140156 0.456934 0.042750 0.035430
0 0.136141 0.669063 0.036062 0.031719
0 0.320219 0.840547 0.039469 0.032344
0 0.046016 0.862725 0.035344 0.038691
0 0.978328 0.858311 0.031969 0.028926
0 0.696094 0.863721 0.037187 0.033340
0 0.831734 0.908486 0.035344 0.030488
0 0.436523 0.886533 0.035359 0.033105
0 0.100867 0.974326 0.034641 0.031816
0 0.562539 0.015518 0.033578 0.031035