0 0.495656 0.500205 0.034406 0.033574
0 0.288289 0.554219 0.041516 0.034297
0 0.491563 0.640752 0.026719 0.027832
0 0.385297 0.671436 0.035875 0.030840
0 0.240547 0.635518 0.030031 0.027754
0 0.264039 0.889023 0.034984 0.031680
0 0.361102 0.988662 0.032828 0.022441
0 0.717156 0.612266 0.030531 0.027656
0 0.920914 0.510645 0.034953 0.029336
0 0.802422 0.568203 0.034813 0.032344
0 0.596719 0.614316 0.034594 0.032813
0 0.896203 0.686758 0.040781 0.035508
0 0.355672 0.792793 0.039094 0.032578
0 0.560812 0.941846 0.031156 0.031934
0 0.435000 0.873662 0.036563 0.036738
0 0.696641 0.739795 0.036719 0.035020
0 0.513563 0.747666 0.035906 0.031504
0 0.940266 0.829482 0.039312 0.033535
0 0.853586 0.990693 0.035922 0.018223
0 0.596219 0.831660 0.034625 0.033945
0 0.731539 0.409004 0.042922 0.036016
0 0.765805 0.872129 0.033828 0.031797
0 0.974062 0.328154 0.038188 0.035449
0 0.638445 0.274336 0.038484 0.040508
0 0.910063 0.151582 0.041438 0.038945
0 0.395977 0.335410 0.039922 0.035938
0 0.539539 0.118975 0.042422 0.045293
0 0.285523 0.189795 0.043953 0.043223
0 0.185000 0.416191 0.044344 0.041641
0 0.185125 0.750020 0.042500 0.031719
0 0.078820 0.933613 0.035359 0.034961
0 0.085898 0.602285 0.038359 0.031680
0 0.074969 0.553027 0.035406 0.029336
0 0.061516 0.255977 0.047281 0.040664
0 0.020336 0.804355 0.039891 0.034336