0 0.755672 0.453340 0.039250 0.034453
0 0.276289 0.428936 0.037016 0.033574
0 0.077359 0.494102 0.036406 0.031758
0 0.288953 0.506895 0.025469 0.026523
0 0.174055 0.632412 0.035859 0.029902
0 0.076055 0.481436 0.028297 0.028965
0 0.071805 0.844785 0.034984 0.031680
0 0.166383 0.972959 0.032828 0.031738
0 0.485227 0.481953 0.028641 0.024531
0 0.659516 0.392246 0.033031 0.027656
0 0.558516 0.525361 0.034812 0.032324
0 0.373266 0.573379 0.034594 0.032813
0 0.828313 0.615176 0.037969 0.033437
0 0.638422 0.672256 0.036656 0.035488
0 0.158156 0.754531 0.032875 0.032578
0 0.341688 0.919463 0.031156 0.031934
0 0.229703 0.848613 0.036563 0.036719
0 0.457461 0.721895 0.034516 0.035039
0 0.298609 0.708936 0.035906 0.031504
0 0.701008 0.811582 0.034641 0.035547
0 0.591734 0.987939 0.035937 0.024121
0 0.782453 0.248779 0.032594 0.026973
0 0.365250 0.809004 0.034625 0.033945
0 0.471156 0.368242 0.039031 0.036016
0 0.526641 0.860801 0.033844 0.031797
0 0.686156 0.297764 0.039094 0.037246
0 0.381461 0.206426 0.038484 0.040508
0 0.607273 0.128711 0.036422 0.036289
0 0.172539 0.270771 0.039922 0.035918
0 0.289922 0.029258 0.035750 0.036523
0 0.073414 0.089385 0.043953 0.042793
0 0.768328 0.941631 0.035375 0.030449
0 0.817102 0.053145 0.043891 0.039375
0 0.851250 0.067363 0.034781 0.030234
0 0.885258 0.232891 0.040391 0.038438
0 0.889367 0.758604 0.037984 0.032051
0 0.954937 0.395811 0.039531 0.039004
0 0.944961 0.896670 0.034266 0.031816