0 0.770445 0.460400 0.039266 0.033652
0 0.276430 0.440352 0.037016 0.033555
0 0.076719 0.501514 0.036406 0.031738
0 0.287391 0.535000 0.025469 0.026523
0 0.174055 0.637031 0.035859 0.030430
0 0.067164 0.512119 0.028297 0.026035
0 0.062523 0.850713 0.034984 0.031699
0 0.163508 0.975264 0.032828 0.031738
0 0.484844 0.511143 0.028625 0.022676
0 0.667391 0.417842 0.034250 0.028730
0 0.560359 0.533828 0.034812 0.032344
0 0.376117 0.581758 0.034609 0.032813
0 0.837344 0.620557 0.037969 0.033457
0 0.642305 0.679893 0.036641 0.035488
0 0.153227 0.761201 0.032891 0.032559
0 0.340828 0.921064 0.031156 0.031934
0 0.223344 0.854258 0.036562 0.036719
0 0.461977 0.727539 0.034516 0.035039
0 0.298406 0.713311 0.035906 0.031504
0 0.705023 0.817480 0.036109 0.035547
0 0.595586 0.989453 0.035922 0.021094
0 0.789805 0.275117 0.034078 0.028437
0 0.368516 0.812041 0.034625 0.033965
0 0.478836 0.377061 0.039047 0.036035
0 0.527867 0.864648 0.033828 0.031797
0 0.697039 0.309053 0.038266 0.036230
0 0.388445 0.219004 0.038484 0.040508
0 0.620875 0.138174 0.037250 0.036543
0 0.173477 0.280615 0.039922 0.035918
0 0.304125 0.036670 0.037000 0.037598
0 0.076461 0.100078 0.043953 0.042773
0 0.772859 0.945479 0.035375 0.030449
0 0.845211 0.059453 0.043891 0.039375
0 0.858938 0.098740 0.034781 0.030254
0 0.897375 0.242373 0.040375 0.037402
0 0.893055 0.763477 0.037984 0.032070
0 0.966992 0.399434 0.039547 0.039023
0 0.949297 0.902100 0.034250 0.031816