0 0.778445 0.463457 0.039266 0.033398
0 0.276211 0.444961 0.037016 0.033555
0 0.076516 0.503994 0.036406 0.031738
0 0.287031 0.546367 0.025469 0.026523
0 0.174055 0.638574 0.035859 0.030625
0 0.064352 0.522275 0.028297 0.026348
0 0.058648 0.853174 0.034984 0.031699
0 0.162555 0.976035 0.032828 0.031758
0 0.486102 0.524551 0.028641 0.027656
0 0.671414 0.429648 0.034953 0.029336
0 0.560984 0.536641 0.034813 0.032344
0 0.377070 0.584551 0.034609 0.032813
0 0.840359 0.622354 0.037969 0.033457
0 0.643602 0.682441 0.036641 0.035508
0 0.151586 0.763428 0.032891 0.032559
0 0.340547 0.921602 0.031156 0.031914
0 0.221234 0.856143 0.036563 0.036738
0 0.463477 0.729414 0.034516 0.035039
0 0.298344 0.714756 0.035906 0.031504
0 0.707008 0.819453 0.037891 0.035547
0 0.596875 0.989961 0.035937 0.020078
0 0.792914 0.286348 0.034922 0.029258
0 0.369609 0.813047 0.034625 0.033945
0 0.483383 0.380215 0.039047 0.036016
0 0.528289 0.865928 0.033828 0.031777
0 0.701367 0.312812 0.037984 0.035898
0 0.391898 0.223906 0.038484 0.040508
0 0.627023 0.141934 0.037516 0.036641
0 0.175586 0.284053 0.039922 0.035918
0 0.308148 0.040547 0.037422 0.037969
0 0.077086 0.104922 0.043953 0.042773
0 0.775656 0.946768 0.035375 0.030449
0 0.858367 0.062344 0.043891 0.039375
0 0.863531 0.112168 0.034781 0.030234
0 0.902258 0.245537 0.040391 0.037051
0 0.894289 0.765107 0.037984 0.032051
0 0.973594 0.400283 0.039531 0.039004
0 0.953633 0.904414 0.034266 0.031797