0 0.775773 0.461963 0.039266 0.033496
0 0.276289 0.443428 0.037016 0.033574
0 0.076578 0.503174 0.036406 0.031738
0 0.287281 0.543086 0.025469 0.026523
0 0.174055 0.638066 0.035859 0.030547
0 0.065195 0.518945 0.028297 0.025391
0 0.059945 0.852354 0.034984 0.031699
0 0.162867 0.975781 0.032828 0.031758
0 0.484773 0.520615 0.028641 0.027676
0 0.670164 0.425000 0.034953 0.029336
0 0.560773 0.535703 0.034828 0.032344
0 0.376750 0.583613 0.034594 0.032812
0 0.839344 0.621758 0.037969 0.033438
0 0.643172 0.681592 0.036656 0.035488
0 0.152133 0.762686 0.032891 0.032559
0 0.340641 0.921416 0.031156 0.031934
0 0.221938 0.855518 0.036563 0.036738
0 0.462977 0.728789 0.034516 0.035039
0 0.298359 0.714268 0.035906 0.031504
0 0.706352 0.818789 0.037297 0.035547
0 0.596445 0.989785 0.035922 0.020430
0 0.792203 0.281992 0.034938 0.029258
0 0.369250 0.812715 0.034625 0.033945
0 0.481172 0.379336 0.039031 0.036016
0 0.528148 0.865508 0.033828 0.031797
0 0.699453 0.311563 0.038062 0.036016
0 0.390008 0.221797 0.038484 0.040508
0 0.624414 0.140654 0.037422 0.036621
0 0.174539 0.283408 0.039922 0.035918
0 0.307281 0.038320 0.037281 0.037852
0 0.076883 0.103311 0.043953 0.042793
0 0.774719 0.946338 0.035375 0.030449
0 0.853508 0.060723 0.043891 0.039375
0 0.860953 0.107500 0.034781 0.030234
0 0.900070 0.244482 0.040391 0.037168
0 0.893875 0.764561 0.038000 0.032051
0 0.971203 0.399980 0.039531 0.039023
0 0.951242 0.903301 0.034266 0.031797