0 0.567852 0.437539 0.036953 0.038945
0 0.283195 0.462637 0.041516 0.037187
0 0.451672 0.633828 0.029625 0.029102
0 0.428523 0.502988 0.035859 0.039336
0 0.012102 0.693379 0.023453 0.032148
0 0.183008 0.745273 0.034984 0.036094
0 0.823102 0.626035 0.033359 0.029805
0 0.990250 0.465371 0.019500 0.036680
0 0.700492 0.482637 0.034609 0.036328
0 0.323648 0.627861 0.037703 0.036582
0 0.574375 0.761533 0.031156 0.033965
0 0.443703 0.666475 0.036563 0.033066
0 0.833906 0.532334 0.033094 0.032480
0 0.558891 0.613027 0.035906 0.034414
0 0.687500 0.652979 0.034625 0.033965
0 0.978133 0.308125 0.035453 0.036914
0 0.846930 0.671865 0.033828 0.037246
0 0.840539 0.272715 0.038484 0.040508
0 0.418273 0.276768 0.039922 0.035918
0 0.707961 0.203437 0.042422 0.043164
0 0.254203 0.236279 0.043969 0.037988
0 0.135195 0.413760 0.042672 0.036348
0 0.134156 0.609912 0.036063 0.033105
0 0.316047 0.783945 0.039469 0.035313
0 0.037062 0.805898 0.035031 0.036953
0 0.981883 0.798506 0.029359 0.028926
0 0.698352 0.805186 0.036984 0.033184
0 0.837375 0.849160 0.035344 0.034258
0 0.436023 0.829209 0.035359 0.034590
0 0.097445 0.915605 0.034641 0.034453
0 0.559828 0.945068 0.041531 0.032129
0 0.213141 0.950225 0.035625 0.032285
0 0.336148 0.990410 0.030547 0.015273
0 0.960461 0.961826 0.035922 0.019199
0 0.695438 0.974502 0.030531 0.031816