0 0.960063 0.459092 0.047000 0.033066
0 0.426141 0.469424 0.034938 0.032090
0 0.224781 0.527100 0.044500 0.031738
0 0.437578 0.594336 0.025469 0.026523
0 0.330383 0.654004 0.035859 0.030859
0 0.204695 0.578301 0.034984 0.026758
0 0.211195 0.870195 0.035609 0.031680
0 0.313961 0.985029 0.032828 0.027988
0 0.645336 0.564814 0.037453 0.026543
0 0.838094 0.466270 0.034937 0.028203
0 0.720320 0.546191 0.041234 0.032344
0 0.531797 0.597295 0.041719 0.032129
0 0.993945 0.609648 0.012109 0.033438
0 0.804672 0.679355 0.039969 0.035508
0 0.300914 0.776348 0.036328 0.032578
0 0.501922 0.929922 0.031156 0.031914
0 0.376547 0.867119 0.036563 0.036738
0 0.623891 0.734658 0.042844 0.034121
0 0.450219 0.730479 0.042375 0.031504
0 0.869094 0.820840 0.036000 0.030586
0 0.766414 0.988086 0.035922 0.018750
0 0.960117 0.316855 0.038516 0.029258
0 0.527195 0.819697 0.039984 0.033965
0 0.649625 0.391221 0.039031 0.036035
0 0.693805 0.866377 0.033828 0.031777
0 0.869539 0.314551 0.038891 0.034297
0 0.554711 0.242725 0.038484 0.040527
0 0.801086 0.144902 0.042266 0.037852
0 0.325992 0.305107 0.039922 0.034824
0 0.463945 0.072822 0.046797 0.038457
0 0.225727 0.141074 0.051672 0.037695
0 0.943789 0.940381 0.032234 0.030449
0 0.125336 0.383926 0.051828 0.035000
0 0.125656 0.734141 0.042500 0.031719
0 0.035023 0.918662 0.035359 0.031816
0 0.030445 0.586602 0.034422 0.026719
0 0.030914 0.489209 0.035359 0.025488
0 0.019219 0.209355 0.038437 0.040664