0 0.754578 0.450986 0.039250 0.034707
0 0.275930 0.426123 0.037016 0.033574
0 0.077578 0.491631 0.036406 0.031738
0 0.289938 0.500977 0.025469 0.026523
0 0.174055 0.630859 0.035859 0.029727
0 0.079008 0.471211 0.028297 0.029922
0 0.073945 0.843408 0.034984 0.031699
0 0.167336 0.972187 0.032828 0.031758
0 0.485609 0.475781 0.028625 0.025156
0 0.658797 0.386475 0.033406 0.027988
0 0.557906 0.522539 0.034812 0.032344
0 0.372320 0.570586 0.034609 0.032813
0 0.825297 0.613379 0.037969 0.033438
0 0.637125 0.669707 0.036656 0.035508
0 0.159797 0.752305 0.032875 0.032578
0 0.341969 0.918926 0.031156 0.031914
0 0.231828 0.846729 0.036563 0.036738
0 0.455961 0.720010 0.034516 0.035020
0 0.298687 0.707490 0.035906 0.031504
0 0.700477 0.809609 0.035766 0.035547
0 0.590453 0.987441 0.035937 0.025117
0 0.781438 0.241924 0.033062 0.027441
0 0.364156 0.807998 0.034625 0.033965
0 0.469766 0.365879 0.039031 0.036016
0 0.526227 0.859521 0.033828 0.031777
0 0.682539 0.294004 0.039359 0.037617
0 0.379133 0.202246 0.038484 0.040508
0 0.603695 0.126279 0.036141 0.036191
0 0.173836 0.268643 0.039922 0.035918
0 0.285195 0.026797 0.035328 0.036172
0 0.071914 0.087422 0.043953 0.042773
0 0.768406 0.940361 0.035375 0.030449
0 0.811570 0.050801 0.043891 0.039375
0 0.849266 0.060273 0.034781 0.030234
0 0.881219 0.229727 0.040375 0.038789
0 0.888133 0.756982 0.037984 0.032051
0 0.953797 0.394121 0.039531 0.039023
0 0.945352 0.894863 0.034266 0.031797
0 0.996383 0.558613 0.007234 0.039219