0 0.493922 0.494912 0.034406 0.033574
0 0.288367 0.550430 0.041516 0.034297
0 0.492656 0.632969 0.026438 0.027539
0 0.385789 0.669121 0.035859 0.030859
0 0.245039 0.626191 0.030047 0.027773
0 0.266352 0.886172 0.034984 0.031680
0 0.363539 0.987900 0.032828 0.023457
0 0.714625 0.604150 0.030531 0.027676
0 0.916766 0.502441 0.034938 0.029336
0 0.797750 0.564199 0.034813 0.032344
0 0.594164 0.611035 0.034609 0.032813
0 0.891203 0.684063 0.040781 0.035508
0 0.357047 0.790293 0.039094 0.032578
0 0.560648 0.939639 0.031172 0.031934
0 0.435359 0.872480 0.036562 0.036719
0 0.694234 0.738340 0.037031 0.035039
0 0.512359 0.744189 0.035906 0.031504
0 0.938180 0.827568 0.039641 0.033535
0 0.850125 0.990244 0.035937 0.018340
0 0.594891 0.829922 0.034625 0.033945
0 0.727609 0.405186 0.042906 0.036035
0 0.764086 0.870459 0.033828 0.031777
0 0.966852 0.324902 0.038922 0.035430
0 0.634320 0.269316 0.038484 0.040508
0 0.901063 0.149746 0.041438 0.038945
0 0.395359 0.330850 0.039906 0.035918
0 0.535922 0.111416 0.042437 0.045293
0 0.286180 0.182354 0.043953 0.043223
0 0.185859 0.411406 0.044344 0.041641
0 0.185984 0.747168 0.042500 0.031719
0 0.083102 0.931074 0.035359 0.034961
0 0.087367 0.600303 0.038359 0.031660
0 0.077953 0.543711 0.035406 0.029336
0 0.064086 0.249502 0.047297 0.040684
0 0.021336 0.802568 0.040328 0.034355