0 0.522625 0.571416 0.034406 0.033574
0 0.286711 0.607949 0.041516 0.034297
0 0.472164 0.739268 0.029609 0.030879
0 0.401133 0.701904 0.035859 0.030840
0 0.151984 0.760820 0.030344 0.028984
0 0.230250 0.927432 0.035000 0.031699
0 0.753844 0.720518 0.030531 0.027676
0 0.975930 0.614863 0.028422 0.029336
0 0.877188 0.627578 0.036125 0.033711
0 0.638484 0.660156 0.034594 0.032812
0 0.971273 0.720537 0.032922 0.035488
0 0.338063 0.825488 0.039094 0.032578
0 0.563547 0.969580 0.031156 0.031934
0 0.433281 0.891250 0.036562 0.036719
0 0.746508 0.755352 0.034516 0.035039
0 0.531234 0.794092 0.035906 0.031504
0 0.968828 0.855166 0.036000 0.033535
0 0.628594 0.863867 0.034625 0.033945
0 0.833992 0.465078 0.042922 0.036953
0 0.793164 0.892607 0.033828 0.031777
0 0.711695 0.368711 0.038484 0.040508
0 0.405500 0.407354 0.039906 0.035918
0 0.601008 0.247119 0.042422 0.045293
0 0.274977 0.301387 0.043953 0.043242
0 0.171703 0.510762 0.044344 0.041641
0 0.172203 0.790352 0.042500 0.031719
0 0.017258 0.964248 0.029078 0.034980
0 0.046742 0.646211 0.038359 0.031680
0 0.017250 0.669531 0.028437 0.029336
0 0.023492 0.356104 0.041641 0.040684
0 0.011539 0.837725 0.023078 0.034355