0 0.499094 0.510791 0.034406 0.033574
0 0.288133 0.561777 0.041516 0.034297
0 0.489367 0.656279 0.027266 0.028418
0 0.385305 0.676045 0.035859 0.030840
0 0.230852 0.654150 0.030047 0.027754
0 0.259398 0.894717 0.034984 0.031699
0 0.359875 0.990312 0.032813 0.019375
0 0.722219 0.628516 0.030531 0.027656
0 0.929211 0.527041 0.034953 0.029355
0 0.811766 0.576191 0.034812 0.032344
0 0.601836 0.620840 0.034609 0.032812
0 0.906203 0.692129 0.040781 0.035508
0 0.352922 0.797803 0.039094 0.032559
0 0.561125 0.946260 0.031156 0.031934
0 0.434297 0.876006 0.036562 0.036738
0 0.701461 0.742695 0.036078 0.035039
0 0.515937 0.754639 0.035906 0.031504
0 0.944438 0.833311 0.038688 0.033535
0 0.859898 0.992832 0.035922 0.014336
0 0.598875 0.835137 0.034625 0.033945
0 0.741070 0.416660 0.042922 0.036016
0 0.769273 0.875459 0.033828 0.031777
0 0.985063 0.334648 0.029875 0.035430
0 0.646711 0.284385 0.038484 0.040527
0 0.929891 0.155254 0.041437 0.038945
0 0.397211 0.344521 0.039922 0.035918
0 0.546773 0.134111 0.042422 0.045293
0 0.284242 0.204678 0.043953 0.043223
0 0.183281 0.427070 0.044344 0.041641
0 0.183406 0.755703 0.042500 0.031719
0 0.069266 0.938203 0.035344 0.034961
0 0.082305 0.606885 0.038359 0.031660
0 0.068156 0.571582 0.035406 0.029336
0 0.056383 0.268916 0.047297 0.040684
0 0.018867 0.808887 0.037734 0.034336