0 0.762453 0.458057 0.039250 0.033926
0 0.276633 0.435742 0.037016 0.033555
0 0.076938 0.499053 0.036406 0.031738
0 0.287531 0.522871 0.025469 0.026523
0 0.174055 0.635488 0.035859 0.030273
0 0.070133 0.501895 0.028297 0.027031
0 0.066383 0.848252 0.034984 0.031699
0 0.164461 0.974502 0.032828 0.031738
0 0.484766 0.498574 0.028625 0.023281
0 0.663242 0.407090 0.033203 0.027813
0 0.559750 0.530996 0.034812 0.032344
0 0.375164 0.578965 0.034609 0.032813
0 0.834328 0.618770 0.037969 0.033438
0 0.641016 0.677344 0.036656 0.035508
0 0.154867 0.758984 0.032891 0.032578
0 0.341109 0.920527 0.031156 0.031914
0 0.225469 0.852373 0.036563 0.036738
0 0.460477 0.725654 0.034516 0.035020
0 0.298484 0.711846 0.035906 0.031504
0 0.703039 0.815508 0.034328 0.035547
0 0.594305 0.988955 0.035922 0.022090
0 0.786203 0.264795 0.032812 0.027207
0 0.367438 0.811035 0.034625 0.033945
0 0.475344 0.373652 0.039031 0.036016
0 0.527461 0.863369 0.033828 0.031777
0 0.693414 0.305283 0.038547 0.036582
0 0.386117 0.214814 0.038484 0.040527
0 0.615578 0.134443 0.036969 0.036465
0 0.171867 0.276416 0.039922 0.035918
0 0.299391 0.034209 0.036594 0.037246
0 0.075820 0.095234 0.043953 0.042773
0 0.770063 0.944209 0.035375 0.030449
0 0.832773 0.057539 0.043891 0.039375
0 0.855914 0.085596 0.034766 0.030254
0 0.893336 0.239209 0.040391 0.037754
0 0.891820 0.761855 0.037984 0.032070
0 0.960672 0.398613 0.039531 0.039023
0 0.946375 0.900293 0.034250 0.031797