0 0.490188 0.483457 0.034406 0.033555
0 0.288570 0.540986 0.041516 0.034277
0 0.495406 0.613545 0.025750 0.026816
0 0.387039 0.663359 0.035859 0.030859
0 0.256273 0.602881 0.030047 0.027754
0 0.272148 0.879063 0.034984 0.031680
0 0.369648 0.986006 0.032828 0.026035
0 0.708859 0.582793 0.030531 0.027656
0 0.908664 0.481953 0.034953 0.029336
0 0.787547 0.552715 0.034812 0.032344
0 0.590148 0.602500 0.034609 0.032813
0 0.880133 0.677354 0.040797 0.035488
0 0.360484 0.784033 0.039094 0.032559
0 0.560250 0.934111 0.031156 0.031934
0 0.436250 0.869531 0.036562 0.036719
0 0.689117 0.734717 0.036016 0.035020
0 0.511844 0.735479 0.035906 0.031504
0 0.934164 0.822783 0.038047 0.033535
0 0.841477 0.989121 0.035922 0.018633
0 0.591578 0.825566 0.034625 0.033945
0 0.719117 0.396357 0.042922 0.036035
0 0.759758 0.866289 0.033828 0.031797
0 0.948820 0.316768 0.040734 0.035449
0 0.625352 0.255879 0.038484 0.040508
0 0.880875 0.145137 0.041437 0.038945
0 0.393820 0.319463 0.039922 0.035918
0 0.526883 0.092510 0.042422 0.045293
0 0.287789 0.163760 0.043953 0.043223
0 0.188031 0.399404 0.044344 0.041660
0 0.188156 0.740059 0.042500 0.031719
0 0.093789 0.924707 0.035359 0.034961
0 0.091008 0.595352 0.038359 0.031680
0 0.085406 0.520430 0.035406 0.029336
0 0.070508 0.233320 0.047297 0.040664
0 0.023852 0.798115 0.041422 0.034355