0 0.506000 0.531963 0.034406 0.033574
0 0.287820 0.576895 0.041516 0.034297
0 0.484969 0.687363 0.028375 0.029570
0 0.391297 0.685273 0.035875 0.030859
0 0.207172 0.691445 0.030031 0.027773
0 0.250133 0.906104 0.034984 0.031699
0 0.355805 0.993174 0.032828 0.013652
0 0.732328 0.660996 0.030531 0.027656
0 0.945797 0.559844 0.034938 0.029336
0 0.830453 0.592188 0.034812 0.032344
0 0.612070 0.633906 0.034609 0.032812
0 0.926203 0.702871 0.040781 0.035508
0 0.347430 0.807813 0.039078 0.032578
0 0.561750 0.955098 0.031156 0.031914
0 0.432891 0.880723 0.036562 0.036719
0 0.711094 0.748496 0.034844 0.035039
0 0.520703 0.768584 0.035906 0.031504
0 0.952758 0.840967 0.037422 0.033535
0 0.604172 0.842109 0.034625 0.033945
0 0.770211 0.431963 0.042922 0.036035
0 0.776180 0.882139 0.033828 0.031777
0 0.666367 0.311006 0.038484 0.040527
0 0.975820 0.167695 0.037953 0.038945
0 0.399680 0.362764 0.039922 0.035918
0 0.564852 0.170010 0.042422 0.045293
0 0.281664 0.234424 0.043953 0.043223
0 0.179820 0.456484 0.044328 0.041641
0 0.179938 0.767100 0.042500 0.031738
0 0.049477 0.947031 0.035359 0.034961
0 0.071008 0.619922 0.038359 0.031680
0 0.049406 0.608262 0.035406 0.029336
0 0.046109 0.294805 0.047281 0.040664
0 0.016273 0.818604 0.032547 0.034355