0 0.548703 0.516973 0.034406 0.033555
0 0.286055 0.543164 0.041516 0.037188
0 0.462133 0.692598 0.029609 0.035273
0 0.410602 0.619404 0.035859 0.035176
0 0.088836 0.730840 0.030703 0.031875
0 0.210094 0.850566 0.035000 0.036094
0 0.781391 0.669570 0.030531 0.027656
0 0.935055 0.558164 0.038984 0.036680
0 0.665023 0.585762 0.034609 0.032813
0 0.330391 0.739844 0.039094 0.038398
0 0.565891 0.883389 0.031156 0.031934
0 0.438359 0.795566 0.036562 0.036719
0 0.775875 0.662227 0.033094 0.031445
0 0.544875 0.717920 0.035906 0.031504
0 0.984344 0.768613 0.031312 0.033555
0 0.654953 0.775635 0.034625 0.033965
0 0.897930 0.394629 0.042922 0.039023
0 0.816867 0.796162 0.033828 0.031777
0 0.767211 0.326973 0.038484 0.040508
0 0.408633 0.350078 0.039922 0.035938
0 0.643484 0.226572 0.042438 0.045293
0 0.266789 0.271104 0.043953 0.043223
0 0.159617 0.470059 0.044328 0.041641
0 0.155562 0.718701 0.036062 0.036387
0 0.016164 0.571406 0.028984 0.031680
0 0.004453 0.317842 0.008906 0.038926
0 0.334164 0.909443 0.039453 0.035332
0 0.084641 0.942168 0.045156 0.042695
0 0.934125 0.925127 0.037312 0.028926
0 0.684789 0.941152 0.039578 0.040000
0 0.437820 0.973457 0.044672 0.039883