0 0.556984 0.461885 0.035312 0.033379
0 0.286633 0.491025 0.041516 0.036309
0 0.457281 0.646924 0.029625 0.034277
0 0.417148 0.547813 0.035859 0.033828
0 0.053109 0.695195 0.030312 0.031875
0 0.198836 0.786797 0.034984 0.036094
0 0.798242 0.633408 0.031484 0.028379
0 0.967898 0.501006 0.034328 0.036699
0 0.680883 0.522852 0.034609 0.032813
0 0.325828 0.674355 0.039094 0.038086
0 0.569922 0.813604 0.031156 0.031934
0 0.442234 0.720693 0.036563 0.036738
0 0.803375 0.587949 0.033094 0.031445
0 0.551703 0.653154 0.035906 0.031504
0 0.993672 0.703604 0.012656 0.033535
0 0.665672 0.705693 0.034625 0.033965
0 0.932859 0.336689 0.042906 0.039043
0 0.829711 0.723594 0.033828 0.031797
0 0.796992 0.281797 0.038484 0.040508
0 0.415688 0.299512 0.039906 0.035938
0 0.669773 0.198193 0.042422 0.045293
0 0.262195 0.235937 0.043953 0.038008
0 0.151305 0.424346 0.043703 0.038691
0 0.145406 0.654707 0.036062 0.031719
0 0.011406 0.509521 0.022812 0.031660
0 0.328453 0.837988 0.039469 0.033164
0 0.067023 0.864756 0.037797 0.041152
0 0.954398 0.852354 0.035266 0.028926
0 0.690875 0.866211 0.038656 0.034609
0 0.813078 0.917344 0.035344 0.033477
0 0.438008 0.893955 0.035359 0.037637
0 0.127430 0.973350 0.034641 0.031816