0 0.513766 0.555771 0.034406 0.033574
0 0.287469 0.593906 0.041531 0.034297
0 0.476195 0.719932 0.029609 0.030879
0 0.396961 0.695654 0.035859 0.030840
0 0.174180 0.734189 0.030047 0.027754
0 0.239711 0.918916 0.034984 0.031699
0 0.743719 0.697539 0.030531 0.027656
0 0.964461 0.596738 0.034953 0.029336
0 0.856453 0.615088 0.034812 0.032324
0 0.627664 0.651133 0.034609 0.032812
0 0.957133 0.714961 0.040797 0.035508
0 0.341250 0.819082 0.039094 0.032578
0 0.562453 0.965039 0.031156 0.031914
0 0.431297 0.886025 0.036563 0.036738
0 0.730602 0.753877 0.034516 0.035020
0 0.526047 0.784268 0.035906 0.031504
0 0.962141 0.849580 0.036000 0.033535
0 0.620297 0.859160 0.034625 0.033945
0 0.810656 0.453711 0.042906 0.036016
0 0.783945 0.889648 0.033828 0.031797
0 0.692117 0.348574 0.038484 0.040508
0 0.403211 0.389990 0.039922 0.035918
0 0.584336 0.217471 0.042422 0.045293
0 0.277242 0.275596 0.043953 0.043223
0 0.175937 0.489590 0.044344 0.041641
0 0.176063 0.779902 0.042500 0.031719
0 0.027211 0.956973 0.035359 0.034961
0 0.058305 0.634600 0.038359 0.031660
0 0.028313 0.649531 0.035406 0.029336
0 0.033023 0.330664 0.047297 0.040664
0 0.013359 0.829541 0.026719 0.034355