0 0.548047 0.545615 0.034406 0.033574
0 0.285117 0.571055 0.041516 0.037187
0 0.463914 0.721426 0.029609 0.035273
0 0.409539 0.649990 0.035859 0.035176
0 0.093539 0.756982 0.030703 0.031855
0 0.211438 0.881367 0.035000 0.036094
0 0.781531 0.698428 0.030531 0.027676
0 0.931359 0.588223 0.039000 0.036680
0 0.663477 0.615352 0.034609 0.032812
0 0.331562 0.770254 0.039094 0.038398
0 0.564813 0.914971 0.031156 0.031934
0 0.437516 0.827354 0.036562 0.036738
0 0.772641 0.694395 0.033094 0.031445
0 0.543766 0.747959 0.035906 0.031504
0 0.983281 0.800078 0.033437 0.033555
0 0.654594 0.806621 0.034625 0.033945
0 0.893859 0.423564 0.042906 0.039043
0 0.816273 0.827187 0.033828 0.031797
0 0.762633 0.352773 0.038484 0.040508
0 0.408008 0.376934 0.039922 0.035938
0 0.640289 0.251758 0.042422 0.045273
0 0.267445 0.296455 0.043953 0.043223
0 0.160539 0.498164 0.044328 0.041641
0 0.157203 0.748389 0.036063 0.036973
0 0.017320 0.600117 0.029641 0.031680
0 0.006055 0.344355 0.012109 0.039805
0 0.336125 0.942305 0.039469 0.035312
0 0.087859 0.973975 0.047125 0.042715
0 0.932891 0.956826 0.037312 0.028926
0 0.684242 0.973516 0.039578 0.041523