0 0.560734 0.474766 0.036031 0.033203
0 0.286102 0.502598 0.041516 0.035391
0 0.454070 0.665078 0.029609 0.033281
0 0.421320 0.553633 0.035859 0.032461
0 0.033953 0.716055 0.030031 0.031875
0 0.191883 0.793828 0.034984 0.036094
0 0.808352 0.650059 0.033359 0.029805
0 0.980305 0.509736 0.030422 0.036699
0 0.688594 0.529414 0.034594 0.032812
0 0.325047 0.679170 0.039094 0.037754
0 0.571172 0.819443 0.031156 0.031934
0 0.443516 0.722041 0.036563 0.036738
0 0.814734 0.589648 0.033094 0.031445
0 0.555797 0.659307 0.035906 0.031504
0 0.996406 0.707314 0.007188 0.033535
0 0.672828 0.709053 0.034625 0.033965
0 0.951031 0.347598 0.042906 0.039023
0 0.835930 0.726240 0.033828 0.031777
0 0.811773 0.299063 0.038484 0.040508
0 0.418133 0.312900 0.039922 0.035918
0 0.683141 0.220068 0.042438 0.045293
0 0.259570 0.258936 0.043953 0.037988
0 0.145742 0.441650 0.043203 0.036309
0 0.140602 0.663389 0.036078 0.031738
0 0.008148 0.517158 0.016297 0.031660
0 0.325727 0.840576 0.039453 0.030996
0 0.056859 0.865029 0.036563 0.039941
0 0.967656 0.857119 0.033625 0.028926
0 0.693914 0.866934 0.037922 0.033984
0 0.821547 0.914883 0.035344 0.031992
0 0.437430 0.891768 0.035359 0.035371
0 0.114492 0.975127 0.034641 0.031816