0 0.562609 0.481201 0.036406 0.033145
0 0.285844 0.508389 0.041531 0.034941
0 0.452477 0.674150 0.029609 0.032793
0 0.423414 0.556543 0.035859 0.031797
0 0.024375 0.726484 0.029875 0.031875
0 0.188398 0.797344 0.034984 0.036094
0 0.811992 0.661660 0.033359 0.029805
0 0.984305 0.512705 0.028391 0.036699
0 0.692445 0.532695 0.034609 0.032813
0 0.324656 0.681582 0.039094 0.037578
0 0.571797 0.822373 0.031156 0.031934
0 0.444156 0.722705 0.036562 0.036738
0 0.820984 0.590547 0.033937 0.034219
0 0.557828 0.662373 0.035906 0.031504
0 0.676414 0.710742 0.034609 0.033945
0 0.960125 0.353047 0.042906 0.039023
0 0.839055 0.727568 0.033828 0.031777
0 0.819164 0.307695 0.038484 0.040508
0 0.419352 0.319600 0.039922 0.035918
0 0.689828 0.231006 0.042437 0.045293
0 0.258258 0.270439 0.043953 0.037988
0 0.142961 0.450303 0.042953 0.035137
0 0.138203 0.667734 0.036062 0.031719
0 0.006594 0.522881 0.013187 0.031660
0 0.324367 0.841875 0.039453 0.029922
0 0.051789 0.865166 0.035953 0.039316
0 0.974273 0.859502 0.032797 0.028926
0 0.695430 0.867295 0.037547 0.033652
0 0.825781 0.913652 0.035344 0.031250
0 0.437148 0.890674 0.035359 0.034238
0 0.108023 0.976016 0.034641 0.031797
0 0.562539 0.006445 0.033578 0.012500