0 0.489016 0.479932 0.034406 0.033574
0 0.288648 0.537207 0.041516 0.034297
0 0.496500 0.605781 0.025469 0.026523
0 0.387539 0.661055 0.035859 0.030859
0 0.260766 0.593564 0.030031 0.027754
0 0.274461 0.876211 0.034984 0.031680
0 0.372086 0.985244 0.032828 0.027051
0 0.706906 0.573604 0.030531 0.027676
0 0.906781 0.473750 0.034938 0.029336
0 0.784359 0.547236 0.034812 0.032324
0 0.589961 0.598867 0.034609 0.032812
0 0.876555 0.674668 0.040797 0.035508
0 0.361859 0.781533 0.039094 0.032559
0 0.560094 0.931904 0.031156 0.031934
0 0.436594 0.868350 0.036562 0.036738
0 0.687602 0.733262 0.034516 0.035039
0 0.513094 0.731982 0.035906 0.031504
0 0.933273 0.820869 0.035984 0.033535
0 0.838016 0.988672 0.035937 0.018750
0 0.590250 0.823828 0.034625 0.033945
0 0.716516 0.393281 0.042906 0.036016
0 0.758039 0.864619 0.033828 0.031777
0 0.941609 0.313516 0.041469 0.035430
0 0.622570 0.249961 0.038484 0.040508
0 0.872812 0.143301 0.041437 0.038945
0 0.393203 0.314893 0.039906 0.035918
0 0.523266 0.084951 0.042438 0.045293
0 0.288430 0.156318 0.043953 0.043223
0 0.188891 0.394609 0.044344 0.041641
0 0.189016 0.737207 0.042500 0.031719
0 0.098055 0.922168 0.035359 0.034961
0 0.092469 0.593369 0.038375 0.031660
0 0.088391 0.511113 0.035406 0.029336
0 0.073070 0.226846 0.047297 0.040684
0 0.024852 0.796338 0.041859 0.034355