0 0.625055 0.252939 0.036953 0.038965
0 0.257164 0.248174 0.038641 0.034277
0 0.421289 0.607256 0.033859 0.034668
0 0.443242 0.246328 0.035859 0.039531
0 0.117867 0.508242 0.034984 0.036094
0 0.899883 0.595254 0.034578 0.033359
0 0.780477 0.237256 0.034609 0.036309
0 0.271078 0.383350 0.034906 0.035098
0 0.576742 0.504746 0.035641 0.036211
0 0.441609 0.382705 0.036562 0.035449
0 0.964484 0.231689 0.038125 0.038809
0 0.587453 0.379473 0.035906 0.037695
0 0.754594 0.375918 0.034625 0.033945
0 0.940492 0.374785 0.037328 0.036602
0 0.985234 0.098164 0.028313 0.040508
0 0.447664 0.104229 0.039922 0.035918
0 0.826805 0.095381 0.042422 0.038926
0 0.259711 0.104111 0.043953 0.037988
0 0.079898 0.243330 0.042672 0.036348
0 0.092875 0.388223 0.036063 0.036914
0 0.282102 0.512510 0.039453 0.035332
0 0.744914 0.497783 0.036984 0.037246
0 0.908133 0.499199 0.033578 0.034922
0 0.420508 0.508955 0.035359 0.032559
0 0.005180 0.637637 0.010359 0.038164
0 0.582680 0.621846 0.037328 0.032129
0 0.133969 0.619932 0.035625 0.035762
0 0.269141 0.625420 0.036406 0.038105
0 0.737742 0.611260 0.032203 0.034355
0 0.636328 0.108877 0.039438 0.034512
0 0.059727 0.069775 0.043547 0.036426