0 0.570336 0.330684 0.036953 0.038945
0 0.279383 0.355068 0.040078 0.035723
0 0.449086 0.539150 0.029609 0.023770
0 0.435023 0.389326 0.035859 0.035176
0 0.004680 0.597021 0.009359 0.031855
0 0.175961 0.633447 0.034984 0.036113
0 0.832336 0.531055 0.033359 0.029805
0 0.996336 0.354932 0.007328 0.036699
0 0.706383 0.368770 0.034609 0.032813
0 0.320203 0.514229 0.034906 0.035098
0 0.576266 0.648506 0.031156 0.031934
0 0.442125 0.553350 0.036563 0.025723
0 0.845305 0.414531 0.035609 0.034609
0 0.558891 0.501104 0.035906 0.031504
0 0.695094 0.534004 0.034625 0.033945
0 0.991680 0.202041 0.016641 0.032715
0 0.857914 0.552324 0.033828 0.031797
0 0.858664 0.175840 0.038484 0.040508
0 0.418695 0.175127 0.039922 0.035918
0 0.728766 0.117002 0.042438 0.038926
0 0.253023 0.137568 0.043953 0.037988
0 0.125102 0.311230 0.042672 0.036328
0 0.130203 0.503906 0.036062 0.031719
0 0.310984 0.668574 0.039469 0.035313
0 0.025984 0.686582 0.035031 0.034102
0 0.987531 0.683643 0.024938 0.028926
0 0.701648 0.686875 0.036984 0.033203
0 0.842633 0.721914 0.035328 0.031211
0 0.433086 0.704541 0.035359 0.032559
0 0.084117 0.794766 0.034641 0.031797
0 0.561664 0.819385 0.037328 0.032129
0 0.205687 0.827148 0.035625 0.035742
0 0.325641 0.872002 0.036406 0.038105
0 0.967578 0.839941 0.033094 0.032227
0 0.700266 0.847637 0.030531 0.031797