0 0.594555 0.207754 0.036953 0.038945
0 0.270633 0.220215 0.038641 0.034258
0 0.441820 0.471377 0.029797 0.034668
0 0.434305 0.223965 0.035859 0.039531
0 0.138477 0.483516 0.034984 0.036094
0 0.872664 0.486445 0.034578 0.033398
0 0.738227 0.219443 0.034609 0.036309
0 0.300016 0.361104 0.034906 0.035098
0 0.578117 0.488643 0.035641 0.036191
0 0.447016 0.377910 0.036563 0.035430
0 0.900570 0.233076 0.038141 0.038809
0 0.576703 0.352773 0.035906 0.037695
0 0.722891 0.362412 0.034625 0.033965
0 0.891688 0.370801 0.037312 0.036602
0 0.937273 0.060449 0.038359 0.040508
0 0.438117 0.058750 0.039922 0.035938
0 0.783695 0.034775 0.042422 0.038926
0 0.255852 0.040928 0.043953 0.037988
0 0.100477 0.192109 0.042672 0.036328
0 0.116203 0.359062 0.036062 0.036914
0 0.294531 0.499824 0.039469 0.035312
0 0.723172 0.495947 0.037000 0.037246
0 0.873852 0.523223 0.033578 0.034922
0 0.431086 0.507803 0.035359 0.032559
0 0.031438 0.611895 0.034031 0.038164
0 0.569336 0.626006 0.037328 0.032129
0 0.162891 0.624492 0.035625 0.035742
0 0.292547 0.650107 0.036406 0.038105
0 0.995898 0.643437 0.008203 0.032227
0 0.720773 0.634248 0.032203 0.034355