0 0.592820 0.202695 0.036953 0.038945
0 0.270680 0.218867 0.038641 0.034258
0 0.442930 0.461279 0.029609 0.034668
0 0.433852 0.222910 0.035859 0.039531
0 0.140273 0.482412 0.034984 0.036113
0 0.870063 0.473477 0.034375 0.033125
0 0.735398 0.218457 0.034609 0.036328
0 0.302531 0.359619 0.034906 0.035098
0 0.578180 0.487920 0.035641 0.036191
0 0.447422 0.377695 0.036563 0.035430
0 0.897125 0.232197 0.038125 0.038809
0 0.576859 0.351660 0.035906 0.037695
0 0.720953 0.361406 0.034625 0.033945
0 0.889836 0.370156 0.037328 0.036602
0 0.933133 0.057383 0.038484 0.040508
0 0.437305 0.055967 0.039922 0.035918
0 0.781047 0.029561 0.042438 0.038926
0 0.255336 0.036787 0.043953 0.037988
0 0.101539 0.188721 0.042672 0.036348
0 0.117234 0.357764 0.036062 0.036895
0 0.295078 0.499600 0.039469 0.035332
0 0.722445 0.496094 0.036984 0.037266
0 0.869898 0.522598 0.033578 0.034922
0 0.431570 0.507744 0.035359 0.032559
0 0.033789 0.611621 0.034641 0.038164
0 0.568742 0.626611 0.037328 0.032129
0 0.164969 0.625264 0.035625 0.035762
0 0.294187 0.651777 0.036406 0.038125
0 0.994539 0.638320 0.010922 0.032227
0 0.719414 0.635479 0.032203 0.034355