0 0.627836 0.406406 0.036953 0.038555
0 0.255477 0.407842 0.038641 0.034277
0 0.425844 0.779121 0.033531 0.034258
0 0.442688 0.403418 0.035875 0.037891
0 0.113000 0.678291 0.035031 0.035684
0 0.916859 0.751357 0.034125 0.033262
0 0.781320 0.389541 0.034609 0.036113
0 0.264313 0.548379 0.034906 0.035117
0 0.579609 0.658877 0.035656 0.035176
0 0.442406 0.539355 0.036437 0.035234
0 0.970297 0.374111 0.037219 0.038613
0 0.590453 0.535840 0.035906 0.037148
0 0.763172 0.525898 0.034625 0.033945
0 0.952250 0.513828 0.036969 0.036602
0 0.982781 0.242988 0.031469 0.040000
0 0.441359 0.257871 0.039656 0.035820
0 0.817930 0.248252 0.042266 0.036309
0 0.253398 0.263721 0.043766 0.037910
0 0.075820 0.411143 0.041641 0.036230
0 0.091664 0.557402 0.035984 0.036680
0 0.279883 0.675908 0.039047 0.034941
0 0.755484 0.645078 0.036781 0.036992
0 0.924563 0.643242 0.033406 0.034922
0 0.423008 0.667734 0.035359 0.032539
0 0.004508 0.801367 0.009016 0.038164
0 0.590297 0.776201 0.036313 0.032129
0 0.135641 0.790947 0.035500 0.035488
0 0.270070 0.790615 0.036328 0.037520
0 0.748328 0.760332 0.032219 0.033203
0 0.628531 0.271387 0.039344 0.034531
0 0.052258 0.245566 0.041766 0.036602