0 0.628195 0.407422 0.036953 0.038828
0 0.256070 0.406582 0.038641 0.034258
0 0.424266 0.777305 0.033813 0.034531
0 0.443633 0.402646 0.035859 0.038965
0 0.112594 0.674756 0.035000 0.035957
0 0.912625 0.753242 0.034281 0.033164
0 0.781281 0.391250 0.034594 0.036250
0 0.266305 0.545928 0.034891 0.035098
0 0.577281 0.658945 0.035656 0.035859
0 0.442367 0.538662 0.036516 0.035371
0 0.968883 0.378057 0.037828 0.038730
0 0.589719 0.535664 0.035906 0.037500
0 0.761375 0.527949 0.034625 0.033945
0 0.950039 0.518096 0.037203 0.036621
0 0.983820 0.246279 0.031359 0.040332
0 0.443586 0.258145 0.039828 0.035898
0 0.819258 0.250303 0.042359 0.038066
0 0.256477 0.263320 0.043891 0.037969
0 0.076789 0.408760 0.042328 0.036309
0 0.092602 0.554600 0.036047 0.036816
0 0.278820 0.673398 0.039328 0.035195
0 0.752758 0.647119 0.036922 0.037168
0 0.920227 0.646426 0.033516 0.034922
0 0.422367 0.666445 0.035359 0.032539
0 0.005352 0.810234 0.010703 0.038164
0 0.588555 0.776768 0.036984 0.032129
0 0.134008 0.787480 0.035578 0.035664
0 0.268281 0.787959 0.036375 0.037910
0 0.744297 0.761846 0.032219 0.033965
0 0.630516 0.271445 0.039406 0.034531
0 0.056539 0.241973 0.041922 0.036602