0 0.626430 0.402344 0.036953 0.037500
0 0.253133 0.412871 0.038641 0.034258
0 0.432133 0.786396 0.032359 0.033184
0 0.438914 0.406484 0.035859 0.033516
0 0.114633 0.692471 0.035109 0.034590
0 0.933789 0.743809 0.033453 0.033594
0 0.781461 0.382744 0.034609 0.035605
0 0.256344 0.558174 0.034906 0.035098
0 0.588914 0.658604 0.035641 0.032520
0 0.442578 0.542158 0.036094 0.034629
0 0.975945 0.358359 0.034797 0.038047
0 0.593406 0.536572 0.035906 0.035684
0 0.770391 0.517676 0.034625 0.033945
0 0.961102 0.496748 0.035984 0.036621
0 0.978609 0.229824 0.031906 0.038594
0 0.432430 0.256797 0.038953 0.035547
0 0.812633 0.239512 0.041828 0.030508
0 0.241078 0.265322 0.043281 0.037676
0 0.071969 0.420713 0.038937 0.035996
0 0.087930 0.568633 0.035797 0.036055
0 0.284148 0.685977 0.037953 0.033984
0 0.766375 0.636963 0.036219 0.036309
0 0.941906 0.630547 0.032938 0.034922
0 0.425602 0.672891 0.035359 0.032539
0 0.005672 0.816914 0.011344 0.038164
0 0.597258 0.773916 0.033641 0.032129
0 0.142164 0.804824 0.035203 0.034766
0 0.277242 0.801221 0.036141 0.035918
0 0.764445 0.754268 0.032203 0.030137
0 0.620617 0.271211 0.039109 0.034531
0 0.035117 0.259932 0.041109 0.036621