0 0.623133 0.251465 0.036953 0.038945
0 0.260352 0.246104 0.038641 0.034277
0 0.421906 0.602178 0.033500 0.034668
0 0.442648 0.244590 0.035859 0.039531
0 0.118547 0.506045 0.035000 0.036113
0 0.899000 0.592588 0.035375 0.034355
0 0.780180 0.236357 0.034609 0.036309
0 0.272062 0.381113 0.034906 0.035117
0 0.576859 0.503311 0.035656 0.036191
0 0.441484 0.382275 0.036562 0.035449
0 0.961016 0.232080 0.038125 0.038809
0 0.585547 0.377109 0.035906 0.037695
0 0.753719 0.375039 0.034625 0.033945
0 0.935016 0.376113 0.037312 0.036602
0 0.981789 0.096426 0.030359 0.040508
0 0.448211 0.102920 0.039922 0.035918
0 0.826055 0.093584 0.042422 0.038926
0 0.260867 0.100723 0.043953 0.038008
0 0.081945 0.240215 0.042672 0.036328
0 0.094953 0.385625 0.036063 0.036914
0 0.283203 0.510137 0.039469 0.035313
0 0.742523 0.497188 0.036984 0.037266
0 0.906773 0.496445 0.033578 0.034922
0 0.421445 0.508848 0.035359 0.032539
0 0.006148 0.633730 0.012297 0.038164
0 0.581492 0.620713 0.037328 0.032129
0 0.133672 0.618252 0.035625 0.035762
0 0.269062 0.625527 0.036406 0.038125
0 0.738422 0.612549 0.032219 0.034355
0 0.638672 0.101738 0.039438 0.034531
0 0.061078 0.063174 0.044125 0.035723