0 0.584555 0.362129 0.036953 0.038945
0 0.275727 0.382471 0.038641 0.034277
0 0.445789 0.602051 0.029609 0.031250
0 0.435570 0.399590 0.035859 0.035195
0 0.150773 0.653867 0.034984 0.036094
0 0.854570 0.607852 0.033359 0.029805
0 0.722242 0.389648 0.034609 0.032813
0 0.309812 0.527227 0.034906 0.035117
0 0.579867 0.659893 0.035328 0.031934
0 0.442875 0.548379 0.036562 0.032031
0 0.878828 0.413848 0.038125 0.034609
0 0.569828 0.520244 0.035906 0.031504
0 0.714578 0.540000 0.034625 0.033945
0 0.881477 0.551846 0.033828 0.031777
0 0.906180 0.219355 0.038484 0.040508
0 0.432297 0.219111 0.039906 0.035918
0 0.764797 0.183467 0.042438 0.038926
0 0.259430 0.192666 0.043953 0.037988
0 0.108570 0.349961 0.042672 0.036328
0 0.125273 0.527832 0.036078 0.031719
0 0.300375 0.677773 0.039469 0.035312
0 0.007484 0.685537 0.014906 0.034082
0 0.716086 0.682393 0.036984 0.033184
0 0.860695 0.711680 0.035328 0.032266
0 0.433352 0.698018 0.035359 0.032559
0 0.050328 0.799619 0.034625 0.031816
0 0.595758 0.022520 0.032516 0.033984
0 0.569117 0.811455 0.037328 0.032129
0 0.179820 0.818125 0.035609 0.035742
0 0.300141 0.853311 0.036406 0.038105
0 0.989687 0.829492 0.020625 0.032227
0 0.712250 0.829336 0.030531 0.031797