0 0.626781 0.403359 0.036937 0.037773
0 0.253711 0.411611 0.038641 0.034277
0 0.430563 0.784580 0.032656 0.033457
0 0.439859 0.405723 0.035875 0.034609
0 0.114219 0.688916 0.035094 0.034863
0 0.929555 0.745693 0.033609 0.033496
0 0.781422 0.384453 0.034594 0.035742
0 0.258336 0.555732 0.034891 0.035098
0 0.586594 0.658672 0.035656 0.033164
0 0.442539 0.541455 0.036172 0.034785
0 0.974531 0.362295 0.035406 0.038184
0 0.592672 0.536387 0.035906 0.036055
0 0.768578 0.519727 0.034625 0.033945
0 0.958883 0.501016 0.036234 0.036602
0 0.979648 0.233105 0.031797 0.038945
0 0.434672 0.257070 0.039125 0.035625
0 0.813961 0.242119 0.041953 0.031113
0 0.244156 0.264922 0.043406 0.037734
0 0.072930 0.418320 0.039609 0.036055
0 0.088875 0.565830 0.035844 0.036230
0 0.283078 0.683457 0.038219 0.034219
0 0.763648 0.638984 0.036359 0.036484
0 0.937570 0.633730 0.033047 0.034922
0 0.424961 0.671602 0.035359 0.032539
0 0.004922 0.812520 0.009844 0.038164
0 0.595516 0.774482 0.034313 0.032129
0 0.140531 0.801357 0.035281 0.034941
0 0.275453 0.798564 0.036187 0.036309
0 0.760414 0.755781 0.032203 0.030898
0 0.622602 0.271250 0.039172 0.034531
0 0.039398 0.256338 0.041266 0.036621