0 0.589273 0.308564 0.036953 0.038965
0 0.271805 0.329297 0.038641 0.034258
0 0.444367 0.558818 0.029609 0.034668
0 0.432617 0.339971 0.035859 0.037363
0 0.142930 0.597090 0.034984 0.036094
0 0.859320 0.565928 0.033859 0.031465
0 0.728281 0.333516 0.037094 0.037695
0 0.304891 0.470420 0.034906 0.035098
0 0.578281 0.601592 0.035656 0.034043
0 0.445688 0.494453 0.036562 0.033984
0 0.887359 0.351641 0.040563 0.042500
0 0.570797 0.464668 0.035906 0.034609
0 0.717859 0.479326 0.037688 0.039004
0 0.884281 0.489102 0.035125 0.039766
0 0.916914 0.167676 0.038484 0.040508
0 0.435281 0.163779 0.039906 0.035918
0 0.775109 0.135068 0.042437 0.038926
0 0.260055 0.142930 0.043953 0.038008
0 0.104773 0.299512 0.042672 0.036328
0 0.122547 0.468564 0.036062 0.034316
0 0.299789 0.616855 0.039453 0.035312
0 0.003648 0.624707 0.007297 0.034102
0 0.719086 0.620293 0.036984 0.040781
0 0.864055 0.647051 0.034453 0.033594
0 0.432102 0.632500 0.035359 0.032539
0 0.040000 0.733662 0.034625 0.035605
0 0.601000 0.006611 0.032500 0.013223
0 0.568789 0.747949 0.037328 0.035977
0 0.170859 0.749512 0.035625 0.035742
0 0.295219 0.782285 0.036406 0.038125
0 0.993305 0.764199 0.013391 0.032227
0 0.716711 0.761123 0.031359 0.033066