0 0.596305 0.212822 0.036953 0.038965
0 0.270578 0.221572 0.038656 0.034277
0 0.440703 0.481475 0.029969 0.034668
0 0.434758 0.225020 0.035859 0.039531
0 0.136680 0.484609 0.034984 0.036094
0 0.874250 0.492900 0.034812 0.033652
0 0.741062 0.220420 0.034594 0.036309
0 0.297500 0.362588 0.034906 0.035098
0 0.578063 0.489355 0.035656 0.036211
0 0.446609 0.378115 0.036562 0.035449
0 0.904016 0.233955 0.038125 0.038809
0 0.576531 0.353877 0.035906 0.037676
0 0.724844 0.363418 0.034625 0.033945
0 0.893539 0.371445 0.037328 0.036602
0 0.941414 0.063525 0.038234 0.040527
0 0.438922 0.061533 0.039906 0.035918
0 0.786352 0.040010 0.042422 0.038926
0 0.256367 0.045068 0.043953 0.037988
0 0.099398 0.195498 0.042672 0.036348
0 0.115172 0.360352 0.036062 0.036914
0 0.293969 0.500039 0.039469 0.035313
0 0.723898 0.495801 0.036984 0.037266
0 0.875266 0.520703 0.033594 0.034922
0 0.430617 0.507852 0.035359 0.032539
0 0.029078 0.612168 0.033437 0.038164
0 0.569930 0.625420 0.037328 0.032129
0 0.160812 0.623711 0.035625 0.035742
0 0.290922 0.648428 0.036406 0.038105
0 0.722133 0.633018 0.032203 0.034355