0 0.611805 0.242324 0.036953 0.038945
0 0.270086 0.235146 0.038641 0.034277
0 0.429562 0.571074 0.031781 0.034648
0 0.439273 0.235645 0.035859 0.039531
0 0.123062 0.495605 0.035000 0.036094
0 0.888828 0.580615 0.037031 0.036348
0 0.769383 0.230244 0.034609 0.036309
0 0.278438 0.373057 0.034906 0.035098
0 0.577445 0.496514 0.035641 0.036191
0 0.442563 0.380254 0.036562 0.035430
0 0.938531 0.242754 0.038125 0.038789
0 0.574875 0.364980 0.035906 0.037695
0 0.744266 0.373447 0.034625 0.033965
0 0.912078 0.377871 0.037312 0.036602
0 0.968430 0.087070 0.036953 0.040508
0 0.447016 0.089287 0.039906 0.035918
0 0.815563 0.082041 0.042437 0.038926
0 0.261813 0.083350 0.043969 0.037988
0 0.089633 0.226289 0.042672 0.036328
0 0.104797 0.373311 0.036062 0.036895
0 0.288453 0.502246 0.039469 0.035312
0 0.731148 0.494355 0.036984 0.037266
0 0.894461 0.509238 0.033578 0.034922
0 0.425914 0.508369 0.035359 0.032559
0 0.011797 0.618164 0.023594 0.038164
0 0.575852 0.619424 0.037328 0.032129
0 0.140047 0.615918 0.035625 0.035742
0 0.274578 0.631689 0.036406 0.038105
0 0.735719 0.620752 0.032219 0.034355
0 0.650328 0.060977 0.039438 0.034531
0 0.069281 0.026191 0.043156 0.030469