0 0.627305 0.404883 0.036953 0.038164
0 0.254602 0.409727 0.038641 0.034258
0 0.428203 0.781846 0.033094 0.033848
0 0.441273 0.404570 0.035859 0.036250
0 0.113609 0.683613 0.035063 0.035273
0 0.923211 0.748525 0.033859 0.033379
0 0.781367 0.386992 0.034609 0.035938
0 0.261328 0.552051 0.034906 0.035117
0 0.583102 0.658770 0.035641 0.034180
0 0.442469 0.540410 0.036313 0.035000
0 0.972406 0.368203 0.036313 0.038398
0 0.591562 0.536113 0.035906 0.036602
0 0.765875 0.522813 0.034625 0.033945
0 0.955562 0.507422 0.036594 0.036602
0 0.981211 0.238047 0.031641 0.039453
0 0.438008 0.257471 0.039391 0.035723
0 0.815945 0.245186 0.042109 0.033730
0 0.248773 0.264316 0.043578 0.037812
0 0.074375 0.414736 0.040625 0.036152
0 0.090266 0.561621 0.035906 0.036445
0 0.281484 0.679678 0.038625 0.034590
0 0.759570 0.642041 0.036578 0.036738
0 0.931070 0.638496 0.033234 0.034922
0 0.423977 0.669668 0.035359 0.032539
0 0.004773 0.808516 0.009547 0.038164
0 0.592906 0.775342 0.035312 0.032129
0 0.138086 0.796152 0.035391 0.035195
0 0.272758 0.794590 0.036266 0.036914
0 0.754367 0.758057 0.032203 0.032051
0 0.625563 0.271328 0.039250 0.034531
0 0.045836 0.250957 0.041516 0.036602