0 0.626961 0.403867 0.036953 0.037891
0 0.254008 0.410986 0.038641 0.034277
0 0.429773 0.783672 0.032797 0.033594
0 0.440336 0.405332 0.035859 0.035156
0 0.114016 0.687148 0.035062 0.035000
0 0.927437 0.746631 0.033688 0.033457
0 0.781398 0.385303 0.034609 0.035801
0 0.259328 0.554502 0.034906 0.035098
0 0.585422 0.658711 0.035656 0.033516
0 0.442516 0.541104 0.036219 0.034863
0 0.973820 0.364258 0.035703 0.038242
0 0.592297 0.536299 0.035906 0.036230
0 0.767687 0.520762 0.034625 0.033945
0 0.957781 0.503145 0.036344 0.036602
0 0.980172 0.234756 0.031750 0.039121
0 0.435781 0.257197 0.039219 0.035645
0 0.814625 0.243135 0.042000 0.031973
0 0.245695 0.264717 0.043453 0.037754
0 0.073414 0.417129 0.039953 0.036094
0 0.089336 0.564424 0.035859 0.036309
0 0.282555 0.682197 0.038359 0.034355
0 0.762289 0.640000 0.036422 0.036563
0 0.935398 0.635312 0.033109 0.034922
0 0.424633 0.670957 0.035359 0.032539
0 0.005562 0.812637 0.011125 0.038164
0 0.594648 0.774775 0.034641 0.032129
0 0.139719 0.799619 0.035312 0.035020
0 0.274555 0.797236 0.036203 0.036504
0 0.758398 0.756543 0.032203 0.031289
0 0.623586 0.271270 0.039203 0.034531
0 0.041547 0.254541 0.041344 0.036621