0 0.608320 0.239277 0.036953 0.038945
0 0.270211 0.231748 0.038641 0.034277
0 0.432352 0.552949 0.031328 0.034648
0 0.438148 0.232988 0.035859 0.039531
0 0.124820 0.492852 0.034984 0.036094
0 0.887352 0.564004 0.036484 0.035664
0 0.762305 0.227783 0.034609 0.036309
0 0.280906 0.372080 0.034906 0.035098
0 0.577594 0.494727 0.035656 0.036211
0 0.443578 0.379717 0.036562 0.035449
0 0.929906 0.240557 0.038125 0.038809
0 0.575297 0.362207 0.035906 0.037695
0 0.739406 0.370938 0.034625 0.033945
0 0.907438 0.376260 0.037312 0.036621
0 0.968344 0.084512 0.037281 0.040508
0 0.444992 0.082354 0.039922 0.035918
0 0.806680 0.077461 0.042422 0.038945
0 0.260211 0.076123 0.043953 0.037988
0 0.091375 0.220938 0.042656 0.036328
0 0.107391 0.370078 0.036062 0.036914
0 0.289828 0.501699 0.039469 0.035313
0 0.729336 0.494717 0.036984 0.037246
0 0.889758 0.508203 0.033578 0.034922
0 0.427102 0.508232 0.035359 0.032559
0 0.013750 0.615430 0.027500 0.038164
0 0.574367 0.620928 0.037328 0.032129
0 0.145234 0.617861 0.035625 0.035762
0 0.278656 0.635879 0.036406 0.038125
0 0.732320 0.623818 0.032203 0.034355
0 0.650391 0.040928 0.035406 0.034512
0 0.074008 0.011631 0.038297 0.023262