0 0.591055 0.220361 0.036953 0.038965
0 0.270680 0.237266 0.038641 0.034258
0 0.444109 0.475264 0.029625 0.034668
0 0.432672 0.243516 0.035875 0.039531
0 0.140273 0.502295 0.034984 0.036113
0 0.865945 0.483047 0.034359 0.033125
0 0.732461 0.239072 0.034609 0.036309
0 0.304297 0.375078 0.034906 0.035117
0 0.578180 0.507070 0.035641 0.036211
0 0.446844 0.398311 0.036563 0.035449
0 0.893578 0.252080 0.038125 0.038809
0 0.572156 0.370811 0.035906 0.037676
0 0.719187 0.384961 0.034625 0.033945
0 0.887477 0.392246 0.037328 0.036602
0 0.927836 0.073574 0.038484 0.040508
0 0.435539 0.071436 0.039922 0.035918
0 0.778695 0.043545 0.042422 0.038926
0 0.258289 0.051514 0.043953 0.037988
0 0.102719 0.210068 0.042656 0.036348
0 0.120187 0.377646 0.036062 0.036895
0 0.298023 0.523164 0.039453 0.035312
0 0.003727 0.530908 0.007453 0.034082
0 0.721852 0.519648 0.036984 0.037266
0 0.866961 0.545430 0.033578 0.034922
0 0.433336 0.532783 0.035359 0.032559
0 0.036148 0.642881 0.034641 0.037012
0 0.568742 0.650166 0.037328 0.032129
0 0.167313 0.649561 0.035625 0.035762
0 0.294781 0.678281 0.036406 0.038125
0 0.993805 0.662852 0.012391 0.032227
0 0.717648 0.659775 0.032203 0.034355