0 0.626070 0.401338 0.036953 0.037246
0 0.252539 0.414131 0.038641 0.034277
0 0.433703 0.788213 0.032062 0.032910
0 0.437977 0.407246 0.035859 0.032422
0 0.115031 0.696006 0.035125 0.034316
0 0.938023 0.741914 0.033266 0.033672
0 0.781492 0.381045 0.034609 0.035488
0 0.254359 0.560625 0.034906 0.035117
0 0.591242 0.658535 0.035641 0.031836
0 0.442625 0.542852 0.036000 0.034492
0 0.977352 0.354414 0.034203 0.037891
0 0.594141 0.536758 0.035906 0.035313
0 0.772188 0.515615 0.034625 0.033965
0 0.963313 0.492480 0.035750 0.036602
0 0.977570 0.226523 0.032016 0.038242
0 0.430203 0.256533 0.038781 0.035488
0 0.811305 0.236338 0.041734 0.030996
0 0.238000 0.265723 0.043156 0.037617
0 0.071008 0.423105 0.038266 0.035938
0 0.087000 0.571436 0.035750 0.035918
0 0.285211 0.688496 0.037672 0.033750
0 0.769094 0.634922 0.036062 0.036133
0 0.946242 0.627383 0.032828 0.034922
0 0.426258 0.674170 0.035359 0.032559
0 0.006422 0.821289 0.012844 0.038164
0 0.599000 0.773350 0.032969 0.032129
0 0.143797 0.808291 0.035125 0.034590
0 0.279031 0.803867 0.036094 0.035508
0 0.768469 0.752764 0.032219 0.029355
0 0.618648 0.271162 0.039047 0.034551
0 0.030836 0.263516 0.040922 0.036602