0 0.621687 0.250361 0.036937 0.038965
0 0.262742 0.244551 0.038641 0.034258
0 0.422367 0.598359 0.033234 0.034648
0 0.442203 0.243281 0.035875 0.039531
0 0.119063 0.504395 0.035000 0.036094
0 0.897398 0.592422 0.035984 0.035078
0 0.779961 0.235693 0.034609 0.036309
0 0.272797 0.379443 0.034906 0.035098
0 0.576953 0.502236 0.035656 0.036191
0 0.441406 0.381953 0.036562 0.035430
0 0.958406 0.232383 0.038125 0.038789
0 0.584094 0.375332 0.035906 0.037695
0 0.753047 0.374375 0.034625 0.033945
0 0.930898 0.377109 0.037328 0.036602
0 0.979195 0.095107 0.031891 0.040527
0 0.448617 0.101943 0.039922 0.035918
0 0.825492 0.092236 0.042422 0.038926
0 0.261742 0.098174 0.043953 0.037988
0 0.083477 0.237871 0.042672 0.036328
0 0.096500 0.383682 0.036062 0.036895
0 0.284031 0.508359 0.039469 0.035312
0 0.740727 0.496738 0.036984 0.037266
0 0.905117 0.502969 0.033578 0.034922
0 0.422148 0.508779 0.035359 0.032559
0 0.006875 0.630801 0.013750 0.038164
0 0.580602 0.619873 0.037328 0.032129
0 0.133453 0.616982 0.035625 0.035762
0 0.269016 0.625605 0.036406 0.038125
0 0.738938 0.613525 0.032219 0.034355
0 0.640437 0.096387 0.039438 0.034531
0 0.062086 0.058232 0.044547 0.035176