0 0.625539 0.399814 0.036953 0.036855
0 0.251664 0.416016 0.038641 0.034258
0 0.436055 0.790937 0.031641 0.032500
0 0.436562 0.408398 0.035875 0.030781
0 0.115641 0.701318 0.035156 0.033926
0 0.944367 0.739072 0.033016 0.033809
0 0.781547 0.378506 0.034594 0.035293
0 0.253594 0.563369 0.034906 0.035098
0 0.594734 0.658428 0.035656 0.030840
0 0.442688 0.543906 0.035875 0.034258
0 0.979469 0.348506 0.033281 0.037676
0 0.595250 0.537031 0.035906 0.034766
0 0.774891 0.512529 0.034625 0.033965
0 0.966625 0.486074 0.035375 0.036602
0 0.976008 0.221592 0.032172 0.037715
0 0.426859 0.256133 0.038500 0.035352
0 0.809320 0.231592 0.041578 0.031777
0 0.233375 0.266318 0.042969 0.037520
0 0.068820 0.426699 0.038703 0.035820
0 0.085602 0.575645 0.035672 0.035703
0 0.286805 0.692266 0.037266 0.033359
0 0.773180 0.631885 0.035859 0.035879
0 0.952742 0.622617 0.032641 0.034922
0 0.427227 0.676104 0.035359 0.032559
0 0.007523 0.827900 0.015047 0.038145
0 0.601602 0.772490 0.031953 0.032129
0 0.146242 0.813486 0.035016 0.034316
0 0.281719 0.807842 0.036031 0.034902
0 0.774516 0.750488 0.032219 0.028203
0 0.615680 0.271094 0.038953 0.034531
0 0.024406 0.268906 0.040688 0.036602