0 0.625195 0.398799 0.036953 0.036582
0 0.251070 0.417275 0.038641 0.034277
0 0.437633 0.792764 0.031359 0.032246
0 0.435617 0.409170 0.035859 0.029707
0 0.116047 0.704863 0.035188 0.033633
0 0.948602 0.737197 0.032859 0.033887
0 0.781586 0.376807 0.034609 0.035176
0 0.253828 0.564893 0.034906 0.035098
0 0.597063 0.658359 0.035656 0.030156
0 0.442727 0.544600 0.035797 0.034121
0 0.980883 0.344570 0.032672 0.037539
0 0.595984 0.537207 0.035906 0.034414
0 0.776688 0.510469 0.034625 0.033945
0 0.968836 0.481797 0.035141 0.036602
0 0.974969 0.218154 0.032281 0.037637
0 0.424633 0.255869 0.038328 0.035293
0 0.808000 0.228408 0.041469 0.032285
0 0.230297 0.266719 0.042844 0.037461
0 0.067125 0.429092 0.039500 0.035762
0 0.084672 0.578457 0.035625 0.035547
0 0.287867 0.694785 0.036984 0.033125
0 0.775891 0.629854 0.035719 0.035684
0 0.957086 0.619453 0.032516 0.034922
0 0.427867 0.677393 0.035359 0.032559
0 0.008219 0.832354 0.016438 0.038145
0 0.603344 0.771924 0.031281 0.032129
0 0.147875 0.816963 0.034937 0.034121
0 0.283516 0.810498 0.035969 0.034512
0 0.778547 0.748975 0.032219 0.027441
0 0.613703 0.271055 0.038906 0.034531
0 0.020727 0.271465 0.038516 0.036602