0 0.568477 0.408506 0.036953 0.038965
0 0.282055 0.432773 0.041516 0.037187
0 0.451086 0.609033 0.029609 0.027637
0 0.429508 0.470938 0.035859 0.037930
0 0.010437 0.666221 0.020375 0.032285
0 0.181727 0.714551 0.034984 0.036094
0 0.825258 0.601367 0.033359 0.029805
0 0.991773 0.437764 0.016453 0.036699
0 0.701961 0.451318 0.034609 0.035449
0 0.322953 0.596641 0.037000 0.036211
0 0.574844 0.731250 0.031156 0.035000
0 0.443305 0.638193 0.036578 0.031230
0 0.836437 0.498760 0.033094 0.033027
0 0.558969 0.581328 0.035906 0.035898
0 0.688836 0.620391 0.034609 0.033945
0 0.981383 0.279580 0.031703 0.035879
0 0.849680 0.641982 0.033828 0.035879
0 0.844695 0.244463 0.038484 0.040527
0 0.417844 0.248369 0.039906 0.035918
0 0.711523 0.177168 0.042422 0.042109
0 0.254195 0.208145 0.043953 0.038008
0 0.133078 0.385918 0.042656 0.036328
0 0.133594 0.580752 0.036063 0.033809
0 0.315695 0.753564 0.039453 0.035332
0 0.034813 0.772598 0.035031 0.036250
0 0.983297 0.769775 0.028250 0.028926
0 0.698547 0.771670 0.037000 0.033184
0 0.838766 0.813799 0.035344 0.036309
0 0.436023 0.794971 0.035359 0.035605
0 0.095242 0.882715 0.034641 0.035742
0 0.560359 0.910508 0.040469 0.033555
0 0.211766 0.915635 0.035625 0.034004
0 0.333188 0.959697 0.033469 0.026699
0 0.961875 0.931641 0.035219 0.022461
0 0.696500 0.940127 0.030531 0.031816