0 0.601508 0.228018 0.036953 0.038965
0 0.270430 0.225645 0.038641 0.034258
0 0.437367 0.511777 0.030516 0.034648
0 0.436117 0.228223 0.035859 0.039531
0 0.131273 0.487910 0.034984 0.036094
0 0.879422 0.522275 0.035469 0.034473
0 0.749555 0.223369 0.034609 0.036309
0 0.289938 0.367041 0.034906 0.035098
0 0.577875 0.491504 0.035656 0.036211
0 0.445406 0.378760 0.036562 0.035449
0 0.914375 0.236592 0.038125 0.038809
0 0.576031 0.357207 0.035906 0.037695
0 0.730672 0.366426 0.034625 0.033945
0 0.899102 0.373369 0.037328 0.036621
0 0.953828 0.072744 0.037844 0.040527
0 0.441352 0.069854 0.039922 0.035918
0 0.794297 0.055664 0.042437 0.038945
0 0.257906 0.057490 0.043969 0.037988
0 0.096187 0.205674 0.042656 0.036348
0 0.112055 0.364248 0.036078 0.036895
0 0.292312 0.500703 0.039469 0.035312
0 0.726070 0.495371 0.036984 0.037266
0 0.882375 0.515195 0.033594 0.034922
0 0.429211 0.508008 0.035359 0.032539
0 0.021992 0.612979 0.031641 0.038145
0 0.571703 0.623623 0.037312 0.032129
0 0.154578 0.621377 0.035625 0.035762
0 0.286016 0.643408 0.036406 0.038105
0 0.726203 0.629346 0.032219 0.034355