0 0.626492 0.295566 0.036953 0.038945
0 0.257492 0.292627 0.038641 0.034277
0 0.421352 0.658828 0.033953 0.034648
0 0.442688 0.290352 0.035875 0.039531
0 0.114820 0.559053 0.034984 0.036113
0 0.906352 0.640645 0.034359 0.033125
0 0.780320 0.282090 0.034609 0.036328
0 0.270437 0.429502 0.034906 0.035098
0 0.575805 0.546729 0.035641 0.036191
0 0.441156 0.429639 0.036563 0.035449
0 0.966289 0.274736 0.038141 0.038809
0 0.587844 0.424121 0.035906 0.037695
0 0.756703 0.418594 0.034625 0.033945
0 0.945922 0.417383 0.037312 0.036602
0 0.986055 0.144697 0.027891 0.040527
0 0.448477 0.153428 0.039922 0.035918
0 0.824633 0.141162 0.042422 0.038926
0 0.259539 0.150439 0.043953 0.037988
0 0.078289 0.290293 0.042672 0.036328
0 0.091414 0.437168 0.036078 0.036914
0 0.277977 0.560078 0.039453 0.035312
0 0.747828 0.537598 0.037000 0.037266
0 0.910664 0.545566 0.033578 0.034922
0 0.421211 0.553398 0.035359 0.032539
0 0.004430 0.684414 0.008859 0.038164
0 0.582281 0.669580 0.037312 0.032129
0 0.133016 0.667734 0.035625 0.035742
0 0.267437 0.671367 0.036406 0.038125
0 0.739711 0.655127 0.032203 0.034355
0 0.632437 0.157187 0.039438 0.034531
0 0.058875 0.120576 0.042938 0.036621