0 0.615766 0.245703 0.036938 0.038945
0 0.269961 0.238535 0.038641 0.034258
0 0.425414 0.582393 0.032234 0.034668
0 0.440414 0.238301 0.035859 0.039531
0 0.121305 0.498350 0.034984 0.036113
0 0.892031 0.585225 0.037594 0.037012
0 0.776461 0.232705 0.034609 0.036309
0 0.275984 0.374023 0.034906 0.035117
0 0.577289 0.498301 0.035641 0.036211
0 0.441547 0.380781 0.036563 0.035430
0 0.947156 0.235986 0.038125 0.038809
0 0.578375 0.368574 0.035906 0.037695
0 0.749125 0.372695 0.034625 0.033945
0 0.916711 0.379473 0.037328 0.036602
0 0.970570 0.090000 0.036641 0.040508
0 0.449039 0.096230 0.039922 0.035937
0 0.821445 0.086436 0.042422 0.038926
0 0.263617 0.088486 0.043953 0.037988
0 0.088523 0.229551 0.042672 0.036328
0 0.102203 0.376553 0.036063 0.036895
0 0.287070 0.502793 0.039453 0.035313
0 0.734141 0.495098 0.037000 0.037266
0 0.901133 0.503750 0.033578 0.034922
0 0.424742 0.508486 0.035359 0.032559
0 0.009844 0.620898 0.019688 0.038164
0 0.577336 0.617939 0.037328 0.032129
0 0.134859 0.613975 0.035625 0.035762
0 0.270484 0.627510 0.036406 0.038105
0 0.739117 0.617676 0.032203 0.034375
0 0.647047 0.074805 0.039438 0.034531
0 0.065797 0.040088 0.046125 0.033223