0 0.598039 0.217891 0.036953 0.038945
0 0.270531 0.222930 0.038656 0.034258
0 0.439594 0.491572 0.030156 0.034668
0 0.435211 0.226094 0.035859 0.039531
0 0.134875 0.485713 0.035000 0.036113
0 0.875922 0.501357 0.035031 0.033926
0 0.743898 0.221396 0.034609 0.036309
0 0.294977 0.364072 0.034891 0.035098
0 0.578000 0.490068 0.035656 0.036191
0 0.446203 0.378330 0.036562 0.035449
0 0.907469 0.234834 0.038125 0.038809
0 0.576367 0.354990 0.035922 0.037676
0 0.726781 0.364414 0.034625 0.033945
0 0.895391 0.372090 0.037312 0.036602
0 0.945555 0.066602 0.038109 0.040508
0 0.439734 0.064307 0.039906 0.035918
0 0.788992 0.045225 0.042422 0.038926
0 0.256883 0.049209 0.043953 0.037988
0 0.098328 0.198887 0.042656 0.036328
0 0.114125 0.361650 0.036062 0.036895
0 0.293422 0.500264 0.039469 0.035332
0 0.724617 0.495654 0.036984 0.037246
0 0.877258 0.518594 0.033578 0.034922
0 0.430148 0.507900 0.035359 0.032559
0 0.026719 0.612441 0.032844 0.038164
0 0.570516 0.624814 0.037312 0.032129
0 0.158734 0.622930 0.035625 0.035742
0 0.289281 0.646758 0.036406 0.038125
0 0.723484 0.631787 0.032219 0.034355