0 0.609008 0.239883 0.036953 0.038945
0 0.270180 0.232432 0.038641 0.034277
0 0.431789 0.556572 0.031422 0.034668
0 0.438375 0.233535 0.035875 0.039531
0 0.124477 0.493408 0.034984 0.036113
0 0.888250 0.566572 0.036594 0.035801
0 0.763711 0.228281 0.034609 0.036328
0 0.280414 0.372275 0.034891 0.035098
0 0.577570 0.495088 0.035641 0.036191
0 0.443375 0.379824 0.036562 0.035430
0 0.931625 0.240996 0.038125 0.038789
0 0.575203 0.362764 0.035906 0.037676
0 0.740375 0.371445 0.034625 0.033945
0 0.908367 0.376582 0.037328 0.036602
0 0.968359 0.085029 0.037219 0.040527
0 0.445398 0.083740 0.039922 0.035918
0 0.808453 0.078369 0.042438 0.038926
0 0.260477 0.078193 0.043953 0.037988
0 0.090836 0.222637 0.042672 0.036328
0 0.106875 0.370723 0.036062 0.036914
0 0.289555 0.501807 0.039453 0.035332
0 0.729703 0.494648 0.037000 0.037266
0 0.890031 0.507070 0.033594 0.034922
0 0.426859 0.508262 0.035344 0.032539
0 0.013359 0.615977 0.026719 0.038164
0 0.574664 0.620635 0.037328 0.032129
0 0.144203 0.617471 0.035625 0.035762
0 0.277844 0.635039 0.036406 0.038125
0 0.733000 0.623193 0.032219 0.034355
0 0.650797 0.045762 0.036750 0.034531
0 0.072438 0.013936 0.040063 0.027871