0 0.620727 0.249629 0.036953 0.038945
0 0.264336 0.243516 0.038641 0.034258
0 0.422680 0.595811 0.033047 0.034668
0 0.441906 0.242422 0.035875 0.039531
0 0.119398 0.503301 0.034984 0.036094
0 0.896664 0.593662 0.036391 0.035566
0 0.779813 0.235244 0.034594 0.036309
0 0.273281 0.378320 0.034906 0.035117
0 0.577016 0.501523 0.035656 0.036211
0 0.441344 0.381748 0.036563 0.035449
0 0.956672 0.232588 0.038125 0.038809
0 0.583141 0.374150 0.035906 0.037676
0 0.752609 0.373926 0.034625 0.033945
0 0.928156 0.377783 0.037312 0.036621
0 0.977461 0.094229 0.032922 0.040527
0 0.448898 0.101289 0.039922 0.035938
0 0.825117 0.091338 0.042422 0.038926
0 0.262320 0.096475 0.043953 0.037988
0 0.084500 0.236309 0.042656 0.036328
0 0.097547 0.382383 0.036062 0.036914
0 0.284586 0.507168 0.039453 0.035312
0 0.739531 0.496445 0.037000 0.037266
0 0.904391 0.503008 0.033594 0.034922
0 0.422633 0.508721 0.035359 0.032559
0 0.007359 0.628838 0.014719 0.038145
0 0.580008 0.619307 0.037328 0.032129
0 0.133297 0.616143 0.035625 0.035762
0 0.268984 0.625654 0.036406 0.038105
0 0.739281 0.614170 0.032219 0.034355
0 0.641609 0.092812 0.039438 0.034531
0 0.062758 0.054932 0.044828 0.034824