0 0.600648 0.225488 0.036953 0.038945
0 0.270461 0.224971 0.038641 0.034277
0 0.437914 0.506729 0.030422 0.034668
0 0.435883 0.227676 0.035859 0.039531
0 0.132180 0.487363 0.034984 0.036094
0 0.878547 0.517041 0.035375 0.034316
0 0.748148 0.222881 0.034609 0.036309
0 0.291203 0.366299 0.034906 0.035098
0 0.577906 0.491143 0.035656 0.036191
0 0.445602 0.378652 0.036578 0.035430
0 0.912648 0.236162 0.038141 0.038809
0 0.576125 0.356660 0.035906 0.037695
0 0.729688 0.365918 0.034625 0.033945
0 0.898172 0.373047 0.037312 0.036602
0 0.951758 0.071211 0.037922 0.040508
0 0.440945 0.068467 0.039922 0.035918
0 0.792977 0.053057 0.042422 0.038926
0 0.257648 0.055420 0.043953 0.037988
0 0.096727 0.203984 0.042672 0.036328
0 0.112578 0.363594 0.036063 0.036914
0 0.292594 0.500596 0.039469 0.035332
0 0.725711 0.495439 0.036984 0.037246
0 0.881094 0.516035 0.033594 0.034922
0 0.429445 0.507979 0.035359 0.032559
0 0.023172 0.612842 0.031938 0.038145
0 0.571406 0.623916 0.037312 0.032129
0 0.155625 0.621758 0.035625 0.035742
0 0.286828 0.644248 0.036406 0.038105
0 0.725523 0.629951 0.032203 0.034355