0 0.616555 0.246367 0.036953 0.038945
0 0.269937 0.239219 0.038656 0.034258
0 0.424586 0.584648 0.032328 0.034648
0 0.440633 0.238848 0.035859 0.039531
0 0.120953 0.498906 0.035000 0.036094
0 0.891258 0.585625 0.037703 0.037148
0 0.777867 0.233193 0.034609 0.036309
0 0.275484 0.374219 0.034906 0.035117
0 0.577266 0.498662 0.035656 0.036191
0 0.441344 0.380889 0.036563 0.035449
0 0.948875 0.234639 0.038125 0.038809
0 0.579078 0.369287 0.035906 0.037676
0 0.750094 0.372539 0.034625 0.033945
0 0.917633 0.379795 0.037328 0.036621
0 0.970992 0.090586 0.036578 0.040508
0 0.449445 0.097617 0.039922 0.035937
0 0.822633 0.087324 0.042422 0.038945
0 0.263977 0.089512 0.043953 0.038008
0 0.088305 0.230195 0.042672 0.036328
0 0.101688 0.377207 0.036063 0.036914
0 0.286797 0.502910 0.039469 0.035312
0 0.734742 0.495254 0.036984 0.037266
0 0.902008 0.503496 0.033578 0.034922
0 0.424508 0.508516 0.035359 0.032539
0 0.009453 0.621445 0.018906 0.038164
0 0.577633 0.617637 0.037328 0.032109
0 0.133813 0.613584 0.035625 0.035762
0 0.269672 0.626670 0.036406 0.038105
0 0.739789 0.617061 0.032203 0.034355
0 0.646383 0.077559 0.039422 0.034531
0 0.065461 0.041738 0.045984 0.033398