0 0.617352 0.247051 0.036953 0.038945
0 0.269914 0.239893 0.038641 0.034277
0 0.423758 0.586914 0.032422 0.034648
0 0.440867 0.239375 0.035859 0.039531
0 0.120602 0.499453 0.034984 0.036094
0 0.890469 0.586035 0.037813 0.037266
0 0.779289 0.233682 0.034609 0.036309
0 0.275000 0.374414 0.034906 0.035117
0 0.577234 0.499014 0.035656 0.036191
0 0.441141 0.380996 0.036562 0.035430
0 0.950609 0.233271 0.038125 0.038809
0 0.579781 0.370010 0.035906 0.037676
0 0.751062 0.372393 0.034625 0.033965
0 0.918563 0.380117 0.037312 0.036602
0 0.971414 0.091162 0.036516 0.040527
0 0.449852 0.099014 0.039922 0.035918
0 0.823805 0.088213 0.042422 0.038926
0 0.264336 0.090537 0.043953 0.037988
0 0.088078 0.230850 0.042656 0.036348
0 0.101172 0.377852 0.036063 0.036914
0 0.286516 0.503018 0.039469 0.035332
0 0.735344 0.495400 0.037000 0.037246
0 0.902883 0.503262 0.033578 0.034922
0 0.424273 0.508545 0.035359 0.032559
0 0.009062 0.621992 0.018125 0.038164
0 0.577930 0.617334 0.037328 0.032129
0 0.132781 0.613193 0.035625 0.035762
0 0.268859 0.625830 0.036406 0.038105
0 0.740469 0.616455 0.032219 0.034355
0 0.645727 0.080332 0.039422 0.034531
0 0.065117 0.043389 0.045828 0.033574