0 0.627664 0.405898 0.036953 0.038438
0 0.255188 0.408467 0.038656 0.034277
0 0.426625 0.780029 0.033375 0.034121
0 0.442211 0.403789 0.035859 0.037344
0 0.113203 0.680068 0.035031 0.035566
0 0.918969 0.750410 0.034031 0.033281
0 0.781336 0.388691 0.034609 0.036055
0 0.263312 0.549600 0.034906 0.035098
0 0.580773 0.658848 0.035641 0.034844
0 0.442430 0.539707 0.036391 0.035156
0 0.971000 0.372139 0.036906 0.038535
0 0.590828 0.535937 0.035906 0.036953
0 0.764078 0.524863 0.034625 0.033945
0 0.953359 0.511699 0.036844 0.036602
0 0.982258 0.241338 0.031516 0.039824
0 0.440242 0.257734 0.039578 0.035781
0 0.817273 0.247236 0.042203 0.035449
0 0.251852 0.263916 0.043703 0.037871
0 0.075344 0.412344 0.041312 0.036211
0 0.091203 0.558809 0.035969 0.036602
0 0.280422 0.677168 0.038906 0.034844
0 0.756852 0.644062 0.036703 0.036914
0 0.926734 0.641660 0.033344 0.034922
0 0.423336 0.668379 0.035359 0.032539
0 0.004602 0.803750 0.009203 0.038164
0 0.591164 0.775908 0.035984 0.032129
0 0.136453 0.792695 0.035469 0.035391
0 0.270969 0.791934 0.036312 0.037305
0 0.750344 0.759580 0.032219 0.032832
0 0.627547 0.271367 0.039312 0.034531
0 0.050117 0.247363 0.041672 0.036602