0 0.577992 0.347617 0.036953 0.038945
0 0.277742 0.370166 0.038641 0.034277
0 0.447195 0.575098 0.029609 0.028047
0 0.435320 0.394854 0.035859 0.035176
0 0.160766 0.644443 0.035000 0.036113
0 0.844578 0.574102 0.033375 0.029805
0 0.714914 0.380176 0.034609 0.032813
0 0.314609 0.521230 0.034906 0.035117
0 0.578203 0.654639 0.033406 0.031934
0 0.442531 0.550674 0.036563 0.029121
0 0.863938 0.414160 0.038125 0.034609
0 0.564781 0.511416 0.035906 0.031504
0 0.706531 0.537568 0.034625 0.033965
0 0.870602 0.552070 0.033828 0.031797
0 0.885227 0.199473 0.038484 0.040508
0 0.426992 0.199541 0.039922 0.035918
0 0.750156 0.154756 0.042438 0.038926
0 0.256148 0.168047 0.043953 0.038008
0 0.115383 0.332285 0.042672 0.036328
0 0.127547 0.516777 0.036062 0.031719
0 0.303914 0.673359 0.039453 0.035312
0 0.013422 0.685166 0.026406 0.034082
0 0.994734 0.685889 0.010531 0.028926
0 0.709422 0.683271 0.037000 0.033184
0 0.852633 0.714961 0.035328 0.032266
0 0.433508 0.699834 0.035359 0.032559
0 0.064703 0.797207 0.034625 0.031797
0 0.565547 0.814600 0.037312 0.032129
0 0.191219 0.822295 0.035625 0.035762
0 0.311094 0.860918 0.036406 0.038125
0 0.984602 0.834551 0.030797 0.032227
0 0.706992 0.835918 0.030547 0.031797