0 0.625367 0.399297 0.036953 0.036719
0 0.251367 0.416650 0.038641 0.034277
0 0.436844 0.791846 0.031500 0.032363
0 0.436086 0.408789 0.035859 0.030234
0 0.115852 0.703096 0.035172 0.033770
0 0.946484 0.738135 0.032937 0.033848
0 0.781570 0.377656 0.034609 0.035234
0 0.253719 0.564131 0.034906 0.035098
0 0.595898 0.658389 0.035641 0.030488
0 0.442711 0.544248 0.035828 0.034199
0 0.980180 0.346543 0.032984 0.037617
0 0.595609 0.537119 0.035906 0.034590
0 0.775797 0.511504 0.034625 0.033945
0 0.967727 0.483945 0.035266 0.036602
0 0.975484 0.219941 0.032219 0.037539
0 0.425742 0.256006 0.038422 0.035332
0 0.808664 0.230000 0.041516 0.032031
0 0.231844 0.266523 0.042906 0.037500
0 0.067977 0.427891 0.039109 0.035781
0 0.085141 0.577051 0.035656 0.035625
0 0.287344 0.693525 0.037125 0.033262
0 0.774531 0.630869 0.035781 0.035801
0 0.954914 0.621035 0.032578 0.034922
0 0.427555 0.676748 0.035359 0.032559
0 0.007867 0.830127 0.015734 0.038145
0 0.602469 0.772207 0.031625 0.032109
0 0.147055 0.815225 0.034984 0.034199
0 0.282617 0.809170 0.035984 0.034707
0 0.776531 0.749727 0.032219 0.027813
0 0.614687 0.271074 0.038938 0.034531
0 0.022266 0.270703 0.040594 0.036602