0 0.619273 0.248516 0.036953 0.038945
0 0.266727 0.241963 0.038641 0.034277
0 0.423141 0.592002 0.032781 0.034668
0 0.441461 0.241113 0.035859 0.039531
0 0.119914 0.501650 0.034984 0.036113
0 0.893148 0.591025 0.037016 0.036309
0 0.779586 0.234580 0.034609 0.036309
0 0.274016 0.376650 0.034906 0.035098
0 0.577109 0.500449 0.035656 0.036211
0 0.441250 0.381426 0.036563 0.035430
0 0.954078 0.232881 0.038125 0.038809
0 0.581703 0.372373 0.035906 0.037676
0 0.751953 0.373271 0.034625 0.033965
0 0.924047 0.378789 0.037312 0.036602
0 0.974875 0.092910 0.034469 0.040508
0 0.449305 0.100303 0.039922 0.035918
0 0.824555 0.089990 0.042422 0.038926
0 0.263180 0.093936 0.043953 0.037988
0 0.086039 0.233965 0.042672 0.036328
0 0.099094 0.380439 0.036062 0.036895
0 0.285414 0.505391 0.039453 0.035313
0 0.737734 0.495996 0.037000 0.037266
0 0.903289 0.503066 0.033578 0.034922
0 0.423336 0.508643 0.035359 0.032559
0 0.008094 0.625898 0.016188 0.038164
0 0.579117 0.618467 0.037328 0.032129
0 0.133078 0.614873 0.035625 0.035762
0 0.268922 0.625732 0.036406 0.038105
0 0.739789 0.615146 0.032203 0.034355
0 0.643375 0.087461 0.039438 0.034531
0 0.063773 0.049980 0.045266 0.034297