0 0.583461 0.359707 0.036953 0.038945
0 0.276062 0.380420 0.038656 0.034277
0 0.446023 0.597568 0.029609 0.030723
0 0.435539 0.398799 0.035859 0.035176
0 0.152445 0.652295 0.034984 0.036113
0 0.852898 0.602227 0.033359 0.029805
0 0.721023 0.388066 0.034609 0.032813
0 0.310609 0.526221 0.034906 0.035098
0 0.579586 0.659023 0.035016 0.031914
0 0.442812 0.548770 0.036563 0.031563
0 0.876344 0.413906 0.038125 0.034609
0 0.569000 0.518779 0.035906 0.031504
0 0.713234 0.539590 0.034625 0.033945
0 0.879664 0.551885 0.033828 0.031777
0 0.902695 0.216045 0.038484 0.040527
0 0.431414 0.215850 0.039922 0.035918
0 0.762359 0.178682 0.042438 0.038926
0 0.258883 0.188564 0.043953 0.037988
0 0.109703 0.347012 0.042656 0.036328
0 0.125656 0.525986 0.036062 0.031738
0 0.300969 0.677041 0.039469 0.035332
0 0.008477 0.685479 0.016828 0.034082
0 0.714969 0.682549 0.037000 0.033184
0 0.859352 0.712227 0.035328 0.032266
0 0.433383 0.698311 0.035359 0.032559
0 0.052719 0.799219 0.034625 0.031797
0 0.595461 0.016992 0.032516 0.033984
0 0.568523 0.811973 0.037328 0.032109
0 0.181719 0.818818 0.035625 0.035762
0 0.301953 0.854580 0.036406 0.038105
0 0.988281 0.831484 0.023438 0.032227
0 0.711375 0.830430 0.030531 0.031797