0 0.576898 0.345195 0.036953 0.038945
0 0.278086 0.368115 0.038641 0.034277
0 0.447430 0.570605 0.029609 0.027500
0 0.435281 0.394062 0.035875 0.035195
0 0.162430 0.642871 0.034984 0.036094
0 0.842914 0.568477 0.033359 0.029805
0 0.713695 0.378594 0.034609 0.032813
0 0.315406 0.520225 0.034906 0.035098
0 0.577930 0.653760 0.033078 0.031934
0 0.442469 0.551055 0.036562 0.028633
0 0.861453 0.414219 0.038125 0.034609
0 0.563953 0.509932 0.035906 0.031504
0 0.705203 0.537168 0.034625 0.033945
0 0.868789 0.552100 0.033828 0.031777
0 0.881742 0.196162 0.038484 0.040527
0 0.426117 0.196279 0.039922 0.035918
0 0.747711 0.149961 0.042422 0.038945
0 0.255602 0.163945 0.043953 0.038008
0 0.116523 0.329346 0.042672 0.036348
0 0.127922 0.514941 0.036062 0.031719
0 0.304500 0.672617 0.039469 0.035313
0 0.014414 0.685107 0.028328 0.034082
0 0.993914 0.685479 0.012172 0.028926
0 0.708313 0.683418 0.037000 0.033203
0 0.851289 0.715508 0.035328 0.032266
0 0.433523 0.700146 0.035359 0.032559
0 0.067094 0.796807 0.034625 0.031816
0 0.564945 0.815127 0.037328 0.032129
0 0.193109 0.822979 0.035625 0.035762
0 0.312922 0.862187 0.036406 0.038125
0 0.983859 0.835156 0.032281 0.032227
0 0.706109 0.837012 0.030531 0.031797