0 0.569711 0.350439 0.036953 0.038965
0 0.279797 0.373066 0.041531 0.037187
0 0.449906 0.559463 0.029625 0.024707
0 0.431492 0.406826 0.035859 0.035176
0 0.007102 0.611895 0.014203 0.032578
0 0.179164 0.653125 0.034984 0.036094
0 0.829586 0.552031 0.033359 0.029805
0 0.994813 0.382539 0.010375 0.036680
0 0.704898 0.388672 0.034609 0.033672
0 0.321555 0.534199 0.035609 0.035469
0 0.575797 0.670693 0.031156 0.037012
0 0.442516 0.581631 0.036563 0.027559
0 0.841516 0.431621 0.033094 0.034062
0 0.559125 0.517920 0.035906 0.038809
0 0.691500 0.555205 0.034625 0.033965
0 0.987883 0.222500 0.024234 0.033750
0 0.855172 0.582217 0.033844 0.033145
0 0.853008 0.187949 0.038484 0.040508
0 0.416992 0.191562 0.039922 0.035938
0 0.718656 0.124600 0.042437 0.039980
0 0.254164 0.151885 0.043953 0.037988
0 0.128852 0.330234 0.042672 0.036328
0 0.132453 0.522432 0.036062 0.035215
0 0.314984 0.692793 0.039469 0.035312
0 0.030305 0.706016 0.035047 0.034805
0 0.986117 0.712354 0.026047 0.028926
0 0.698938 0.704619 0.037000 0.033184
0 0.841555 0.743076 0.035328 0.040410
0 0.436023 0.726504 0.035359 0.037656
0 0.090820 0.816934 0.034641 0.038398
0 0.561422 0.841367 0.038375 0.036445
0 0.208625 0.854092 0.035625 0.035762
0 0.329406 0.895391 0.036406 0.033047
0 0.964695 0.871240 0.033797 0.028965
0 0.698617 0.871357 0.030547 0.031816