0 0.585039 0.360088 0.036953 0.038965
0 0.273789 0.381084 0.038641 0.034277
0 0.445461 0.603135 0.029609 0.031973
0 0.431273 0.388896 0.035859 0.035918
0 0.145039 0.649121 0.034984 0.036094
0 0.858797 0.609707 0.033531 0.030352
0 0.725172 0.385176 0.036250 0.035508
0 0.307758 0.524053 0.034891 0.035098
0 0.579227 0.657529 0.035641 0.032637
0 0.442984 0.547617 0.036562 0.033008
0 0.883297 0.403730 0.039750 0.039180
0 0.571922 0.517676 0.035906 0.032539
0 0.718781 0.533545 0.036656 0.037324
0 0.883953 0.545439 0.034125 0.036309
0 0.911477 0.220586 0.038484 0.040508
0 0.431836 0.214346 0.039922 0.035918
0 0.771758 0.184268 0.042422 0.038926
0 0.258539 0.193184 0.043953 0.038008
0 0.105734 0.353486 0.042656 0.036348
0 0.123406 0.525752 0.036062 0.032598
0 0.300453 0.672158 0.035906 0.035371
0 0.005250 0.677148 0.010500 0.034102
0 0.714852 0.673350 0.036984 0.037559
0 0.859031 0.705752 0.035031 0.032715
0 0.432508 0.688789 0.035359 0.032539
0 0.043922 0.794297 0.034625 0.033086
0 0.597695 0.033496 0.032516 0.032813
0 0.567875 0.802354 0.034563 0.028535
0 0.175687 0.805430 0.035625 0.035742
0 0.297547 0.841094 0.036406 0.033750
0 0.992117 0.812734 0.015766 0.032227
0 0.714766 0.818652 0.030813 0.032227
0 0.101570 0.007158 0.032984 0.014316