0 0.627430 0.351084 0.036953 0.038965
0 0.256930 0.349287 0.038641 0.034277
0 0.422414 0.717617 0.033953 0.034648
0 0.442922 0.345723 0.035875 0.039531
0 0.113766 0.617764 0.035000 0.036113
0 0.908938 0.695781 0.034375 0.033125
0 0.780555 0.337607 0.034609 0.036309
0 0.269266 0.486191 0.034906 0.035117
0 0.576313 0.603760 0.035656 0.036191
0 0.442109 0.485000 0.036562 0.035430
0 0.967234 0.329072 0.038125 0.038809
0 0.588594 0.479844 0.035906 0.037695
0 0.758594 0.473789 0.034625 0.033945
0 0.947422 0.468809 0.037312 0.036602
0 0.985320 0.198154 0.029359 0.040527
0 0.446586 0.205850 0.039922 0.035918
0 0.822273 0.195557 0.042422 0.038926
0 0.259664 0.206475 0.043953 0.037988
0 0.077578 0.349639 0.042656 0.036348
0 0.091648 0.495479 0.036078 0.036895
0 0.277500 0.616182 0.039469 0.035332
0 0.749445 0.591191 0.036984 0.037266
0 0.913352 0.597461 0.033578 0.034922
0 0.421445 0.610088 0.035359 0.032559
0 0.005289 0.747617 0.010578 0.038164
0 0.584977 0.723311 0.037328 0.032129
0 0.133078 0.728164 0.035625 0.035742
0 0.267406 0.729004 0.036406 0.038125
0 0.741000 0.708877 0.032219 0.034355
0 0.631969 0.214326 0.039438 0.034512
0 0.058133 0.180000 0.042484 0.036602