0 0.622164 0.250732 0.036953 0.038965
0 0.261945 0.245068 0.038641 0.034277
0 0.422211 0.599629 0.033328 0.034648
0 0.442352 0.243711 0.035859 0.039531
0 0.118891 0.504951 0.035000 0.036113
0 0.897758 0.591787 0.035797 0.034824
0 0.780039 0.235908 0.034609 0.036309
0 0.272547 0.380000 0.034906 0.035117
0 0.576922 0.502598 0.035656 0.036211
0 0.441422 0.382061 0.036562 0.035449
0 0.959281 0.232275 0.038125 0.038809
0 0.584578 0.375928 0.035906 0.037676
0 0.753281 0.374590 0.034625 0.033945
0 0.932266 0.376777 0.037312 0.036602
0 0.980055 0.095547 0.031391 0.040508
0 0.448484 0.102266 0.039906 0.035938
0 0.825680 0.092686 0.042422 0.038926
0 0.261445 0.099023 0.043953 0.038008
0 0.082969 0.238652 0.042656 0.036328
0 0.095984 0.384326 0.036062 0.036895
0 0.283758 0.508945 0.039453 0.035313
0 0.741328 0.496895 0.037000 0.037266
0 0.905484 0.502969 0.033594 0.034922
0 0.421914 0.508799 0.035359 0.032559
0 0.006633 0.631777 0.013266 0.038164
0 0.580898 0.620146 0.037328 0.032129
0 0.133516 0.617412 0.035625 0.035762
0 0.269031 0.625576 0.036406 0.038105
0 0.738766 0.613213 0.032219 0.034355
0 0.639852 0.098174 0.039422 0.034512
0 0.061750 0.059883 0.044406 0.035352