0 0.627898 0.379512 0.036953 0.038945
0 0.256648 0.377627 0.038641 0.034277
0 0.422945 0.747002 0.033953 0.034668
0 0.443508 0.373984 0.035859 0.039531
0 0.113078 0.645371 0.035000 0.036094
0 0.909727 0.724980 0.034359 0.033125
0 0.780914 0.364854 0.034609 0.036309
0 0.268281 0.515449 0.034906 0.035117
0 0.576219 0.631377 0.035656 0.036191
0 0.442219 0.511650 0.036563 0.035449
0 0.967703 0.354541 0.038125 0.038809
0 0.588984 0.507705 0.035906 0.037676
0 0.759531 0.501387 0.034625 0.033945
0 0.948180 0.494521 0.037328 0.036621
0 0.984828 0.223037 0.030344 0.040527
0 0.445648 0.232061 0.039922 0.035918
0 0.821102 0.223447 0.042422 0.038926
0 0.258836 0.234795 0.043953 0.037988
0 0.077422 0.378594 0.042656 0.036328
0 0.092359 0.524336 0.036063 0.036914
0 0.277898 0.644160 0.039453 0.035313
0 0.750422 0.619658 0.037000 0.037246
0 0.915703 0.622734 0.033594 0.034922
0 0.421742 0.637939 0.035359 0.032559
0 0.006484 0.779844 0.012969 0.038164
0 0.586336 0.750186 0.037328 0.032129
0 0.133141 0.756963 0.035625 0.035762
0 0.267391 0.757822 0.036406 0.038105
0 0.741641 0.735732 0.032219 0.034355
0 0.631734 0.242891 0.039438 0.034531
0 0.058406 0.210098 0.042250 0.036602