0 0.626602 0.402852 0.036953 0.037656
0 0.253422 0.412246 0.038656 0.034258
0 0.431344 0.785488 0.032500 0.033320
0 0.439383 0.406094 0.035859 0.034062
0 0.114422 0.690693 0.035094 0.034746
0 0.931672 0.744746 0.033531 0.033555
0 0.781445 0.383604 0.034609 0.035684
0 0.257344 0.556953 0.034906 0.035117
0 0.587750 0.658633 0.035656 0.032852
0 0.442555 0.541807 0.036141 0.034707
0 0.975234 0.360322 0.035094 0.038105
0 0.593031 0.536484 0.035906 0.035859
0 0.769484 0.518701 0.034625 0.033965
0 0.959992 0.498887 0.036109 0.036602
0 0.979133 0.231465 0.031859 0.038750
0 0.433555 0.256934 0.039047 0.035586
0 0.813289 0.241094 0.041891 0.030234
0 0.242617 0.265117 0.043328 0.037695
0 0.072453 0.419512 0.039281 0.036016
0 0.088398 0.567236 0.035828 0.036152
0 0.283617 0.684717 0.038078 0.034121
0 0.765016 0.637979 0.036281 0.036387
0 0.939742 0.632148 0.032984 0.034922
0 0.425273 0.672246 0.035359 0.032539
0 0.005297 0.814717 0.010594 0.038145
0 0.596383 0.774209 0.033984 0.032129
0 0.141344 0.803086 0.035250 0.034844
0 0.276344 0.799893 0.036156 0.036113
0 0.762430 0.755029 0.032203 0.030527
0 0.621617 0.271230 0.039141 0.034531
0 0.037266 0.258135 0.041188 0.036621