0 0.625727 0.400313 0.036953 0.036992
0 0.251953 0.415391 0.038656 0.034258
0 0.435281 0.790029 0.031781 0.032637
0 0.437039 0.408018 0.035859 0.031348
0 0.115437 0.699541 0.035156 0.034043
0 0.942258 0.740029 0.033109 0.033770
0 0.781523 0.379355 0.034609 0.035352
0 0.253477 0.562607 0.034891 0.035098
0 0.593570 0.658457 0.035641 0.031172
0 0.442664 0.543555 0.035922 0.034336
0 0.978766 0.350479 0.033594 0.037754
0 0.594875 0.536934 0.035906 0.034961
0 0.773984 0.513555 0.034625 0.033945
0 0.965516 0.488203 0.035500 0.036602
0 0.976523 0.223242 0.032109 0.037891
0 0.427977 0.256270 0.038609 0.035391
0 0.809984 0.233174 0.041625 0.031504
0 0.234922 0.266123 0.043031 0.037559
0 0.069672 0.425508 0.038313 0.035859
0 0.086070 0.574248 0.035703 0.035762
0 0.286273 0.691006 0.037391 0.033496
0 0.771813 0.632900 0.035937 0.035957
0 0.950578 0.624199 0.032688 0.034922
0 0.426898 0.675459 0.035359 0.032559
0 0.007172 0.825664 0.014344 0.038164
0 0.600727 0.772783 0.032297 0.032129
0 0.145430 0.811748 0.035047 0.034395
0 0.280820 0.806523 0.036047 0.035117
0 0.772500 0.751250 0.032219 0.028594
0 0.616664 0.271113 0.038984 0.034531
0 0.026555 0.267109 0.040766 0.036602