0 0.582367 0.357285 0.036953 0.038945
0 0.276398 0.378369 0.038641 0.034277
0 0.446258 0.593076 0.029609 0.030176
0 0.435492 0.398008 0.035859 0.035195
0 0.154102 0.650723 0.034984 0.036094
0 0.851242 0.596602 0.033359 0.029805
0 0.719797 0.386484 0.034594 0.032813
0 0.311414 0.525225 0.034891 0.035098
0 0.579313 0.658145 0.034687 0.031914
0 0.442766 0.549150 0.036562 0.031074
0 0.873867 0.413955 0.038141 0.034590
0 0.568156 0.517295 0.035906 0.031504
0 0.711891 0.539189 0.034625 0.033965
0 0.877852 0.551924 0.033828 0.031777
0 0.899195 0.212734 0.038484 0.040508
0 0.430531 0.212588 0.039906 0.035918
0 0.759914 0.173896 0.042422 0.038926
0 0.258336 0.184463 0.043953 0.037988
0 0.110836 0.344072 0.042672 0.036348
0 0.126031 0.524141 0.036062 0.031719
0 0.301555 0.676309 0.039453 0.035312
0 0.009469 0.685410 0.018750 0.034102
0 0.713859 0.682686 0.037000 0.033184
0 0.858008 0.712773 0.035328 0.032266
0 0.433398 0.698623 0.035359 0.032559
0 0.055117 0.798818 0.034641 0.031816
0 0.595461 0.011494 0.032516 0.022988
0 0.567930 0.812500 0.037328 0.032109
0 0.183617 0.819512 0.035609 0.035742
0 0.303781 0.855850 0.036406 0.038105
0 0.987547 0.832090 0.024906 0.032227
0 0.710500 0.831523 0.030531 0.031797