0 0.607617 0.238672 0.036953 0.038945
0 0.270234 0.231074 0.038656 0.034258
0 0.432906 0.549326 0.031250 0.034668
0 0.437922 0.232461 0.035875 0.039531
0 0.125180 0.492305 0.034984 0.036094
0 0.886453 0.561436 0.036375 0.035527
0 0.760883 0.227295 0.034609 0.036309
0 0.281398 0.371885 0.034891 0.035098
0 0.577625 0.494365 0.035656 0.036191
0 0.443781 0.379609 0.036563 0.035430
0 0.928172 0.240107 0.038125 0.038809
0 0.575375 0.361650 0.035906 0.037676
0 0.738438 0.370430 0.034625 0.033945
0 0.906516 0.375938 0.037312 0.036602
0 0.968328 0.084004 0.037344 0.040508
0 0.444586 0.080967 0.039922 0.035918
0 0.804898 0.076553 0.042422 0.038926
0 0.259961 0.074053 0.043953 0.037988
0 0.091906 0.219238 0.042656 0.036328
0 0.107906 0.369424 0.036062 0.036895
0 0.290109 0.501582 0.039469 0.035313
0 0.728977 0.494785 0.036984 0.037266
0 0.889477 0.509336 0.033578 0.034922
0 0.427336 0.508213 0.035359 0.032559
0 0.014141 0.614883 0.028281 0.038164
0 0.574070 0.621221 0.037328 0.032129
0 0.146281 0.618252 0.035625 0.035762
0 0.279484 0.636709 0.036406 0.038105
0 0.731641 0.624424 0.032219 0.034355
0 0.649969 0.036094 0.034063 0.034531
0 0.075578 0.009336 0.036531 0.018672