0 0.614180 0.244355 0.036953 0.038945
0 0.270008 0.237178 0.038641 0.034277
0 0.427078 0.577861 0.032062 0.034668
0 0.439961 0.237246 0.035859 0.039531
0 0.122008 0.497256 0.034984 0.036113
0 0.891797 0.584189 0.037375 0.036738
0 0.773625 0.231719 0.034594 0.036328
0 0.276969 0.373643 0.034906 0.035098
0 0.577352 0.497588 0.035641 0.036191
0 0.441953 0.380576 0.036563 0.035449
0 0.943703 0.238701 0.038125 0.038809
0 0.576984 0.367139 0.035906 0.037676
0 0.747188 0.372988 0.034625 0.033945
0 0.914859 0.378828 0.037312 0.036602
0 0.969711 0.088828 0.036766 0.040508
0 0.448227 0.093447 0.039922 0.035918
0 0.819102 0.084678 0.042422 0.038926
0 0.262898 0.086426 0.043953 0.038008
0 0.088969 0.228242 0.042656 0.036328
0 0.103242 0.375264 0.036078 0.036895
0 0.287625 0.502578 0.039469 0.035313
0 0.732945 0.494805 0.036984 0.037266
0 0.898398 0.505859 0.033578 0.034922
0 0.425211 0.508447 0.035359 0.032559
0 0.010625 0.619805 0.021250 0.038164
0 0.576742 0.618535 0.037328 0.032109
0 0.136930 0.614746 0.035609 0.035742
0 0.272125 0.629180 0.036406 0.038125
0 0.737758 0.618896 0.032203 0.034355
0 0.648359 0.069268 0.039438 0.034512
0 0.066914 0.035381 0.045484 0.032402