0 0.609711 0.240498 0.036953 0.038965
0 0.270164 0.233105 0.038641 0.034258
0 0.431234 0.560205 0.031500 0.034668
0 0.438602 0.234063 0.035859 0.039531
0 0.124117 0.493955 0.034984 0.036113
0 0.887602 0.571240 0.036703 0.035918
0 0.765133 0.228770 0.034609 0.036328
0 0.279922 0.372471 0.034906 0.035098
0 0.577539 0.495439 0.035641 0.036191
0 0.443172 0.379932 0.036562 0.035449
0 0.933359 0.241436 0.038125 0.038809
0 0.575125 0.363320 0.035906 0.037695
0 0.741359 0.371943 0.034625 0.033965
0 0.909297 0.376904 0.037312 0.036621
0 0.968375 0.085537 0.037156 0.040527
0 0.445805 0.085127 0.039922 0.035918
0 0.810227 0.079287 0.042422 0.038926
0 0.260727 0.080264 0.043953 0.037988
0 0.090305 0.224326 0.042672 0.036348
0 0.106359 0.371367 0.036062 0.036914
0 0.289281 0.501914 0.039469 0.035312
0 0.730063 0.494570 0.037000 0.037266
0 0.892023 0.507793 0.033578 0.034922
0 0.426617 0.508291 0.035359 0.032559
0 0.012969 0.616523 0.025938 0.038164
0 0.574961 0.620322 0.037328 0.032129
0 0.143156 0.617090 0.035625 0.035742
0 0.277031 0.634199 0.036406 0.038125
0 0.733680 0.622588 0.032203 0.034355
0 0.651219 0.050605 0.038094 0.034531
0 0.071648 0.016992 0.040828 0.028516