0 0.606914 0.238057 0.036953 0.038965
0 0.270258 0.230391 0.038641 0.034258
0 0.433461 0.545703 0.031141 0.034648
0 0.437695 0.231934 0.035859 0.039531
0 0.125523 0.491758 0.034984 0.036094
0 0.885547 0.558867 0.036250 0.035391
0 0.759469 0.226807 0.034594 0.036309
0 0.281891 0.371689 0.034906 0.035098
0 0.577656 0.494014 0.035656 0.036191
0 0.443984 0.379502 0.036563 0.035449
0 0.926453 0.239678 0.038125 0.038809
0 0.575453 0.361094 0.035906 0.037695
0 0.737469 0.369941 0.034625 0.033945
0 0.905586 0.375625 0.037328 0.036602
0 0.968313 0.083496 0.037406 0.040508
0 0.444180 0.079580 0.039922 0.035918
0 0.803570 0.073936 0.042422 0.038926
0 0.259703 0.071982 0.043969 0.037988
0 0.092445 0.217539 0.042672 0.036328
0 0.108422 0.368779 0.036063 0.036895
0 0.290383 0.501475 0.039453 0.035332
0 0.728609 0.494863 0.037000 0.037266
0 0.889203 0.510469 0.033594 0.034922
0 0.427570 0.508184 0.035359 0.032539
0 0.014531 0.614336 0.029063 0.038164
0 0.573773 0.621533 0.037328 0.032129
0 0.147313 0.618643 0.035625 0.035762
0 0.280297 0.637549 0.036406 0.038105
0 0.730961 0.625049 0.032203 0.034355
0 0.649547 0.031250 0.032719 0.034531
0 0.077148 0.007031 0.034766 0.014063