0 0.624102 0.252207 0.036953 0.038945
0 0.258758 0.247139 0.038641 0.034277
0 0.421594 0.604717 0.033688 0.034668
0 0.442945 0.245449 0.035859 0.039531
0 0.118211 0.507148 0.034984 0.036094
0 0.900031 0.593135 0.034969 0.033848
0 0.780336 0.236807 0.034609 0.036309
0 0.271570 0.382227 0.034891 0.035117
0 0.576797 0.504033 0.035656 0.036191
0 0.441547 0.382490 0.036563 0.035449
0 0.962750 0.231885 0.038125 0.038809
0 0.586500 0.378291 0.035906 0.037676
0 0.754156 0.375469 0.034625 0.033945
0 0.937750 0.375449 0.037312 0.036602
0 0.983508 0.097295 0.029328 0.040527
0 0.447945 0.103564 0.039922 0.035918
0 0.826430 0.094482 0.042422 0.038926
0 0.260289 0.102422 0.043953 0.038008
0 0.080922 0.241768 0.042656 0.036348
0 0.093914 0.386924 0.036078 0.036895
0 0.282656 0.511318 0.039469 0.035332
0 0.743719 0.497480 0.037000 0.037266
0 0.908805 0.496211 0.033578 0.034922
0 0.420977 0.508896 0.035359 0.032559
0 0.005664 0.635684 0.011328 0.038164
0 0.582086 0.621279 0.037328 0.032129
0 0.133813 0.619092 0.035625 0.035762
0 0.269094 0.625469 0.036406 0.038125
0 0.738086 0.611904 0.032203 0.034355
0 0.637500 0.105313 0.039438 0.034531
0 0.060398 0.066475 0.043828 0.036074