0 0.570336 0.330684 0.036953 0.038945
0 0.278664 0.354336 0.041516 0.037187
0 0.449320 0.534668 0.029609 0.023242
0 0.435023 0.389326 0.035859 0.035176
0 0.005914 0.597021 0.011828 0.031855
0 0.179492 0.633447 0.034984 0.036113
0 0.831742 0.527363 0.033359 0.029805
0 0.996336 0.354932 0.007328 0.036699
0 0.706383 0.368398 0.034609 0.032813
0 0.320203 0.514229 0.034906 0.035098
0 0.576266 0.648506 0.031156 0.031934
0 0.442125 0.553350 0.036563 0.025723
0 0.844047 0.414531 0.033094 0.034609
0 0.558891 0.501104 0.035906 0.031504
0 0.693031 0.533262 0.034625 0.033945
0 0.989719 0.201123 0.020562 0.032715
0 0.857914 0.552324 0.033828 0.031797
0 0.856539 0.175400 0.038484 0.040527
0 0.416570 0.173545 0.039922 0.035918
0 0.724453 0.112764 0.042438 0.038926
0 0.253742 0.135801 0.043953 0.038008
0 0.126867 0.310791 0.042672 0.036348
0 0.130203 0.503906 0.036062 0.031719
0 0.313930 0.668945 0.039453 0.035313
0 0.029219 0.688428 0.035031 0.034082
0 0.987531 0.683643 0.024938 0.028926
0 0.701648 0.689443 0.036984 0.033184
0 0.842047 0.725020 0.035344 0.030117
0 0.432492 0.707119 0.035359 0.032559
0 0.086773 0.795137 0.034641 0.031797
0 0.561961 0.820498 0.037328 0.032129
0 0.206859 0.827148 0.035625 0.035742
0 0.327406 0.874209 0.036406 0.038105
0 0.966109 0.841055 0.033094 0.032227
0 0.699672 0.851689 0.030531 0.031816