0 0.589867 0.279160 0.036953 0.038945
0 0.271430 0.298623 0.038641 0.034277
0 0.444281 0.530967 0.029625 0.034668
0 0.432633 0.307812 0.035859 0.038086
0 0.142039 0.565488 0.034984 0.036094
0 0.861531 0.538311 0.034031 0.032012
0 0.729672 0.302031 0.036250 0.037227
0 0.304695 0.438643 0.034891 0.035098
0 0.578250 0.570078 0.035656 0.034766
0 0.446078 0.462412 0.036562 0.034473
0 0.889437 0.318447 0.039750 0.041270
0 0.571250 0.433379 0.035906 0.035625
0 0.718297 0.447881 0.036656 0.037324
0 0.885352 0.456816 0.035859 0.038711
0 0.920555 0.136309 0.038484 0.040508
0 0.435367 0.132998 0.039922 0.035918
0 0.776305 0.104561 0.042422 0.038926
0 0.259461 0.112461 0.043953 0.038008
0 0.104086 0.269697 0.042672 0.036348
0 0.121750 0.438252 0.036062 0.035176
0 0.299203 0.585625 0.039469 0.035312
0 0.003687 0.590137 0.007375 0.034102
0 0.720008 0.586748 0.036984 0.039590
0 0.865023 0.613174 0.034172 0.034043
0 0.432508 0.599268 0.035359 0.032559
0 0.038664 0.701729 0.034641 0.036895
0 0.568773 0.715352 0.037328 0.034687
0 0.169672 0.716191 0.035625 0.035742
0 0.295063 0.747617 0.036406 0.038125
0 0.993469 0.730410 0.013063 0.032227
0 0.717023 0.727344 0.031641 0.033516