0 0.627133 0.404375 0.036953 0.038047
0 0.254305 0.410361 0.038641 0.034277
0 0.428984 0.782764 0.032937 0.033730
0 0.440805 0.404941 0.035859 0.035703
0 0.113813 0.685381 0.035063 0.035137
0 0.925328 0.747578 0.033781 0.033438
0 0.781383 0.386152 0.034609 0.035859
0 0.260328 0.553281 0.034906 0.035117
0 0.584266 0.658740 0.035656 0.033848
0 0.442492 0.540762 0.036266 0.034922
0 0.973117 0.366230 0.036016 0.038320
0 0.591938 0.536211 0.035906 0.036406
0 0.766781 0.521787 0.034625 0.033965
0 0.956672 0.505293 0.036469 0.036602
0 0.980695 0.236406 0.031703 0.039297
0 0.436898 0.257334 0.039297 0.035684
0 0.815281 0.244160 0.042063 0.032852
0 0.247234 0.264521 0.043531 0.037793
0 0.073898 0.415928 0.040297 0.036113
0 0.089805 0.563027 0.035891 0.036367
0 0.282016 0.680947 0.038500 0.034473
0 0.760930 0.641025 0.036484 0.036660
0 0.933234 0.636895 0.033156 0.034922
0 0.424305 0.670312 0.035359 0.032539
0 0.005172 0.810576 0.010344 0.038145
0 0.593773 0.775059 0.034984 0.032109
0 0.138898 0.797891 0.035359 0.035117
0 0.273656 0.795918 0.036250 0.036719
0 0.756383 0.757305 0.032203 0.031680
0 0.624578 0.271309 0.039219 0.034531
0 0.043688 0.252744 0.041438 0.036621