0 0.626961 0.322666 0.036953 0.038965
0 0.257211 0.320957 0.038641 0.034258
0 0.421883 0.688223 0.033953 0.034648
0 0.442336 0.317441 0.035859 0.039531
0 0.114453 0.590156 0.035000 0.036094
0 0.908156 0.666572 0.034375 0.033105
0 0.780203 0.310361 0.034594 0.036309
0 0.270250 0.456943 0.034906 0.035098
0 0.576414 0.576152 0.035641 0.036211
0 0.441984 0.458350 0.036562 0.035449
0 0.966766 0.303604 0.038125 0.038809
0 0.588219 0.451982 0.035906 0.037676
0 0.757641 0.446191 0.034625 0.033945
0 0.946672 0.443105 0.037312 0.036602
0 0.985813 0.173262 0.028375 0.040508
0 0.447531 0.179639 0.039906 0.035918
0 0.823453 0.167686 0.042438 0.038926
0 0.260492 0.178145 0.043953 0.038008
0 0.077734 0.320684 0.042656 0.036328
0 0.090937 0.466611 0.036062 0.036895
0 0.277109 0.588203 0.039469 0.035312
0 0.748461 0.562715 0.036984 0.037266
0 0.910992 0.572168 0.033578 0.034922
0 0.421164 0.582236 0.035359 0.032559
0 0.004094 0.715381 0.008188 0.038145
0 0.583633 0.696455 0.037328 0.032129
0 0.133031 0.699375 0.035625 0.035742
0 0.267422 0.700186 0.036406 0.038105
0 0.740352 0.682002 0.032203 0.034355
0 0.632203 0.185762 0.039438 0.034531
0 0.057859 0.149912 0.042719 0.036621