0 0.611117 0.241719 0.036953 0.038945
0 0.270109 0.234463 0.038656 0.034277
0 0.430125 0.567451 0.031688 0.034668
0 0.439055 0.235117 0.035859 0.039531
0 0.123414 0.495059 0.034984 0.036094
0 0.887898 0.578262 0.036922 0.036211
0 0.767961 0.229756 0.034609 0.036309
0 0.278937 0.372861 0.034906 0.035098
0 0.577477 0.496162 0.035641 0.036191
0 0.442766 0.380146 0.036562 0.035449
0 0.936805 0.242314 0.038141 0.038809
0 0.574969 0.364424 0.035906 0.037676
0 0.743297 0.372949 0.034625 0.033945
0 0.911148 0.377539 0.037328 0.036602
0 0.968414 0.086563 0.037016 0.040508
0 0.446609 0.087900 0.039906 0.035918
0 0.813789 0.081123 0.042422 0.038926
0 0.261445 0.082324 0.043953 0.038008
0 0.089859 0.225635 0.042656 0.036348
0 0.105313 0.372666 0.036062 0.036895
0 0.288727 0.502139 0.039453 0.035332
0 0.730789 0.494434 0.036984 0.037266
0 0.894242 0.508867 0.033578 0.034922
0 0.426148 0.508340 0.035359 0.032539
0 0.012188 0.617617 0.024375 0.038164
0 0.575555 0.619736 0.037328 0.032129
0 0.141078 0.616309 0.035625 0.035742
0 0.275391 0.632529 0.036406 0.038105
0 0.735039 0.621357 0.032203 0.034355
0 0.650984 0.058203 0.039438 0.034531
0 0.070070 0.023125 0.042391 0.029805