0 0.623617 0.251836 0.036953 0.038945
0 0.259555 0.246621 0.038641 0.034258
0 0.421750 0.603447 0.033594 0.034668
0 0.442805 0.245020 0.035859 0.039531
0 0.118375 0.506602 0.035000 0.036094
0 0.899617 0.592988 0.035172 0.034102
0 0.780258 0.236582 0.034609 0.036328
0 0.271812 0.381670 0.034906 0.035098
0 0.576828 0.503672 0.035656 0.036211
0 0.441516 0.382383 0.036562 0.035430
0 0.961875 0.231982 0.038125 0.038809
0 0.586016 0.377695 0.035906 0.037695
0 0.753937 0.375254 0.034625 0.033945
0 0.936383 0.375781 0.037328 0.036602
0 0.982648 0.096855 0.029859 0.040508
0 0.448078 0.103242 0.039906 0.035938
0 0.826242 0.094033 0.042422 0.038926
0 0.260586 0.101572 0.043953 0.037988
0 0.081430 0.240986 0.042672 0.036348
0 0.094430 0.386279 0.036078 0.036895
0 0.282930 0.510723 0.039453 0.035312
0 0.743117 0.497334 0.036984 0.037246
0 0.907430 0.493184 0.033578 0.034922
0 0.421211 0.508877 0.035359 0.032559
0 0.005906 0.634707 0.011813 0.038164
0 0.581789 0.621006 0.037328 0.032129
0 0.133750 0.618672 0.035625 0.035742
0 0.269078 0.625498 0.036406 0.038105
0 0.738258 0.612236 0.032203 0.034355
0 0.638094 0.103525 0.039438 0.034512
0 0.060742 0.064824 0.043984 0.035898