0 0.571430 0.333096 0.036953 0.038965
0 0.279766 0.357861 0.038656 0.034277
0 0.448609 0.548145 0.029625 0.024844
0 0.435070 0.390117 0.035859 0.035195
0 0.170758 0.635020 0.034984 0.036094
0 0.834586 0.540352 0.033359 0.029805
0 0.707602 0.370703 0.034609 0.032812
0 0.319406 0.515234 0.034906 0.035117
0 0.576539 0.649375 0.031484 0.031914
0 0.442188 0.552969 0.036562 0.026211
0 0.849047 0.414482 0.038125 0.034590
0 0.559734 0.502568 0.035906 0.031504
0 0.698500 0.535137 0.034625 0.033945
0 0.996102 0.209707 0.007797 0.032695
0 0.859727 0.552285 0.033828 0.031797
0 0.864273 0.179600 0.038484 0.040527
0 0.421695 0.179980 0.039922 0.035937
0 0.735516 0.126025 0.042438 0.038926
0 0.252867 0.143437 0.043953 0.038008
0 0.122195 0.314619 0.042672 0.036348
0 0.129820 0.505742 0.036078 0.031719
0 0.307445 0.668945 0.039453 0.035313
0 0.021156 0.684805 0.034313 0.034102
0 0.988594 0.683955 0.022813 0.028926
0 0.702758 0.684150 0.036984 0.033184
0 0.844570 0.718252 0.035328 0.032285
0 0.433648 0.701660 0.035359 0.032539
0 0.079078 0.794795 0.034625 0.031816
0 0.561969 0.817764 0.037312 0.032129
0 0.202609 0.826455 0.035625 0.035762
0 0.322047 0.868525 0.036406 0.038105
0 0.971523 0.838223 0.032953 0.032227
0 0.701734 0.842480 0.030531 0.031797