0 0.579086 0.350029 0.036953 0.038965
0 0.277414 0.372217 0.038641 0.034277
0 0.446961 0.579600 0.029609 0.028574
0 0.435367 0.395645 0.035859 0.035195
0 0.159102 0.646016 0.034984 0.036094
0 0.846242 0.579727 0.033359 0.029805
0 0.716133 0.381758 0.034609 0.032813
0 0.313812 0.522227 0.034906 0.035117
0 0.578484 0.655518 0.033719 0.031934
0 0.442594 0.550293 0.036562 0.029609
0 0.866422 0.414111 0.038125 0.034590
0 0.565625 0.512881 0.035906 0.031504
0 0.707875 0.537969 0.034625 0.033945
0 0.872414 0.552031 0.033828 0.031797
0 0.888727 0.202793 0.038484 0.040508
0 0.427883 0.202803 0.039922 0.035918
0 0.752602 0.159541 0.042422 0.038926
0 0.256695 0.172158 0.043953 0.037988
0 0.114250 0.335234 0.042656 0.036328
0 0.127172 0.518623 0.036063 0.031738
0 0.303328 0.674092 0.039469 0.035332
0 0.012438 0.685225 0.024500 0.034082
0 0.995547 0.686299 0.008906 0.028926
0 0.710531 0.683135 0.037000 0.033184
0 0.853977 0.714414 0.035328 0.032266
0 0.433477 0.699531 0.035359 0.032539
0 0.062305 0.797607 0.034641 0.031816
0 0.566141 0.814072 0.037312 0.032129
0 0.189312 0.821592 0.035625 0.035762
0 0.309266 0.859648 0.036406 0.038125
0 0.985336 0.833926 0.029328 0.032227
0 0.707867 0.834824 0.030547 0.031797