0 0.602383 0.230547 0.036953 0.038945
0 0.270406 0.226328 0.038656 0.034258
0 0.436805 0.516826 0.030609 0.034668
0 0.436336 0.228750 0.035859 0.039531
0 0.130375 0.488457 0.035000 0.036094
0 0.880297 0.527500 0.035594 0.034609
0 0.750977 0.223857 0.034609 0.036309
0 0.288680 0.367783 0.034891 0.035098
0 0.577844 0.491865 0.035656 0.036191
0 0.445203 0.378867 0.036562 0.035430
0 0.916094 0.237041 0.038125 0.038809
0 0.575953 0.357764 0.035906 0.037676
0 0.731641 0.366924 0.034625 0.033965
0 0.900031 0.373691 0.037312 0.036602
0 0.955898 0.074277 0.037797 0.040508
0 0.441758 0.071240 0.039922 0.035918
0 0.795617 0.058271 0.042422 0.038926
0 0.258164 0.059561 0.043953 0.037988
0 0.095656 0.207373 0.042656 0.036348
0 0.111539 0.364893 0.036078 0.036895
0 0.292039 0.500811 0.039453 0.035332
0 0.726437 0.495293 0.037000 0.037266
0 0.883648 0.514336 0.033578 0.034922
0 0.428977 0.508037 0.035359 0.032559
0 0.020820 0.613115 0.031328 0.038145
0 0.572000 0.623320 0.037312 0.032109
0 0.153547 0.620986 0.035625 0.035762
0 0.285203 0.642568 0.036406 0.038105
0 0.726883 0.628721 0.032203 0.034355
0 0.642820 0.006885 0.030047 0.012520