0 0.605523 0.236836 0.036953 0.038945
0 0.270305 0.229043 0.038641 0.034258
0 0.434578 0.537021 0.030969 0.034668
0 0.437242 0.230879 0.035859 0.039531
0 0.126773 0.490654 0.034984 0.036113
0 0.883797 0.548408 0.036031 0.035137
0 0.756633 0.225830 0.034609 0.036309
0 0.283641 0.370752 0.034906 0.035098
0 0.577719 0.493291 0.035656 0.036191
0 0.444391 0.379287 0.036563 0.035449
0 0.923000 0.238799 0.038125 0.038809
0 0.575625 0.359990 0.035906 0.037676
0 0.735531 0.368926 0.034625 0.033945
0 0.903734 0.374980 0.037312 0.036602
0 0.964172 0.080430 0.037531 0.040508
0 0.443375 0.076797 0.039906 0.035938
0 0.800922 0.068721 0.042437 0.038926
0 0.259195 0.067842 0.043953 0.037988
0 0.093516 0.214150 0.042656 0.036348
0 0.109469 0.367480 0.036062 0.036914
0 0.290937 0.501250 0.039469 0.035313
0 0.727883 0.495000 0.036984 0.037266
0 0.887352 0.511758 0.033578 0.034922
0 0.428039 0.508135 0.035359 0.032559
0 0.016102 0.613652 0.030141 0.038164
0 0.573180 0.622119 0.037328 0.032129
0 0.149391 0.619424 0.035625 0.035762
0 0.281938 0.639219 0.036406 0.038125
0 0.729602 0.626279 0.032203 0.034355
0 0.648711 0.021572 0.030047 0.034512