0 0.574711 0.340352 0.036953 0.038945
0 0.278758 0.364014 0.038641 0.034277
0 0.447898 0.561621 0.029609 0.026445
0 0.435195 0.392490 0.035859 0.035176
0 0.165758 0.639727 0.034984 0.036094
0 0.839586 0.557227 0.033359 0.029805
0 0.711258 0.375449 0.034609 0.032812
0 0.317008 0.518232 0.034891 0.035098
0 0.577375 0.652012 0.032437 0.031914
0 0.442359 0.551826 0.036562 0.027676
0 0.856484 0.414326 0.038125 0.034590
0 0.562266 0.506992 0.035906 0.031523
0 0.702516 0.536357 0.034625 0.033965
0 0.865164 0.552178 0.033828 0.031777
0 0.874758 0.189531 0.038484 0.040508
0 0.424352 0.189756 0.039922 0.035918
0 0.742836 0.140381 0.042422 0.038926
0 0.254508 0.155742 0.043953 0.038008
0 0.118789 0.323457 0.042672 0.036328
0 0.128688 0.511260 0.036063 0.031738
0 0.305680 0.671152 0.039453 0.035313
0 0.016391 0.684990 0.032156 0.034082
0 0.991789 0.684873 0.016422 0.028926
0 0.706094 0.683711 0.037000 0.033203
0 0.848602 0.716602 0.035328 0.032266
0 0.433570 0.700752 0.035359 0.032559
0 0.071891 0.796006 0.034625 0.031816
0 0.563758 0.816182 0.037328 0.032129
0 0.196906 0.824375 0.035625 0.035742
0 0.316562 0.864727 0.036406 0.038125
0 0.978930 0.836387 0.032547 0.032227
0 0.704359 0.839199 0.030531 0.031797