0 0.595430 0.210293 0.036953 0.038945
0 0.270602 0.220898 0.038641 0.034258
0 0.441258 0.476426 0.029891 0.034648
0 0.434523 0.224492 0.035859 0.039531
0 0.137570 0.484062 0.034984 0.036094
0 0.873461 0.489668 0.034703 0.033516
0 0.739648 0.219932 0.034609 0.036309
0 0.298758 0.361846 0.034891 0.035098
0 0.578094 0.488994 0.035656 0.036191
0 0.446813 0.378018 0.036563 0.035449
0 0.902297 0.233525 0.038125 0.038809
0 0.576609 0.353330 0.035906 0.037676
0 0.723859 0.362910 0.034625 0.033945
0 0.892617 0.371113 0.037328 0.036602
0 0.939344 0.061992 0.038281 0.040508
0 0.438523 0.060146 0.039922 0.035918
0 0.785023 0.037393 0.042422 0.038926
0 0.256102 0.042998 0.043953 0.037988
0 0.099937 0.193809 0.042656 0.036328
0 0.115687 0.359707 0.036062 0.036914
0 0.294250 0.499932 0.039469 0.035332
0 0.723531 0.495879 0.037000 0.037266
0 0.874555 0.521953 0.033578 0.034922
0 0.430852 0.507822 0.035359 0.032559
0 0.030258 0.612031 0.033734 0.038164
0 0.569633 0.625713 0.037328 0.032129
0 0.161844 0.624102 0.035625 0.035742
0 0.291734 0.649268 0.036406 0.038105
0 0.996578 0.645977 0.006844 0.032227
0 0.721453 0.633643 0.032219 0.034355