0 0.620242 0.249258 0.036953 0.038945
0 0.265133 0.242998 0.038641 0.034277
0 0.422836 0.594541 0.032953 0.034668
0 0.441758 0.241973 0.035859 0.039531
0 0.119570 0.502754 0.034984 0.036094
0 0.895500 0.592783 0.036594 0.035801
0 0.779742 0.235020 0.034609 0.036328
0 0.273531 0.377764 0.034906 0.035098
0 0.577047 0.501162 0.035656 0.036191
0 0.441312 0.381631 0.036562 0.035449
0 0.955813 0.232686 0.038125 0.038809
0 0.582656 0.373555 0.035906 0.037695
0 0.752391 0.373711 0.034625 0.033945
0 0.926789 0.378115 0.037328 0.036621
0 0.976609 0.093789 0.033437 0.040508
0 0.449031 0.100967 0.039906 0.035918
0 0.824930 0.090889 0.042422 0.038926
0 0.262602 0.095625 0.043953 0.038008
0 0.085008 0.235527 0.042672 0.036328
0 0.098062 0.381738 0.036062 0.036914
0 0.284859 0.506582 0.039469 0.035313
0 0.738930 0.496289 0.036984 0.037266
0 0.904023 0.503027 0.033578 0.034922
0 0.422867 0.508701 0.035359 0.032559
0 0.007602 0.627852 0.015203 0.038164
0 0.579711 0.619033 0.037328 0.032129
0 0.133219 0.615723 0.035625 0.035742
0 0.268969 0.625674 0.036406 0.038105
0 0.739445 0.614502 0.032203 0.034355
0 0.642203 0.091035 0.039438 0.034531
0 0.063102 0.053281 0.044984 0.034648