0 0.588680 0.337959 0.036953 0.038965
0 0.272180 0.359980 0.038641 0.034258
0 0.444453 0.586670 0.029625 0.034668
0 0.432586 0.372119 0.035859 0.036621
0 0.143805 0.628682 0.034984 0.036113
0 0.857117 0.593564 0.033703 0.030918
0 0.726883 0.365000 0.037922 0.038164
0 0.305094 0.502207 0.034906 0.035117
0 0.578313 0.633096 0.035656 0.033340
0 0.445312 0.526514 0.036562 0.033496
0 0.885281 0.384824 0.041375 0.043750
0 0.570344 0.495957 0.035906 0.033555
0 0.717406 0.510791 0.038719 0.040684
0 0.883219 0.521387 0.034406 0.040820
0 0.913273 0.199043 0.038484 0.040508
0 0.435195 0.194561 0.039922 0.035918
0 0.773914 0.165576 0.042422 0.038926
0 0.260648 0.173398 0.043953 0.038008
0 0.105453 0.329326 0.042656 0.036348
0 0.123328 0.498877 0.036062 0.033457
0 0.300375 0.648086 0.039469 0.035313
0 0.004008 0.654570 0.008016 0.034102
0 0.718156 0.653848 0.037000 0.041953
0 0.863094 0.680928 0.034750 0.033145
0 0.431695 0.665742 0.035359 0.032539
0 0.041336 0.765596 0.034641 0.034355
0 0.599352 0.019512 0.032516 0.031680
0 0.568805 0.780537 0.037328 0.037246
0 0.172031 0.782822 0.035625 0.035762
0 0.295359 0.816943 0.036406 0.038105
0 0.993141 0.797988 0.013719 0.032227
0 0.716406 0.794912 0.031094 0.032637