0 0.575805 0.342773 0.036953 0.038945
0 0.278422 0.366064 0.038656 0.034277
0 0.447664 0.566123 0.029609 0.026973
0 0.435242 0.393271 0.035859 0.035176
0 0.164102 0.641299 0.034984 0.036113
0 0.841242 0.562852 0.033359 0.029805
0 0.712477 0.377012 0.034609 0.032813
0 0.316203 0.519229 0.034906 0.035098
0 0.577648 0.652881 0.032766 0.031934
0 0.442414 0.551436 0.036578 0.028145
0 0.858969 0.414277 0.038125 0.034609
0 0.563109 0.508467 0.035906 0.031504
0 0.703859 0.536758 0.034625 0.033945
0 0.866977 0.552139 0.033828 0.031777
0 0.878242 0.192852 0.038484 0.040508
0 0.425227 0.193018 0.039922 0.035918
0 0.745273 0.145176 0.042422 0.038945
0 0.255055 0.159844 0.043953 0.038008
0 0.117656 0.326406 0.042656 0.036328
0 0.128305 0.513105 0.036078 0.031719
0 0.305094 0.671885 0.039469 0.035332
0 0.015398 0.685049 0.030234 0.034082
0 0.992852 0.685166 0.014297 0.028926
0 0.707203 0.683564 0.037000 0.033184
0 0.849945 0.716055 0.035328 0.032266
0 0.433555 0.700439 0.035359 0.032559
0 0.069492 0.796406 0.034641 0.031797
0 0.564352 0.815654 0.037328 0.032129
0 0.195016 0.823682 0.035625 0.035762
0 0.314750 0.863457 0.036406 0.038125
0 0.981391 0.835781 0.032406 0.032227
0 0.705234 0.838105 0.030531 0.031797