0 0.598906 0.220420 0.036937 0.038965
0 0.270508 0.223613 0.038641 0.034258
0 0.439031 0.496631 0.030250 0.034668
0 0.435430 0.226621 0.035859 0.039531
0 0.133977 0.486260 0.034984 0.036113
0 0.876797 0.506592 0.035156 0.034043
0 0.745305 0.221895 0.034609 0.036328
0 0.293719 0.364814 0.034906 0.035098
0 0.577969 0.490430 0.035656 0.036211
0 0.446000 0.378437 0.036562 0.035430
0 0.909203 0.235283 0.038125 0.038809
0 0.576281 0.355547 0.035906 0.037695
0 0.727750 0.364922 0.034625 0.033945
0 0.896320 0.372402 0.037328 0.036602
0 0.947617 0.068135 0.038047 0.040527
0 0.440133 0.065693 0.039922 0.035918
0 0.790320 0.047842 0.042422 0.038926
0 0.257133 0.051279 0.043953 0.037988
0 0.097797 0.200586 0.042656 0.036328
0 0.113609 0.362295 0.036062 0.036895
0 0.293141 0.500371 0.039469 0.035313
0 0.724984 0.495586 0.037000 0.037266
0 0.878531 0.517734 0.033594 0.034922
0 0.429914 0.507930 0.035359 0.032539
0 0.025539 0.612578 0.032547 0.038164
0 0.570812 0.624521 0.037312 0.032129
0 0.157695 0.622539 0.035609 0.035742
0 0.288469 0.645918 0.036406 0.038125
0 0.724164 0.631182 0.032203 0.034355