0 0.580180 0.352451 0.036953 0.038965
0 0.277070 0.374268 0.038641 0.034277
0 0.446727 0.584092 0.029609 0.029121
0 0.435406 0.396436 0.035875 0.035176
0 0.157430 0.647578 0.034984 0.036094
0 0.847914 0.585352 0.033359 0.029805
0 0.717352 0.383340 0.034609 0.032812
0 0.313016 0.523223 0.034906 0.035117
0 0.578758 0.656387 0.034047 0.031914
0 0.442641 0.549912 0.036563 0.030098
0 0.868906 0.414062 0.038125 0.034609
0 0.566469 0.514355 0.035906 0.031523
0 0.709219 0.538379 0.034625 0.033945
0 0.874227 0.551992 0.033828 0.031797
0 0.892211 0.206104 0.038484 0.040527
0 0.428766 0.206064 0.039906 0.035918
0 0.755039 0.164326 0.042422 0.038926
0 0.257242 0.176260 0.043953 0.037988
0 0.113109 0.338184 0.042656 0.036328
0 0.126789 0.520469 0.036078 0.031719
0 0.302734 0.674834 0.039469 0.035332
0 0.011445 0.685293 0.022578 0.034102
0 0.996367 0.686709 0.007266 0.028926
0 0.711641 0.682979 0.037000 0.033184
0 0.855320 0.713867 0.035328 0.032266
0 0.433445 0.699229 0.035359 0.032559
0 0.059906 0.798018 0.034625 0.031816
0 0.566742 0.813545 0.037328 0.032129
0 0.187422 0.820898 0.035625 0.035742
0 0.307437 0.858379 0.036406 0.038125
0 0.986070 0.833320 0.027859 0.032227
0 0.708750 0.833721 0.030531 0.031777