0 0.621211 0.250000 0.036953 0.038945
0 0.263539 0.244033 0.038641 0.034277
0 0.422523 0.597080 0.033141 0.034668
0 0.442055 0.242852 0.035859 0.039531
0 0.119227 0.503848 0.034984 0.036094
0 0.897031 0.593037 0.036187 0.035332
0 0.779883 0.235469 0.034609 0.036328
0 0.273039 0.378877 0.034891 0.035098
0 0.576984 0.501885 0.035656 0.036191
0 0.441375 0.381846 0.036563 0.035449
0 0.957547 0.232490 0.038125 0.038809
0 0.583625 0.374736 0.035906 0.037676
0 0.752828 0.374150 0.034625 0.033965
0 0.929531 0.377451 0.037312 0.036621
0 0.978328 0.094668 0.032406 0.040508
0 0.448758 0.101611 0.039922 0.035918
0 0.825305 0.091787 0.042422 0.038926
0 0.262023 0.097324 0.043953 0.038008
0 0.083992 0.237090 0.042672 0.036328
0 0.097023 0.383037 0.036078 0.036895
0 0.284313 0.507764 0.039469 0.035332
0 0.740125 0.496592 0.037000 0.037246
0 0.904758 0.502988 0.033578 0.034922
0 0.422383 0.508740 0.035359 0.032559
0 0.007117 0.629814 0.014234 0.038145
0 0.580305 0.619590 0.037328 0.032109
0 0.133375 0.616562 0.035625 0.035742
0 0.269000 0.625625 0.036406 0.038125
0 0.739109 0.613857 0.032219 0.034355
0 0.641031 0.094609 0.039438 0.034531
0 0.062422 0.056582 0.044688 0.035000