0 0.572523 0.335518 0.036953 0.038965
0 0.279430 0.359912 0.038641 0.034277
0 0.448375 0.552637 0.029625 0.025391
0 0.435117 0.390908 0.035859 0.035176
0 0.169094 0.636592 0.035000 0.036113
0 0.836258 0.545977 0.033359 0.029805
0 0.708820 0.372285 0.034609 0.032812
0 0.318609 0.516230 0.034906 0.035117
0 0.576820 0.650254 0.031797 0.031914
0 0.442234 0.552588 0.036563 0.026699
0 0.851531 0.414434 0.038125 0.034609
0 0.560578 0.504053 0.035906 0.031504
0 0.699844 0.535547 0.034625 0.033945
0 0.861539 0.552246 0.033828 0.031797
0 0.867773 0.182910 0.038484 0.040508
0 0.422586 0.183242 0.039922 0.035937
0 0.737961 0.130811 0.042422 0.038926
0 0.253414 0.147539 0.043953 0.038008
0 0.121062 0.317568 0.042656 0.036348
0 0.129438 0.507578 0.036062 0.031719
0 0.306859 0.669678 0.039469 0.035332
0 0.019563 0.684863 0.033594 0.034102
0 0.989656 0.684248 0.020688 0.028926
0 0.703867 0.684004 0.036984 0.033203
0 0.845914 0.717705 0.035328 0.032285
0 0.433617 0.701357 0.035359 0.032559
0 0.076680 0.795205 0.034641 0.031816
0 0.562570 0.817236 0.037328 0.032129
0 0.200703 0.825762 0.035625 0.035742
0 0.320219 0.867256 0.036406 0.038105
0 0.973992 0.837617 0.032828 0.032227
0 0.702609 0.841387 0.030531 0.031797