0 0.606227 0.237441 0.036953 0.038945
0 0.270289 0.229717 0.038641 0.034277
0 0.434016 0.542080 0.031062 0.034668
0 0.437477 0.231406 0.035859 0.039531
0 0.125883 0.491211 0.034984 0.036094
0 0.884672 0.553633 0.036156 0.035273
0 0.758055 0.226318 0.034609 0.036309
0 0.282383 0.371494 0.034891 0.035098
0 0.577688 0.493652 0.035656 0.036211
0 0.444187 0.379404 0.036563 0.035449
0 0.924727 0.239229 0.038141 0.038809
0 0.575547 0.360537 0.035906 0.037676
0 0.736500 0.369434 0.034625 0.033945
0 0.904664 0.375293 0.037328 0.036602
0 0.966250 0.081963 0.037469 0.040527
0 0.443773 0.078184 0.039922 0.035937
0 0.802250 0.071318 0.042437 0.038926
0 0.259445 0.069912 0.043953 0.037988
0 0.092977 0.215850 0.042672 0.036348
0 0.108945 0.368135 0.036078 0.036895
0 0.290656 0.501367 0.039469 0.035313
0 0.728250 0.494941 0.037000 0.037266
0 0.888281 0.511113 0.033594 0.034922
0 0.427805 0.508154 0.035359 0.032559
0 0.014922 0.613789 0.029844 0.038164
0 0.573477 0.621826 0.037328 0.032129
0 0.148352 0.619033 0.035609 0.035762
0 0.281109 0.638389 0.036406 0.038105
0 0.730281 0.625654 0.032219 0.034355
0 0.649125 0.026406 0.031375 0.034531