0 0.569102 0.379473 0.036953 0.038945
0 0.280930 0.402930 0.041516 0.037187
0 0.450492 0.584238 0.029609 0.026172
0 0.430508 0.438887 0.035859 0.036562
0 0.008773 0.639062 0.017297 0.032422
0 0.180445 0.683838 0.034984 0.036113
0 0.827422 0.576699 0.033375 0.029805
0 0.993297 0.410146 0.013406 0.036699
0 0.703430 0.420000 0.034609 0.034570
0 0.322258 0.565420 0.036297 0.035840
0 0.575313 0.700967 0.031156 0.035996
0 0.442906 0.609912 0.036563 0.029395
0 0.838969 0.465195 0.033094 0.033555
0 0.559047 0.549619 0.035906 0.037363
0 0.690172 0.587793 0.034625 0.033945
0 0.984633 0.251045 0.027984 0.034824
0 0.852430 0.612100 0.033828 0.034512
0 0.848852 0.216211 0.038484 0.040508
0 0.417422 0.219971 0.039906 0.035918
0 0.715094 0.150879 0.042438 0.041055
0 0.254180 0.180020 0.043953 0.038008
0 0.130961 0.358066 0.042672 0.036328
0 0.133023 0.551592 0.036078 0.034512
0 0.315344 0.723184 0.039469 0.035312
0 0.032562 0.739307 0.035031 0.035527
0 0.984711 0.741064 0.027141 0.028926
0 0.698742 0.738135 0.036984 0.033184
0 0.840164 0.778438 0.035328 0.038359
0 0.436023 0.760742 0.035359 0.036641
0 0.093031 0.849824 0.034625 0.037070
0 0.560891 0.875938 0.039437 0.035000
0 0.210391 0.881045 0.035625 0.035762
0 0.330234 0.928984 0.036406 0.038125
0 0.963289 0.901436 0.034516 0.025723
0 0.697562 0.905732 0.030531 0.031816