0 0.618313 0.247783 0.036938 0.038965
0 0.268320 0.240928 0.038641 0.034277
0 0.423453 0.589453 0.032594 0.034648
0 0.441164 0.240234 0.035859 0.039531
0 0.120258 0.500547 0.034984 0.036094
0 0.891469 0.588779 0.037406 0.036777
0 0.779438 0.234131 0.034594 0.036309
0 0.274500 0.375537 0.034906 0.035098
0 0.577172 0.499736 0.035656 0.036191
0 0.441203 0.381211 0.036562 0.035430
0 0.952344 0.233076 0.038125 0.038809
0 0.580734 0.371191 0.035906 0.037695
0 0.751516 0.372832 0.034625 0.033945
0 0.921305 0.379453 0.037328 0.036602
0 0.973148 0.092041 0.035484 0.040527
0 0.449570 0.099658 0.039922 0.035918
0 0.824180 0.089111 0.042422 0.038926
0 0.263758 0.092236 0.043953 0.037988
0 0.087055 0.232412 0.042672 0.036348
0 0.100133 0.379150 0.036078 0.036895
0 0.285969 0.504209 0.039469 0.035332
0 0.736539 0.495703 0.036984 0.037266
0 0.902914 0.503145 0.033578 0.034922
0 0.423805 0.508594 0.035359 0.032539
0 0.008578 0.623945 0.017156 0.038164
0 0.578523 0.617900 0.037328 0.032129
0 0.132922 0.614033 0.035625 0.035762
0 0.268891 0.625781 0.036406 0.038125
0 0.740133 0.615791 0.032203 0.034355
0 0.644547 0.083896 0.039438 0.034512
0 0.064445 0.046680 0.045547 0.033945