0 0.622648 0.251094 0.036953 0.038945
0 0.261148 0.245586 0.038641 0.034258
0 0.422063 0.600898 0.033406 0.034648
0 0.442508 0.244160 0.035859 0.039531
0 0.118719 0.505498 0.035000 0.036113
0 0.898383 0.592197 0.035578 0.034590
0 0.780109 0.236143 0.034594 0.036309
0 0.272305 0.380557 0.034891 0.035098
0 0.576891 0.502959 0.035656 0.036191
0 0.441453 0.382168 0.036563 0.035430
0 0.960141 0.232178 0.038125 0.038809
0 0.585063 0.376514 0.035906 0.037676
0 0.753500 0.374814 0.034625 0.033965
0 0.933641 0.376445 0.037312 0.036602
0 0.980922 0.095977 0.030875 0.040508
0 0.448352 0.102588 0.039922 0.035918
0 0.825867 0.093135 0.042422 0.038926
0 0.261164 0.099873 0.043953 0.037988
0 0.082453 0.239434 0.042656 0.036328
0 0.095469 0.384980 0.036062 0.036914
0 0.283484 0.509541 0.039469 0.035332
0 0.741922 0.497031 0.037000 0.037266
0 0.906133 0.499707 0.033578 0.034922
0 0.421680 0.508818 0.035359 0.032559
0 0.006391 0.632754 0.012781 0.038164
0 0.581195 0.620439 0.037328 0.032129
0 0.133594 0.617832 0.035625 0.035742
0 0.269047 0.625547 0.036406 0.038125
0 0.738594 0.612881 0.032219 0.034355
0 0.639266 0.099961 0.039438 0.034531
0 0.061414 0.061533 0.044266 0.035527