0 0.581273 0.354873 0.036953 0.038965
0 0.276742 0.376318 0.038641 0.034277
0 0.446492 0.588574 0.029609 0.029648
0 0.435445 0.397217 0.035859 0.035176
0 0.155773 0.649150 0.034984 0.036113
0 0.849570 0.590977 0.033359 0.029805
0 0.718578 0.384902 0.034594 0.032813
0 0.312211 0.524229 0.034891 0.035098
0 0.579031 0.657266 0.034375 0.031914
0 0.442703 0.549531 0.036562 0.030586
0 0.871391 0.414004 0.038125 0.034609
0 0.567312 0.515830 0.035906 0.031504
0 0.710547 0.538789 0.034625 0.033945
0 0.876039 0.551963 0.033828 0.031777
0 0.895711 0.209414 0.038484 0.040508
0 0.429648 0.209326 0.039922 0.035918
0 0.757477 0.169111 0.042422 0.038926
0 0.257789 0.180361 0.043953 0.037988
0 0.111977 0.341133 0.042672 0.036328
0 0.126406 0.522305 0.036062 0.031719
0 0.302148 0.675566 0.039453 0.035312
0 0.010453 0.685352 0.020656 0.034102
0 0.712750 0.682842 0.037000 0.033184
0 0.856664 0.713320 0.035328 0.032266
0 0.433430 0.698916 0.035359 0.032559
0 0.057516 0.798418 0.034625 0.031797
0 0.595461 0.005996 0.032516 0.011992
0 0.567336 0.813027 0.037328 0.032109
0 0.185516 0.820205 0.035625 0.035762
0 0.305609 0.857119 0.036406 0.038105
0 0.986805 0.832715 0.026391 0.032227
0 0.709625 0.832627 0.030531 0.031777