0 0.590461 0.249766 0.036953 0.038945
0 0.271055 0.267949 0.038641 0.034258
0 0.444195 0.503115 0.029609 0.034668
0 0.432648 0.275674 0.035859 0.038809
0 0.141156 0.533887 0.035000 0.036094
0 0.863734 0.510674 0.034187 0.032559
0 0.731062 0.270557 0.035438 0.036777
0 0.304500 0.406865 0.034906 0.035098
0 0.578211 0.538584 0.035641 0.035488
0 0.446453 0.430352 0.036563 0.034961
0 0.891516 0.285273 0.038937 0.040039
0 0.571703 0.402100 0.035906 0.036660
0 0.718742 0.416426 0.035641 0.035625
0 0.886406 0.424531 0.036594 0.037656
0 0.924195 0.104941 0.038484 0.040508
0 0.435453 0.102217 0.039906 0.035918
0 0.777492 0.074053 0.042422 0.038926
0 0.258867 0.081992 0.043953 0.038008
0 0.103406 0.239883 0.042656 0.036328
0 0.120969 0.407949 0.036062 0.036055
0 0.298609 0.554395 0.039469 0.035312
0 0.003727 0.555566 0.007453 0.034102
0 0.720930 0.553203 0.036984 0.038438
0 0.865992 0.579307 0.033859 0.034473
0 0.432914 0.566025 0.035359 0.032559
0 0.037328 0.669785 0.034625 0.038164
0 0.568758 0.682764 0.037328 0.033418
0 0.168500 0.682881 0.035625 0.035762
0 0.294922 0.712949 0.036406 0.038125
0 0.993633 0.696641 0.012734 0.032227
0 0.717336 0.693564 0.031922 0.033926