0 0.625539 0.253311 0.036953 0.038965
0 0.256367 0.248691 0.038641 0.034258
0 0.421133 0.608525 0.033953 0.034668
0 0.443398 0.246758 0.035859 0.039531
0 0.117695 0.508799 0.034984 0.036113
0 0.902758 0.595400 0.034359 0.033105
0 0.780555 0.237471 0.034609 0.036309
0 0.270836 0.383906 0.034891 0.035117
0 0.576711 0.505107 0.035641 0.036191
0 0.441625 0.382803 0.036562 0.035449
0 0.965344 0.231592 0.038125 0.038809
0 0.587938 0.380068 0.035906 0.037676
0 0.754813 0.376133 0.034625 0.033945
0 0.941867 0.374453 0.037328 0.036602
0 0.986102 0.098613 0.027797 0.040508
0 0.447531 0.104541 0.039906 0.035918
0 0.826992 0.095830 0.042422 0.038926
0 0.259430 0.104961 0.043953 0.038008
0 0.079383 0.244102 0.042672 0.036328
0 0.092359 0.388867 0.036063 0.036914
0 0.281828 0.513105 0.039469 0.035313
0 0.745516 0.497930 0.037000 0.037266
0 0.910008 0.501621 0.033578 0.034922
0 0.420273 0.508975 0.035359 0.032559
0 0.004938 0.638613 0.009875 0.038164
0 0.582977 0.625381 0.037328 0.032129
0 0.134047 0.620361 0.035625 0.035762
0 0.269156 0.625391 0.036406 0.038125
0 0.737570 0.610938 0.032203 0.034375
0 0.635734 0.110664 0.039438 0.034531
0 0.059391 0.071426 0.043406 0.036602