0 0.619758 0.248887 0.036953 0.038945
0 0.265930 0.242480 0.038641 0.034258
0 0.422984 0.593271 0.032875 0.034668
0 0.441602 0.241543 0.035859 0.039531
0 0.119742 0.502197 0.034984 0.036113
0 0.894320 0.591904 0.036797 0.036035
0 0.779664 0.234795 0.034609 0.036309
0 0.273773 0.377207 0.034891 0.035117
0 0.577078 0.500811 0.035656 0.036191
0 0.441281 0.381533 0.036562 0.035449
0 0.954938 0.232783 0.038125 0.038809
0 0.582172 0.372969 0.035906 0.037695
0 0.752172 0.373496 0.034625 0.033945
0 0.925414 0.378447 0.037328 0.036621
0 0.975742 0.093359 0.033953 0.040508
0 0.449164 0.100635 0.039922 0.035918
0 0.824742 0.090439 0.042422 0.038926
0 0.262898 0.094775 0.043953 0.037988
0 0.085523 0.234746 0.042672 0.036328
0 0.098578 0.381094 0.036062 0.036914
0 0.285141 0.505986 0.039469 0.035332
0 0.738336 0.496143 0.036984 0.037246
0 0.903656 0.503047 0.033594 0.034922
0 0.423102 0.508672 0.035359 0.032539
0 0.007852 0.626875 0.015703 0.038164
0 0.579414 0.618740 0.037328 0.032129
0 0.133148 0.615303 0.035609 0.035762
0 0.268937 0.625703 0.036406 0.038125
0 0.739617 0.614834 0.032203 0.034355
0 0.642789 0.089258 0.039422 0.034531
0 0.063438 0.051631 0.045125 0.034473