0 0.604820 0.236221 0.036953 0.038965
0 0.270336 0.228359 0.038641 0.034258
0 0.435133 0.531973 0.030891 0.034648
0 0.437023 0.230332 0.035859 0.039531
0 0.127680 0.490107 0.034984 0.036113
0 0.882922 0.543184 0.035937 0.035000
0 0.755227 0.225332 0.034609 0.036328
0 0.284906 0.370010 0.034906 0.035098
0 0.577750 0.492939 0.035656 0.036191
0 0.444594 0.379189 0.036563 0.035449
0 0.921281 0.238350 0.038125 0.038809
0 0.575703 0.359434 0.035906 0.037695
0 0.734547 0.368428 0.034625 0.033965
0 0.902812 0.374648 0.037312 0.036602
0 0.962109 0.078887 0.037594 0.040508
0 0.442969 0.075400 0.039906 0.035918
0 0.799602 0.066104 0.042422 0.038926
0 0.258930 0.065771 0.043953 0.037988
0 0.094047 0.212461 0.042656 0.036328
0 0.109984 0.366836 0.036063 0.036914
0 0.291211 0.501143 0.039453 0.035332
0 0.727523 0.495078 0.036984 0.037266
0 0.886430 0.512402 0.033578 0.034922
0 0.428273 0.508115 0.035359 0.032559
0 0.017281 0.613516 0.030437 0.038164
0 0.572891 0.622422 0.037312 0.032109
0 0.150422 0.619814 0.035625 0.035762
0 0.282750 0.640059 0.036406 0.038125
0 0.728922 0.626885 0.032219 0.034355
0 0.647234 0.017910 0.030031 0.029023