0 0.604117 0.235615 0.036953 0.038965
0 0.270359 0.227686 0.038656 0.034277
0 0.435688 0.526924 0.030781 0.034668
0 0.436789 0.229805 0.035859 0.039531
0 0.128578 0.489561 0.035000 0.036113
0 0.882047 0.537959 0.035813 0.034863
0 0.753805 0.224834 0.034609 0.036309
0 0.286156 0.369268 0.034906 0.035098
0 0.577781 0.492578 0.035656 0.036211
0 0.444797 0.379082 0.036562 0.035430
0 0.919547 0.237920 0.038125 0.038809
0 0.575781 0.358877 0.035906 0.037676
0 0.733578 0.367930 0.034625 0.033945
0 0.901883 0.374336 0.037328 0.036602
0 0.960031 0.077354 0.037656 0.040527
0 0.442563 0.074014 0.039906 0.035918
0 0.798273 0.063486 0.042422 0.038926
0 0.258680 0.063701 0.043953 0.037988
0 0.094586 0.210762 0.042672 0.036328
0 0.110500 0.366191 0.036063 0.036914
0 0.291484 0.501035 0.039469 0.035312
0 0.727164 0.495156 0.036984 0.037266
0 0.885508 0.513047 0.033578 0.034922
0 0.428508 0.508076 0.035359 0.032559
0 0.018461 0.613379 0.030734 0.038164
0 0.572594 0.622725 0.037312 0.032129
0 0.151469 0.620205 0.035625 0.035762
0 0.283563 0.640898 0.036406 0.038125
0 0.728242 0.627490 0.032203 0.034355
0 0.645766 0.014229 0.030031 0.023535