0 0.610414 0.241113 0.036953 0.038945
0 0.270133 0.233789 0.038641 0.034258
0 0.430680 0.563828 0.031609 0.034648
0 0.438828 0.234590 0.035875 0.039531
0 0.123773 0.494502 0.034984 0.036113
0 0.886953 0.575908 0.036812 0.036074
0 0.766547 0.229268 0.034594 0.036309
0 0.279430 0.372666 0.034891 0.035098
0 0.577508 0.495801 0.035641 0.036211
0 0.442969 0.380039 0.036562 0.035430
0 0.935078 0.241875 0.038125 0.038789
0 0.575047 0.363867 0.035906 0.037695
0 0.742328 0.372441 0.034625 0.033945
0 0.910219 0.377227 0.037312 0.036602
0 0.968398 0.086055 0.037078 0.040508
0 0.446211 0.086514 0.039922 0.035918
0 0.812008 0.080205 0.042422 0.038926
0 0.261086 0.081289 0.043953 0.038008
0 0.090078 0.224980 0.042656 0.036328
0 0.105836 0.372021 0.036078 0.036895
0 0.289000 0.502031 0.039469 0.035312
0 0.730430 0.494502 0.036984 0.037246
0 0.894023 0.508496 0.033578 0.034922
0 0.426383 0.508311 0.035359 0.032559
0 0.012578 0.617070 0.025156 0.038164
0 0.575258 0.620029 0.037328 0.032129
0 0.142125 0.616699 0.035625 0.035742
0 0.276219 0.633369 0.036406 0.038105
0 0.734359 0.621982 0.032219 0.034355
0 0.651641 0.055449 0.039438 0.034531
0 0.070852 0.020059 0.041609 0.029180