0 0.617836 0.247412 0.036953 0.038965
0 0.269117 0.240410 0.038641 0.034258
0 0.423609 0.588184 0.032500 0.034648
0 0.441008 0.239805 0.035859 0.039531
0 0.120430 0.500000 0.034984 0.036094
0 0.890977 0.587402 0.037609 0.037031
0 0.779367 0.233906 0.034609 0.036328
0 0.274750 0.374971 0.034906 0.035098
0 0.577203 0.499375 0.035656 0.036211
0 0.441172 0.381104 0.036563 0.035449
0 0.951469 0.233174 0.038125 0.038809
0 0.580250 0.370596 0.035906 0.037676
0 0.751297 0.372617 0.034625 0.033945
0 0.919930 0.379785 0.037328 0.036602
0 0.972281 0.091602 0.036000 0.040508
0 0.449711 0.099326 0.039922 0.035918
0 0.823992 0.088662 0.042422 0.038926
0 0.264055 0.091387 0.043953 0.038008
0 0.087570 0.231631 0.042672 0.036348
0 0.100656 0.378496 0.036062 0.036914
0 0.286242 0.503613 0.039453 0.035312
0 0.735938 0.495547 0.037000 0.037266
0 0.902898 0.503203 0.033578 0.034922
0 0.424039 0.508564 0.035359 0.032559
0 0.008820 0.622969 0.017641 0.038164
0 0.578227 0.617617 0.037328 0.032109
0 0.132852 0.613613 0.035609 0.035742
0 0.268875 0.625811 0.036406 0.038105
0 0.740305 0.616123 0.032203 0.034355
0 0.645141 0.082109 0.039438 0.034531
0 0.064781 0.045029 0.045687 0.033770