0 0.628023 0.406904 0.036953 0.038691
0 0.255773 0.407217 0.038641 0.034277
0 0.425055 0.778213 0.033672 0.034395
0 0.443164 0.403027 0.035859 0.038438
0 0.112797 0.676523 0.035000 0.035820
0 0.914742 0.752305 0.034203 0.033203
0 0.781305 0.390391 0.034609 0.036172
0 0.265313 0.547158 0.034906 0.035098
0 0.578445 0.658916 0.035641 0.035527
0 0.442383 0.539014 0.036484 0.035293
0 0.969586 0.376074 0.037516 0.038672
0 0.590094 0.535752 0.035906 0.037324
0 0.762281 0.526924 0.034625 0.033965
0 0.951148 0.515957 0.037078 0.036602
0 0.983305 0.244629 0.031422 0.040156
0 0.442477 0.258008 0.039734 0.035859
0 0.818594 0.249277 0.042313 0.037188
0 0.254930 0.263516 0.043828 0.037930
0 0.076305 0.409951 0.041984 0.036270
0 0.092133 0.556006 0.036016 0.036738
0 0.279359 0.674648 0.039188 0.035078
0 0.754125 0.646104 0.036844 0.037090
0 0.922391 0.644844 0.033469 0.034922
0 0.422695 0.667090 0.035359 0.032539
0 0.004930 0.805801 0.009859 0.038164
0 0.589422 0.776484 0.036656 0.032109
0 0.134820 0.789219 0.035547 0.035586
0 0.269180 0.789287 0.036359 0.037715
0 0.746312 0.761094 0.032219 0.033594
0 0.629516 0.271416 0.039375 0.034512
0 0.054406 0.243770 0.041844 0.036602