0 0.627492 0.405391 0.036953 0.038281
0 0.254891 0.409102 0.038656 0.034258
0 0.427414 0.780938 0.033234 0.033984
0 0.441742 0.404180 0.035859 0.036797
0 0.113406 0.681836 0.035031 0.035430
0 0.921094 0.749463 0.033938 0.033340
0 0.781352 0.387842 0.034609 0.035996
0 0.262320 0.550830 0.034891 0.035098
0 0.581937 0.658809 0.035656 0.034531
0 0.442453 0.540059 0.036344 0.035078
0 0.971703 0.370166 0.036625 0.038457
0 0.591187 0.536025 0.035906 0.036777
0 0.764984 0.523848 0.034625 0.033945
0 0.954461 0.509551 0.036703 0.036602
0 0.981734 0.239697 0.031594 0.039629
0 0.439133 0.257607 0.039484 0.035762
0 0.816609 0.246211 0.042156 0.034570
0 0.250312 0.264121 0.043656 0.037852
0 0.074859 0.413535 0.040969 0.036172
0 0.090734 0.560215 0.035937 0.036523
0 0.280953 0.678428 0.038781 0.034707
0 0.758211 0.643047 0.036641 0.036836
0 0.928898 0.640078 0.033297 0.034922
0 0.423664 0.669023 0.035359 0.032539
0 0.004687 0.806133 0.009375 0.038164
0 0.592031 0.775635 0.035656 0.032129
0 0.137266 0.794424 0.035437 0.035293
0 0.271859 0.793262 0.036281 0.037109
0 0.752359 0.758818 0.032219 0.032441
0 0.626555 0.271348 0.039297 0.034531
0 0.047969 0.249160 0.041594 0.036602