0 0.624586 0.252578 0.036953 0.038945
0 0.257961 0.247656 0.038641 0.034258
0 0.421438 0.605986 0.033781 0.034668
0 0.443102 0.245898 0.035859 0.039531
0 0.118039 0.507695 0.034984 0.036094
0 0.900453 0.593271 0.034781 0.033613
0 0.780414 0.237031 0.034609 0.036328
0 0.271328 0.382783 0.034906 0.035098
0 0.576766 0.504385 0.035656 0.036191
0 0.441578 0.382598 0.036562 0.035430
0 0.963609 0.231787 0.038125 0.038809
0 0.586984 0.378887 0.035906 0.037695
0 0.754375 0.375693 0.034625 0.033965
0 0.939125 0.375117 0.037312 0.036602
0 0.984375 0.097734 0.028813 0.040508
0 0.447805 0.103896 0.039922 0.035918
0 0.826617 0.094932 0.042422 0.038926
0 0.260008 0.103262 0.043953 0.038008
0 0.080414 0.242549 0.042672 0.036348
0 0.093391 0.387568 0.036063 0.036895
0 0.282375 0.511914 0.039469 0.035312
0 0.744320 0.497637 0.036984 0.037266
0 0.910195 0.499238 0.033578 0.034922
0 0.420742 0.508926 0.035359 0.032539
0 0.005422 0.636660 0.010844 0.038164
0 0.582383 0.621563 0.037328 0.032109
0 0.133891 0.619512 0.035625 0.035742
0 0.269125 0.625449 0.036406 0.038125
0 0.737914 0.611592 0.032203 0.034355
0 0.636906 0.107090 0.039438 0.034531
0 0.060062 0.068125 0.043688 0.036250