0 0.626016 0.268477 0.036938 0.038945
0 0.257773 0.264297 0.038641 0.034258
0 0.420820 0.629443 0.033953 0.034668
0 0.443039 0.263262 0.035859 0.039531
0 0.115195 0.527959 0.034984 0.036113
0 0.904555 0.614707 0.034359 0.033125
0 0.780445 0.253818 0.034609 0.036309
0 0.270641 0.402061 0.034906 0.035098
0 0.575195 0.517295 0.035641 0.036191
0 0.440328 0.400918 0.036562 0.035430
0 0.965812 0.245869 0.038125 0.038809
0 0.587469 0.396260 0.035906 0.037676
0 0.755766 0.391006 0.034625 0.033965
0 0.945164 0.391680 0.037328 0.036602
0 0.986297 0.116133 0.027406 0.040508
0 0.449414 0.127217 0.039922 0.035918
0 0.825812 0.114619 0.042437 0.038926
0 0.258602 0.122734 0.043953 0.038008
0 0.078836 0.259912 0.042672 0.036348
0 0.091891 0.407715 0.036062 0.036914
0 0.278844 0.531953 0.039469 0.035312
0 0.747203 0.512461 0.037000 0.037266
0 0.910336 0.518945 0.033578 0.034922
0 0.421273 0.524561 0.035359 0.032559
0 0.004430 0.656426 0.008859 0.038164
0 0.580930 0.642705 0.037328 0.032129
0 0.133000 0.636094 0.035625 0.035742
0 0.267437 0.642549 0.036406 0.038105
0 0.739062 0.628271 0.032219 0.034355
0 0.632672 0.128633 0.039437 0.034531
0 0.059898 0.091230 0.043172 0.036602