0 0.603258 0.233086 0.036953 0.038945
0 0.270383 0.227002 0.038641 0.034277
0 0.436242 0.521875 0.030703 0.034648
0 0.436570 0.229277 0.035859 0.039531
0 0.129477 0.489004 0.034984 0.036094
0 0.881172 0.532734 0.035688 0.034727
0 0.752391 0.224346 0.034594 0.036309
0 0.287422 0.368525 0.034906 0.035098
0 0.577812 0.492217 0.035656 0.036191
0 0.445000 0.378975 0.036562 0.035449
0 0.917828 0.237471 0.038125 0.038809
0 0.575875 0.358320 0.035906 0.037695
0 0.732609 0.367422 0.034625 0.033945
0 0.900953 0.374014 0.037312 0.036621
0 0.957969 0.075820 0.037719 0.040508
0 0.442164 0.072627 0.039922 0.035918
0 0.796945 0.060889 0.042422 0.038926
0 0.258414 0.061631 0.043953 0.037988
0 0.095117 0.209062 0.042672 0.036328
0 0.111016 0.365537 0.036063 0.036895
0 0.291766 0.500928 0.039469 0.035332
0 0.726797 0.495225 0.037000 0.037246
0 0.884578 0.513691 0.033594 0.034922
0 0.428742 0.508057 0.035359 0.032559
0 0.019641 0.613252 0.031031 0.038145
0 0.572297 0.623018 0.037312 0.032129
0 0.152500 0.620596 0.035625 0.035762
0 0.284375 0.641738 0.036406 0.038125
0 0.727563 0.628115 0.032219 0.034355
0 0.644289 0.010557 0.030047 0.018027