0 0.612602 0.243008 0.036953 0.038945
0 0.270062 0.235820 0.038656 0.034258
0 0.428734 0.573340 0.031875 0.034648
0 0.439508 0.236191 0.035859 0.039531
0 0.122711 0.496152 0.034984 0.036094
0 0.889766 0.582969 0.037156 0.036484
0 0.770789 0.230732 0.034609 0.036309
0 0.277953 0.373252 0.034906 0.035098
0 0.577414 0.496865 0.035641 0.036191
0 0.442359 0.380361 0.036562 0.035449
0 0.940250 0.241396 0.038125 0.038809
0 0.575578 0.365703 0.035906 0.037695
0 0.745234 0.373301 0.034625 0.033945
0 0.913000 0.378184 0.037312 0.036602
0 0.968859 0.087656 0.036906 0.040508
0 0.447414 0.090674 0.039922 0.035918
0 0.816742 0.082920 0.042422 0.038926
0 0.262180 0.084375 0.043953 0.038008
0 0.089414 0.226934 0.042672 0.036328
0 0.104281 0.373965 0.036062 0.036914
0 0.288172 0.502363 0.039469 0.035313
0 0.731750 0.494512 0.037000 0.037266
0 0.894680 0.509609 0.033578 0.034922
0 0.425680 0.508389 0.035359 0.032559
0 0.011406 0.618711 0.022812 0.038164
0 0.576148 0.619131 0.037328 0.032129
0 0.139000 0.615527 0.035625 0.035742
0 0.273766 0.630859 0.036406 0.038125
0 0.736398 0.620127 0.032203 0.034355
0 0.649672 0.063740 0.039438 0.034512
0 0.068500 0.029248 0.043937 0.031113