0 0.599773 0.222949 0.036953 0.038945
0 0.270477 0.224287 0.038641 0.034277
0 0.438477 0.501670 0.030328 0.034668
0 0.435664 0.227148 0.035859 0.039531
0 0.133070 0.486807 0.034984 0.036113
0 0.877672 0.511816 0.035250 0.034180
0 0.746727 0.222383 0.034609 0.036328
0 0.292461 0.365557 0.034891 0.035098
0 0.577937 0.490791 0.035656 0.036191
0 0.445805 0.378545 0.036578 0.035449
0 0.910922 0.235713 0.038125 0.038809
0 0.576203 0.356104 0.035906 0.037676
0 0.728719 0.365420 0.034625 0.033965
0 0.897250 0.372734 0.037312 0.036602
0 0.949687 0.069668 0.037969 0.040508
0 0.440539 0.067080 0.039922 0.035918
0 0.791648 0.050439 0.042422 0.038926
0 0.257398 0.053350 0.043953 0.037988
0 0.097258 0.202285 0.042672 0.036328
0 0.113094 0.362949 0.036062 0.036914
0 0.292867 0.500488 0.039453 0.035313
0 0.725344 0.495508 0.037000 0.037266
0 0.879813 0.516895 0.033594 0.034922
0 0.429680 0.507959 0.035359 0.032559
0 0.024352 0.612715 0.032234 0.038164
0 0.571109 0.624219 0.037312 0.032109
0 0.156656 0.622148 0.035625 0.035742
0 0.287656 0.645078 0.036406 0.038125
0 0.724844 0.630576 0.032219 0.034355