0 0.613398 0.243672 0.036953 0.038945
0 0.270039 0.236504 0.038641 0.034258
0 0.427906 0.575596 0.031969 0.034668
0 0.439727 0.236719 0.035859 0.039531
0 0.122359 0.496699 0.035000 0.036094
0 0.890781 0.583574 0.037250 0.036602
0 0.772211 0.231221 0.034609 0.036309
0 0.277453 0.373447 0.034906 0.035098
0 0.577383 0.497236 0.035641 0.036191
0 0.442156 0.380459 0.036563 0.035449
0 0.941984 0.240049 0.038125 0.038809
0 0.576281 0.366416 0.035906 0.037676
0 0.746219 0.373145 0.034625 0.033945
0 0.913930 0.378516 0.037328 0.036602
0 0.969289 0.088242 0.036828 0.040508
0 0.447820 0.092061 0.039922 0.035918
0 0.817914 0.083799 0.042422 0.038926
0 0.262539 0.085400 0.043953 0.037988
0 0.089195 0.227588 0.042672 0.036348
0 0.103766 0.374609 0.036063 0.036914
0 0.287898 0.502471 0.039453 0.035332
0 0.732352 0.494648 0.036984 0.037266
0 0.896539 0.507734 0.033578 0.034922
0 0.425445 0.508408 0.035359 0.032559
0 0.011016 0.619258 0.022031 0.038164
0 0.576445 0.618838 0.037328 0.032129
0 0.137969 0.615137 0.035625 0.035742
0 0.272937 0.630020 0.036406 0.038125
0 0.737078 0.619521 0.032219 0.034355
0 0.649016 0.066504 0.039438 0.034531
0 0.067703 0.032305 0.044719 0.031758