0 0.618789 0.248154 0.036953 0.038965
0 0.267523 0.241445 0.038641 0.034258
0 0.423297 0.590732 0.032688 0.034668
0 0.441305 0.240684 0.035859 0.039531
0 0.120086 0.501104 0.034984 0.036113
0 0.891977 0.590146 0.037203 0.036543
0 0.779508 0.234346 0.034609 0.036309
0 0.274266 0.376094 0.034906 0.035117
0 0.577141 0.500088 0.035656 0.036191
0 0.441219 0.381318 0.036562 0.035449
0 0.953203 0.232979 0.038125 0.038809
0 0.581219 0.371777 0.035906 0.037695
0 0.751734 0.373047 0.034625 0.033945
0 0.922672 0.379121 0.037312 0.036602
0 0.974008 0.092480 0.034984 0.040508
0 0.449437 0.099990 0.039906 0.035918
0 0.824367 0.089551 0.042422 0.038945
0 0.263477 0.093086 0.043953 0.038008
0 0.086547 0.233193 0.042656 0.036348
0 0.099609 0.379795 0.036063 0.036895
0 0.285687 0.504795 0.039469 0.035332
0 0.737133 0.495840 0.036984 0.037266
0 0.902930 0.503086 0.033578 0.034922
0 0.423570 0.508623 0.035359 0.032559
0 0.008336 0.624922 0.016672 0.038164
0 0.578820 0.618184 0.037328 0.032109
0 0.133000 0.614453 0.035625 0.035742
0 0.268906 0.625752 0.036406 0.038105
0 0.739961 0.615479 0.032203 0.034355
0 0.643969 0.085684 0.039438 0.034531
0 0.064109 0.048330 0.045406 0.034121