0 0.585648 0.364551 0.036953 0.038945
0 0.275391 0.384521 0.038656 0.034277
0 0.446461 0.606318 0.029609 0.034668
0 0.435617 0.400381 0.035859 0.035176
0 0.149109 0.655439 0.035000 0.036113
0 0.856242 0.613477 0.033359 0.029805
0 0.723461 0.391211 0.034609 0.032812
0 0.309016 0.528223 0.034906 0.035117
0 0.580141 0.660771 0.035656 0.031934
0 0.442938 0.547998 0.036563 0.032520
0 0.881312 0.413799 0.038125 0.034590
0 0.570672 0.521719 0.035906 0.031523
0 0.715906 0.540400 0.034625 0.033965
0 0.883289 0.551816 0.033828 0.031797
0 0.909680 0.222676 0.038484 0.040508
0 0.433180 0.222373 0.039922 0.035918
0 0.767242 0.188252 0.042422 0.038926
0 0.259977 0.196768 0.043953 0.037988
0 0.107430 0.352910 0.042672 0.036328
0 0.124898 0.529668 0.036078 0.031719
0 0.299789 0.678516 0.039453 0.035312
0 0.006500 0.685596 0.013000 0.034082
0 0.717195 0.682256 0.036984 0.033184
0 0.862039 0.711123 0.035328 0.032285
0 0.433336 0.697705 0.035359 0.032559
0 0.047930 0.800020 0.034641 0.031797
0 0.596055 0.028027 0.032516 0.033984
0 0.569719 0.810928 0.037312 0.032129
0 0.177922 0.817432 0.035625 0.035762
0 0.298313 0.852041 0.036406 0.038105
0 0.991102 0.827500 0.017797 0.032227
0 0.713125 0.828242 0.030531 0.031797
0 0.101570 0.007158 0.032984 0.014316