0 0.626258 0.401836 0.036953 0.037383
0 0.252836 0.413506 0.038641 0.034277
0 0.432922 0.787305 0.032219 0.033047
0 0.438445 0.406865 0.035859 0.032988
0 0.114828 0.694238 0.035125 0.034453
0 0.935906 0.742852 0.033344 0.033633
0 0.781477 0.381895 0.034609 0.035547
0 0.255352 0.559404 0.034891 0.035098
0 0.590078 0.658564 0.035656 0.032168
0 0.442602 0.542500 0.036047 0.034570
0 0.976648 0.356387 0.034484 0.037969
0 0.593766 0.536660 0.035906 0.035508
0 0.771281 0.516641 0.034625 0.033945
0 0.962203 0.494609 0.035875 0.036602
0 0.978086 0.228174 0.031953 0.038418
0 0.431320 0.256660 0.038859 0.035508
0 0.811969 0.237930 0.041781 0.030742
0 0.239539 0.265518 0.043203 0.037637
0 0.071484 0.421904 0.038594 0.035957
0 0.087469 0.570029 0.035781 0.035996
0 0.284680 0.687236 0.037797 0.033848
0 0.767727 0.635947 0.036141 0.036230
0 0.944078 0.628965 0.032875 0.034922
0 0.425930 0.673525 0.035359 0.032559
0 0.006047 0.819102 0.012094 0.038164
0 0.598125 0.773633 0.033312 0.032109
0 0.142977 0.806553 0.035172 0.034668
0 0.278133 0.802539 0.036109 0.035703
0 0.766461 0.753516 0.032203 0.029727
0 0.619633 0.271191 0.039078 0.034531
0 0.032977 0.261729 0.041016 0.036621