0 0.591523 0.203350 0.036953 0.038965
0 0.271086 0.220908 0.038641 0.034277
0 0.443031 0.461523 0.029625 0.034648
0 0.435305 0.225020 0.035859 0.039531
0 0.139094 0.484248 0.035000 0.036113
0 0.871438 0.466602 0.034375 0.033125
0 0.733930 0.219932 0.034609 0.036309
0 0.303422 0.355693 0.034906 0.035098
0 0.579656 0.487676 0.035656 0.036211
0 0.447133 0.378184 0.036578 0.035430
0 0.895352 0.235957 0.038141 0.038789
0 0.573531 0.351416 0.035906 0.037676
0 0.720562 0.365820 0.034625 0.033945
0 0.890523 0.372715 0.037328 0.036602
0 0.931195 0.055762 0.038484 0.040508
0 0.434375 0.055518 0.039906 0.035918
0 0.779164 0.028604 0.042422 0.038926
0 0.257219 0.036484 0.043969 0.038008
0 0.101727 0.191719 0.042672 0.036328
0 0.120484 0.356660 0.036063 0.036914
0 0.296547 0.503408 0.039469 0.035332
0 0.722148 0.502959 0.036984 0.037246
0 0.867445 0.527266 0.033578 0.034922
0 0.430492 0.513525 0.035359 0.032559
0 0.034969 0.615957 0.034625 0.035859
0 0.569719 0.627354 0.037312 0.032129
0 0.166141 0.627188 0.035625 0.035742
0 0.294891 0.655830 0.036406 0.038105
0 0.994414 0.640762 0.011172 0.032227
0 0.719508 0.641494 0.032203 0.034355