0 0.597164 0.215352 0.036953 0.038945
0 0.270555 0.222256 0.038641 0.034277
0 0.440141 0.486523 0.030063 0.034648
0 0.434977 0.225566 0.035859 0.039531
0 0.135773 0.485156 0.034984 0.036094
0 0.875039 0.496133 0.034922 0.033789
0 0.742477 0.220908 0.034609 0.036309
0 0.296234 0.363330 0.034906 0.035098
0 0.578031 0.489717 0.035656 0.036191
0 0.446406 0.378232 0.036562 0.035449
0 0.905750 0.234404 0.038125 0.038809
0 0.576453 0.354434 0.035906 0.037695
0 0.725812 0.363916 0.034625 0.033965
0 0.894469 0.371758 0.037312 0.036602
0 0.943477 0.065059 0.038172 0.040508
0 0.439328 0.062920 0.039906 0.035918
0 0.787672 0.042607 0.042438 0.038926
0 0.256617 0.047139 0.043953 0.037988
0 0.098867 0.197197 0.042672 0.036348
0 0.114648 0.361006 0.036078 0.036895
0 0.293695 0.500156 0.039453 0.035313
0 0.724258 0.495723 0.036984 0.037266
0 0.875977 0.519434 0.033578 0.034922
0 0.430383 0.507881 0.035359 0.032559
0 0.027898 0.612305 0.033141 0.038164
0 0.570219 0.625107 0.037312 0.032129
0 0.159766 0.623320 0.035625 0.035742
0 0.290094 0.647588 0.036406 0.038105
0 0.722805 0.632412 0.032203 0.034355