0 0.614977 0.245020 0.036953 0.038945
0 0.269992 0.237861 0.038641 0.034277
0 0.426250 0.580127 0.032156 0.034668
0 0.440180 0.237773 0.035859 0.039531
0 0.121656 0.497803 0.035000 0.036113
0 0.892820 0.584805 0.037484 0.036875
0 0.775039 0.232217 0.034609 0.036309
0 0.276469 0.373828 0.034906 0.035117
0 0.577320 0.497939 0.035641 0.036191
0 0.441750 0.380674 0.036563 0.035449
0 0.945430 0.237334 0.038141 0.038809
0 0.577672 0.367852 0.035906 0.037695
0 0.748156 0.372842 0.034625 0.033965
0 0.915781 0.379150 0.037312 0.036621
0 0.970133 0.089414 0.036703 0.040508
0 0.448633 0.094834 0.039922 0.035918
0 0.820273 0.085557 0.042422 0.038926
0 0.263258 0.087451 0.043953 0.037988
0 0.088750 0.228896 0.042656 0.036348
0 0.102727 0.375908 0.036078 0.036895
0 0.287344 0.502686 0.039469 0.035332
0 0.733547 0.494951 0.037000 0.037246
0 0.900258 0.503984 0.033578 0.034922
0 0.424977 0.508467 0.035359 0.032559
0 0.010234 0.620352 0.020469 0.038164
0 0.577039 0.618232 0.037328 0.032129
0 0.135891 0.614355 0.035625 0.035742
0 0.271312 0.628340 0.036406 0.038125
0 0.738438 0.618291 0.032219 0.034355
0 0.647703 0.072031 0.039437 0.034531
0 0.066133 0.038437 0.046266 0.033047