0 0.628367 0.407930 0.036953 0.038945
0 0.256367 0.405957 0.038641 0.034258
0 0.423484 0.776396 0.033937 0.034668
0 0.444102 0.402266 0.035859 0.039531
0 0.112391 0.672979 0.035000 0.036113
0 0.910508 0.754189 0.034359 0.033105
0 0.781258 0.392090 0.034609 0.036328
0 0.267297 0.544707 0.034906 0.035117
0 0.576117 0.658984 0.035641 0.036211
0 0.442344 0.538311 0.036563 0.035449
0 0.968172 0.380020 0.038125 0.038789
0 0.589359 0.535566 0.035906 0.037695
0 0.760469 0.528984 0.034625 0.033945
0 0.948937 0.520234 0.037312 0.036602
0 0.984344 0.247930 0.031312 0.040508
0 0.444703 0.258271 0.039906 0.035918
0 0.819922 0.251318 0.042438 0.038926
0 0.258008 0.263115 0.043953 0.037988
0 0.077266 0.407559 0.042656 0.036328
0 0.093063 0.553203 0.036062 0.036914
0 0.278289 0.672129 0.039453 0.035313
0 0.751406 0.648125 0.037000 0.037266
0 0.918055 0.648008 0.033578 0.034922
0 0.422039 0.665801 0.035359 0.032539
0 0.004219 0.799277 0.008438 0.038164
0 0.587680 0.777061 0.037328 0.032129
0 0.133188 0.785752 0.035625 0.035762
0 0.267391 0.786641 0.036406 0.038125
0 0.742281 0.762607 0.032219 0.034355
0 0.631500 0.271465 0.039437 0.034531
0 0.058688 0.240176 0.042000 0.036602