0 0.573617 0.337939 0.036953 0.038965
0 0.279094 0.361963 0.038656 0.034277
0 0.448141 0.557129 0.029625 0.025898
0 0.435148 0.391699 0.035859 0.035195
0 0.167430 0.638164 0.034984 0.036094
0 0.837914 0.551602 0.033359 0.029805
0 0.710039 0.373867 0.034609 0.032812
0 0.317812 0.517227 0.034906 0.035117
0 0.577094 0.651133 0.032125 0.031914
0 0.442297 0.552207 0.036562 0.027188
0 0.854008 0.414375 0.038141 0.034609
0 0.561422 0.505518 0.035906 0.031504
0 0.701172 0.535957 0.034625 0.033945
0 0.863352 0.552217 0.033828 0.031777
0 0.871258 0.186230 0.038484 0.040508
0 0.423461 0.186504 0.039922 0.035937
0 0.740398 0.135596 0.042422 0.038926
0 0.253961 0.151641 0.043953 0.038008
0 0.119930 0.320508 0.042672 0.036328
0 0.129062 0.509414 0.036062 0.031719
0 0.306266 0.670410 0.039469 0.035313
0 0.017984 0.684932 0.032875 0.034082
0 0.990719 0.684561 0.018562 0.028926
0 0.704977 0.683857 0.036984 0.033184
0 0.847258 0.717148 0.035328 0.032266
0 0.433602 0.701055 0.035359 0.032539
0 0.074281 0.795605 0.034625 0.031797
0 0.563164 0.816709 0.037328 0.032129
0 0.198813 0.825068 0.035625 0.035762
0 0.318391 0.865986 0.036406 0.038105
0 0.976453 0.836992 0.032687 0.032227
0 0.703484 0.840293 0.030531 0.031797