0 0.593695 0.205225 0.036953 0.038965
0 0.270648 0.219541 0.038641 0.034277
0 0.442367 0.466328 0.029703 0.034648
0 0.434070 0.223438 0.035859 0.039531
0 0.139367 0.482959 0.034984 0.036113
0 0.871117 0.477510 0.034484 0.033262
0 0.736820 0.218945 0.034609 0.036328
0 0.301281 0.360361 0.034906 0.035098
0 0.578148 0.488281 0.035641 0.036211
0 0.447219 0.377803 0.036563 0.035449
0 0.898844 0.232646 0.038125 0.038809
0 0.576781 0.352217 0.035906 0.037676
0 0.721922 0.361914 0.034625 0.033945
0 0.890766 0.370479 0.037312 0.036621
0 0.935203 0.058916 0.038406 0.040527
0 0.437711 0.057363 0.039922 0.035937
0 0.782367 0.032178 0.042422 0.038926
0 0.255594 0.038857 0.043969 0.037988
0 0.101008 0.190410 0.042672 0.036328
0 0.116719 0.358408 0.036062 0.036895
0 0.294797 0.499707 0.039469 0.035312
0 0.722805 0.496016 0.036984 0.037266
0 0.870406 0.521377 0.033594 0.034941
0 0.431336 0.507783 0.035359 0.032559
0 0.032617 0.611758 0.034328 0.038164
0 0.569039 0.626318 0.037328 0.032129
0 0.163922 0.624873 0.035625 0.035762
0 0.293375 0.650937 0.036406 0.038125
0 0.995219 0.640879 0.009563 0.032227
0 0.720094 0.634873 0.032219 0.034355