0 0.570336 0.330684 0.036953 0.038945
0 0.280102 0.355801 0.038641 0.034258
0 0.448852 0.543652 0.029609 0.024297
0 0.435023 0.389326 0.035859 0.035176
0 0.172430 0.633447 0.034984 0.036113
0 0.832914 0.534727 0.033359 0.029805
0 0.706383 0.369131 0.034609 0.032832
0 0.320203 0.514229 0.034906 0.035098
0 0.576266 0.648506 0.031156 0.031934
0 0.442125 0.553350 0.036563 0.025723
0 0.846562 0.414531 0.038125 0.034609
0 0.558891 0.501104 0.035906 0.031504
0 0.697156 0.534736 0.034625 0.033965
0 0.993648 0.202959 0.012703 0.032715
0 0.857914 0.552324 0.033828 0.031797
0 0.860789 0.176289 0.038484 0.040508
0 0.420812 0.176729 0.039906 0.035918
0 0.733070 0.121240 0.042422 0.038926
0 0.252320 0.139336 0.043953 0.038008
0 0.123336 0.311680 0.042672 0.036328
0 0.130203 0.503906 0.036062 0.031719
0 0.308031 0.668203 0.039469 0.035313
0 0.022742 0.684746 0.035047 0.034102
0 0.987531 0.683643 0.024938 0.028926
0 0.701648 0.684297 0.036984 0.033203
0 0.843227 0.718799 0.035328 0.032285
0 0.433664 0.701963 0.035359 0.032559
0 0.081469 0.794395 0.034625 0.031797
0 0.561367 0.818291 0.037328 0.032129
0 0.204508 0.827148 0.035609 0.035742
0 0.323875 0.869795 0.036406 0.038105
0 0.969055 0.838848 0.033078 0.032227
0 0.700859 0.843584 0.030531 0.031777