0 0.625898 0.400820 0.036953 0.037109
0 0.252242 0.414756 0.038641 0.034277
0 0.434492 0.789121 0.031922 0.032773
0 0.437508 0.407637 0.035859 0.031875
0 0.115242 0.697773 0.035141 0.034180
0 0.940141 0.740967 0.033187 0.033730
0 0.781508 0.380205 0.034609 0.035410
0 0.253359 0.561855 0.034906 0.035117
0 0.592406 0.658496 0.035656 0.031484
0 0.442641 0.543203 0.035969 0.034414
0 0.978055 0.352451 0.033891 0.037832
0 0.594500 0.536846 0.035906 0.035137
0 0.773094 0.514590 0.034625 0.033945
0 0.964414 0.490342 0.035641 0.036621
0 0.977047 0.224873 0.032063 0.038066
0 0.429094 0.256406 0.038687 0.035430
0 0.810648 0.234756 0.041672 0.031270
0 0.236453 0.265918 0.043094 0.037578
0 0.070523 0.424297 0.037922 0.035898
0 0.086531 0.572842 0.035719 0.035840
0 0.285750 0.689756 0.037531 0.033613
0 0.770453 0.633916 0.036000 0.036035
0 0.948406 0.625801 0.032750 0.034922
0 0.426570 0.674814 0.035359 0.032559
0 0.006797 0.823477 0.013594 0.038164
0 0.599859 0.773057 0.032625 0.032129
0 0.144609 0.810020 0.035094 0.034492
0 0.279922 0.805195 0.036062 0.035312
0 0.770484 0.752002 0.032219 0.028965
0 0.617656 0.271143 0.039031 0.034551
0 0.028695 0.265313 0.040859 0.036602