0 0.621836 0.389160 0.036953 0.034102
0 0.234555 0.427705 0.038641 0.034277
0 0.458688 0.806162 0.033375 0.034121
0 0.426664 0.407256 0.035859 0.037715
0 0.119914 0.738506 0.035391 0.031035
0 0.995961 0.703389 0.008078 0.033105
0 0.781914 0.360664 0.034609 0.033945
0 0.260859 0.583301 0.034906 0.035117
0 0.619164 0.652168 0.035641 0.034844
0 0.443141 0.551250 0.034969 0.032734
0 0.986320 0.300176 0.027359 0.036680
0 0.602969 0.538945 0.035906 0.030938
0 0.793812 0.487139 0.034625 0.033965
0 0.986711 0.434414 0.026578 0.036602
0 0.980359 0.173750 0.033281 0.039453
0 0.392430 0.249111 0.036672 0.034629
0 0.795414 0.195615 0.040453 0.038887
0 0.190117 0.269004 0.041672 0.036914
0 0.039531 0.450293 0.040781 0.035156
0 0.075813 0.605117 0.035156 0.034102
0 0.297992 0.718691 0.034359 0.030820
0 0.801750 0.610566 0.034375 0.034062
0 0.989125 0.569961 0.021750 0.034922
0 0.434023 0.689639 0.035359 0.032559
0 0.013570 0.872793 0.027141 0.038164
0 0.636328 0.764990 0.035969 0.032129
0 0.162164 0.859014 0.034234 0.032402
0 0.300531 0.838730 0.035500 0.030664
0 0.816820 0.728252 0.032203 0.032793
0 0.591461 0.258564 0.038328 0.034551