0 0.625008 0.398291 0.036953 0.036465
0 0.250773 0.417910 0.038641 0.034258
0 0.438414 0.793672 0.031203 0.032109
0 0.435148 0.409551 0.035859 0.029141
0 0.116250 0.706631 0.035187 0.033496
0 0.950719 0.736250 0.032781 0.033945
0 0.781602 0.375947 0.034609 0.035098
0 0.253953 0.565654 0.034906 0.035098
0 0.598219 0.658330 0.035656 0.029824
0 0.442750 0.544951 0.035750 0.034043
0 0.981594 0.342607 0.032375 0.037480
0 0.596344 0.537305 0.035906 0.034219
0 0.777594 0.509453 0.034625 0.033945
0 0.969945 0.479668 0.035016 0.036602
0 0.974445 0.216377 0.032328 0.037754
0 0.423516 0.255732 0.038250 0.035254
0 0.807336 0.226836 0.041422 0.032539
0 0.228766 0.266924 0.042781 0.037441
0 0.066266 0.430283 0.039906 0.035723
0 0.084203 0.579863 0.035594 0.035469
0 0.288406 0.696035 0.036844 0.033008
0 0.777258 0.628838 0.035641 0.035605
0 0.959250 0.617852 0.032469 0.034922
0 0.428195 0.678037 0.035359 0.032559
0 0.008563 0.834590 0.017125 0.038164
0 0.604211 0.771631 0.030953 0.032129
0 0.148688 0.818691 0.034906 0.034023
0 0.284406 0.811826 0.035937 0.034316
0 0.780555 0.748213 0.032203 0.027051
0 0.612719 0.271025 0.038875 0.034551
0 0.019195 0.272236 0.036422 0.036621