0 0.607320 0.371895 0.036953 0.033711
0 0.208898 0.433525 0.038641 0.034277
0 0.490914 0.809023 0.033953 0.034648
0 0.405320 0.407500 0.035859 0.039531
0 0.133227 0.780254 0.035422 0.030625
0 0.777500 0.328730 0.034594 0.033750
0 0.264250 0.600264 0.034906 0.035098
0 0.643055 0.636318 0.035641 0.036191
0 0.447594 0.561514 0.034844 0.032520
0 0.987945 0.232393 0.024109 0.038809
0 0.611437 0.534082 0.035906 0.030391
0 0.810047 0.446699 0.034625 0.033945
0 0.964242 0.106904 0.033828 0.036309
0 0.353000 0.221953 0.036406 0.034531
0 0.770687 0.144922 0.040281 0.038867
0 0.143766 0.247246 0.041500 0.036836
0 0.018242 0.460508 0.029672 0.035078
0 0.074508 0.630674 0.035078 0.033887
0 0.306852 0.748877 0.033953 0.030449
0 0.833422 0.569043 0.034156 0.033789
0 0.456570 0.707119 0.035359 0.032559
0 0.037258 0.925693 0.030328 0.034824
0 0.671211 0.742432 0.037328 0.032129
0 0.181578 0.908525 0.034125 0.032129
0 0.331391 0.874453 0.035438 0.030078
0 0.863609 0.685947 0.032219 0.032402
0 0.559375 0.223174 0.038250 0.034551