0 0.623773 0.394746 0.036953 0.035547
0 0.246383 0.421982 0.038641 0.034277
0 0.445234 0.799199 0.031219 0.032109
0 0.431852 0.409365 0.035859 0.031074
0 0.117680 0.719023 0.035266 0.032539
0 0.970031 0.726172 0.029187 0.033750
0 0.781727 0.370010 0.034609 0.034668
0 0.255320 0.571826 0.034891 0.035098
0 0.606367 0.656895 0.035641 0.029844
0 0.442898 0.547412 0.035453 0.033535
0 0.984414 0.327490 0.031172 0.035410
0 0.598922 0.537939 0.035906 0.032949
0 0.783906 0.502246 0.034625 0.033945
0 0.977680 0.462578 0.034172 0.036602
0 0.974227 0.202588 0.032703 0.037832
0 0.412711 0.253174 0.037641 0.035020
0 0.802703 0.215127 0.041031 0.035566
0 0.215648 0.267998 0.042359 0.037246
0 0.057875 0.438330 0.041344 0.035527
0 0.080945 0.589678 0.035422 0.034941
0 0.292133 0.704854 0.035891 0.032168
0 0.786781 0.621738 0.035156 0.035000
0 0.973992 0.602988 0.032047 0.034922
0 0.430461 0.682549 0.035359 0.032559
0 0.011133 0.849678 0.022266 0.038145
0 0.613828 0.769307 0.030969 0.032129
0 0.154141 0.832773 0.034656 0.033398
0 0.290680 0.821758 0.035766 0.032891
0 0.794656 0.741553 0.032219 0.027090
0 0.604937 0.267646 0.038656 0.034551
0 0.010695 0.277275 0.021391 0.036621