0 0.620570 0.386816 0.036953 0.033711
0 0.230148 0.429492 0.038641 0.034258
0 0.463867 0.808105 0.033953 0.034648
0 0.424203 0.406719 0.035875 0.039531
0 0.121188 0.745742 0.035406 0.030625
0 0.781734 0.356572 0.034594 0.033770
0 0.262953 0.587158 0.034906 0.035098
0 0.623727 0.650117 0.035641 0.036211
0 0.443555 0.552725 0.034828 0.032520
0 0.987820 0.289971 0.024359 0.038809
0 0.604469 0.538945 0.035906 0.030391
0 0.797234 0.480293 0.034625 0.033945
0 0.989492 0.425254 0.021016 0.036602
0 0.980914 0.161865 0.033453 0.040254
0 0.385766 0.247344 0.036406 0.034531
0 0.792227 0.187949 0.040297 0.038867
0 0.181086 0.268125 0.041484 0.036836
0 0.033672 0.453926 0.040062 0.035078
0 0.074414 0.610449 0.035078 0.033867
0 0.299969 0.723857 0.033937 0.030449
0 0.807484 0.605566 0.034156 0.033789
0 0.992219 0.558086 0.015563 0.034922
0 0.436133 0.692393 0.035359 0.032559
0 0.015055 0.881553 0.027797 0.037988
0 0.643977 0.762686 0.037328 0.032129
0 0.165250 0.868389 0.034125 0.032129
0 0.304703 0.845000 0.035438 0.030078
0 0.825031 0.722813 0.032219 0.034102
0 0.586406 0.254980 0.038250 0.034570