0 0.590867 0.353027 0.036953 0.033711
0 0.191688 0.431787 0.038656 0.034238
0 0.524039 0.809727 0.033953 0.034609
0 0.389680 0.397266 0.035859 0.039531
0 0.155297 0.821465 0.035406 0.030625
0 0.772563 0.295400 0.034594 0.033027
0 0.266266 0.615977 0.034906 0.035117
0 0.666375 0.619346 0.035656 0.036191
0 0.445141 0.575645 0.034844 0.032500
0 0.985359 0.158545 0.029281 0.038809
0 0.619742 0.527988 0.035922 0.030469
0 0.817406 0.404805 0.034625 0.033945
0 0.949102 0.033066 0.037797 0.036289
0 0.319453 0.185674 0.036406 0.034551
0 0.744586 0.091777 0.040297 0.038867
0 0.111617 0.221396 0.041453 0.036777
0 0.009211 0.465244 0.018422 0.035059
0 0.080023 0.651211 0.035078 0.033867
0 0.322648 0.777939 0.033953 0.030449
0 0.858938 0.518887 0.034156 0.033789
0 0.481352 0.725381 0.035359 0.032559
0 0.069242 0.976240 0.030047 0.032012
0 0.704523 0.716885 0.037328 0.032129
0 0.205789 0.960693 0.034109 0.032129
0 0.364023 0.910078 0.035422 0.030078
0 0.905016 0.629893 0.032219 0.034355
0 0.526656 0.184102 0.038250 0.034570