0 0.622711 0.391699 0.036953 0.034766
0 0.239930 0.425107 0.038641 0.034277
0 0.452570 0.802988 0.032391 0.033203
0 0.429023 0.408213 0.035859 0.034707
0 0.118898 0.729648 0.035328 0.031719
0 0.989430 0.714434 0.021141 0.033125
0 0.781828 0.364912 0.034594 0.034277
0 0.257484 0.578076 0.034906 0.035098
0 0.613344 0.654326 0.035656 0.032559
0 0.443031 0.549502 0.035188 0.033105
0 0.984734 0.312891 0.030531 0.033125
0 0.601141 0.538486 0.035906 0.031855
0 0.789312 0.495449 0.034625 0.033945
0 0.983797 0.446016 0.032406 0.036602
0 0.977836 0.188545 0.033016 0.037676
0 0.400508 0.249707 0.037109 0.034805
0 0.798719 0.204414 0.040719 0.038867
0 0.201727 0.268545 0.041984 0.037051
0 0.047867 0.444854 0.041047 0.035332
0 0.078141 0.598096 0.035281 0.034473
0 0.295328 0.712393 0.035062 0.031426
0 0.794945 0.615645 0.034734 0.034492
0 0.984961 0.585664 0.030078 0.034922
0 0.432414 0.686416 0.035359 0.032559
0 0.013133 0.862285 0.026266 0.038164
0 0.626102 0.766953 0.033703 0.032109
0 0.158508 0.847090 0.034422 0.032852
0 0.296055 0.831016 0.035641 0.031680
0 0.806742 0.734297 0.032203 0.030195
0 0.597383 0.261572 0.038484 0.034551