0 0.581133 0.340801 0.036953 0.033711
0 0.192117 0.425127 0.038641 0.033965
0 0.542586 0.805215 0.033953 0.033984
0 0.385555 0.388867 0.035859 0.038359
0 0.170133 0.832725 0.035422 0.030605
0 0.765664 0.277793 0.036109 0.031562
0 0.272453 0.620830 0.034906 0.035098
0 0.675156 0.608721 0.035656 0.036191
0 0.443781 0.579619 0.034844 0.032520
0 0.983781 0.111182 0.031250 0.034473
0 0.621781 0.523027 0.036094 0.031602
0 0.814219 0.376523 0.034625 0.033945
0 0.940266 0.005977 0.037813 0.011953
0 0.300492 0.167598 0.036391 0.034531
0 0.722641 0.063135 0.040281 0.036230
0 0.101352 0.203311 0.040953 0.036113
0 0.009078 0.458242 0.018156 0.035078
0 0.088445 0.656914 0.035078 0.033867
0 0.334305 0.793174 0.033953 0.030449
0 0.865992 0.484941 0.034172 0.033789
0 0.492648 0.738369 0.035359 0.032559
0 0.091156 0.993672 0.030031 0.012656
0 0.722500 0.693936 0.037312 0.032129
0 0.225695 0.983730 0.034109 0.030195
0 0.382141 0.925391 0.035438 0.030078
0 0.920102 0.587939 0.032359 0.033574
0 0.508477 0.159541 0.038234 0.034551
0 0.008937 0.866631 0.017875 0.029160