0 0.563961 0.323457 0.036953 0.033711
0 0.192836 0.414033 0.038641 0.033457
0 0.573508 0.797686 0.033953 0.032910
0 0.378867 0.376934 0.035859 0.036016
0 0.196805 0.851504 0.035422 0.030625
0 0.751055 0.246641 0.037453 0.031563
0 0.282758 0.628936 0.034891 0.035098
0 0.682359 0.583936 0.035656 0.036191
0 0.452719 0.586240 0.034844 0.032520
0 0.956422 0.034687 0.035375 0.034219
0 0.625172 0.514756 0.036375 0.033457
0 0.810297 0.330762 0.034625 0.033945
0 0.279641 0.131855 0.036406 0.034531
0 0.682672 0.017637 0.040281 0.030977
0 0.085867 0.172158 0.040141 0.035020
0 0.018000 0.446582 0.031406 0.035078
0 0.109320 0.659092 0.035078 0.033887
0 0.353742 0.818584 0.033953 0.030449
0 0.873008 0.424453 0.034172 0.033789
0 0.511508 0.745947 0.035359 0.032559
0 0.747320 0.657275 0.037328 0.032129
0 0.416500 0.950391 0.035437 0.030078
0 0.941789 0.514336 0.032672 0.032031
0 0.476844 0.118281 0.038250 0.034570
0 0.036117 0.879170 0.032078 0.029160