0 0.561320 0.322441 0.036953 0.033711
0 0.192914 0.412920 0.038641 0.033418
0 0.576602 0.796934 0.033953 0.032813
0 0.378195 0.375742 0.035859 0.035781
0 0.200578 0.853379 0.035406 0.030625
0 0.749125 0.243887 0.036625 0.031562
0 0.283789 0.629736 0.034891 0.035098
0 0.683969 0.580615 0.035656 0.036191
0 0.453609 0.586904 0.034844 0.032520
0 0.953133 0.027773 0.035359 0.034180
0 0.625516 0.513926 0.036406 0.033633
0 0.809531 0.326182 0.034625 0.033965
0 0.277367 0.128848 0.036391 0.034531
0 0.678562 0.014600 0.040281 0.029199
0 0.085234 0.168477 0.040063 0.034922
0 0.019719 0.445420 0.031813 0.035059
0 0.112023 0.659229 0.035078 0.033887
0 0.355695 0.821123 0.033953 0.030449
0 0.873250 0.418691 0.034156 0.033789
0 0.513383 0.746699 0.035359 0.032539
0 0.749805 0.653604 0.037328 0.032129
0 0.420266 0.952598 0.035438 0.030078
0 0.942703 0.506699 0.032687 0.031875
0 0.473672 0.114150 0.038250 0.034551
0 0.041484 0.880752 0.032094 0.029160