0 0.601430 0.365273 0.036953 0.033711
0 0.200461 0.434531 0.038641 0.034258
0 0.502945 0.809434 0.033953 0.034648
0 0.397836 0.406523 0.035859 0.039531
0 0.139484 0.795596 0.035406 0.030605
0 0.775617 0.316367 0.034609 0.033750
0 0.264813 0.606094 0.034906 0.035117
0 0.651641 0.630176 0.035656 0.036211
0 0.446703 0.566768 0.034844 0.032520
0 0.986922 0.205303 0.026156 0.038809
0 0.614547 0.531914 0.035906 0.030391
0 0.814828 0.431768 0.034625 0.033965
0 0.956547 0.079805 0.035344 0.036289
0 0.339187 0.210059 0.036406 0.034531
0 0.761125 0.125801 0.040281 0.038867
0 0.128812 0.237969 0.041500 0.036836
0 0.012586 0.463115 0.025172 0.035059
0 0.075180 0.639189 0.035078 0.033887
0 0.310820 0.759814 0.033953 0.030449
0 0.841234 0.551152 0.034156 0.033789
0 0.465648 0.713662 0.035359 0.032559
0 0.047758 0.945312 0.030172 0.033398
0 0.683320 0.733428 0.037328 0.032129
0 0.189289 0.926748 0.034109 0.032129
0 0.343250 0.887539 0.035438 0.030078
0 0.879703 0.664795 0.032219 0.034355
0 0.547359 0.209033 0.038250 0.034551