0 0.595539 0.358652 0.036953 0.033711
0 0.195039 0.433184 0.038641 0.034258
0 0.514977 0.809844 0.033953 0.034648
0 0.393055 0.401582 0.035859 0.039531
0 0.148453 0.810938 0.035406 0.030625
0 0.773742 0.303984 0.034609 0.033750
0 0.265391 0.611924 0.034906 0.035098
0 0.660234 0.624043 0.035656 0.036211
0 0.445813 0.572021 0.034844 0.032520
0 0.985898 0.178193 0.028203 0.038809
0 0.617641 0.529756 0.035906 0.030371
0 0.816906 0.416836 0.034625 0.033945
0 0.951930 0.052705 0.036859 0.036309
0 0.327648 0.196250 0.036391 0.034531
0 0.751547 0.106680 0.040281 0.038867
0 0.118766 0.228691 0.041500 0.036836
0 0.010516 0.464785 0.021031 0.035078
0 0.077727 0.646299 0.035078 0.033887
0 0.317500 0.770186 0.033937 0.030449
0 0.851156 0.532344 0.034156 0.033789
0 0.474727 0.720205 0.035359 0.032559
0 0.060148 0.963896 0.028547 0.032520
0 0.695430 0.724434 0.037328 0.032109
0 0.198359 0.946104 0.034125 0.032129
0 0.355117 0.900625 0.035422 0.030078
0 0.894312 0.644971 0.032219 0.034355
0 0.535344 0.194893 0.038250 0.034551