0 0.614680 0.380176 0.036953 0.033711
0 0.220711 0.431289 0.038641 0.034258
0 0.475883 0.808516 0.033953 0.034648
0 0.415805 0.407070 0.035859 0.039531
0 0.126539 0.761084 0.035422 0.030605
0 0.779852 0.344199 0.034609 0.033750
0 0.263531 0.592979 0.034906 0.035098
0 0.632312 0.643984 0.035656 0.036211
0 0.446391 0.556113 0.034844 0.032500
0 0.989453 0.265557 0.021094 0.038809
0 0.607563 0.536777 0.035906 0.030391
0 0.802922 0.465361 0.034625 0.033965
0 0.996312 0.404766 0.007375 0.036602
0 0.973266 0.137773 0.033437 0.038281
0 0.371203 0.236055 0.036406 0.034531
0 0.782656 0.168818 0.040281 0.038887
0 0.164500 0.258848 0.041500 0.036836
0 0.026812 0.456855 0.035437 0.035078
0 0.074461 0.619434 0.035078 0.033867
0 0.303023 0.734980 0.033953 0.030469
0 0.820711 0.589863 0.034172 0.033789
0 0.445211 0.698936 0.035359 0.032559
0 0.024930 0.901172 0.028922 0.036562
0 0.656086 0.753682 0.037328 0.032129
0 0.172508 0.886230 0.034109 0.032148
0 0.316562 0.858086 0.035438 0.030078
0 0.842391 0.708447 0.032219 0.032051
0 0.574391 0.240850 0.038250 0.034551