0 0.624133 0.395752 0.036953 0.035801
0 0.248523 0.420937 0.038641 0.034258
0 0.442789 0.797930 0.030828 0.031758
0 0.432789 0.409746 0.035859 0.029883
0 0.117266 0.715488 0.035250 0.032813
0 0.962805 0.730371 0.031359 0.033984
0 0.781687 0.371709 0.034594 0.034785
0 0.254727 0.569736 0.034891 0.035098
0 0.604039 0.657754 0.035641 0.028945
0 0.442859 0.546699 0.035531 0.033672
0 0.984414 0.332305 0.031172 0.036602
0 0.598188 0.537764 0.035906 0.033301
0 0.782109 0.504307 0.034625 0.033965
0 0.975477 0.468281 0.034422 0.036602
0 0.972984 0.207021 0.032594 0.038027
0 0.416938 0.254521 0.037812 0.035098
0 0.804023 0.218701 0.041141 0.034238
0 0.220289 0.267813 0.042484 0.037305
0 0.061203 0.436152 0.041438 0.035586
0 0.081875 0.586875 0.035469 0.035078
0 0.291063 0.702334 0.036156 0.032402
0 0.784055 0.623760 0.035297 0.035176
0 0.969945 0.608672 0.032172 0.034922
0 0.429820 0.681260 0.035359 0.032559
0 0.010367 0.845469 0.020734 0.038164
0 0.609734 0.770107 0.030063 0.032129
0 0.152688 0.828008 0.034719 0.033594
0 0.288883 0.818672 0.035828 0.033281
0 0.790633 0.743975 0.032203 0.026035
0 0.607484 0.269844 0.038719 0.034531
0 0.012867 0.275879 0.025734 0.036602