0 0.580352 0.339863 0.036953 0.033711
0 0.192156 0.424570 0.038656 0.033906
0 0.544133 0.804834 0.033953 0.033926
0 0.385219 0.388262 0.035875 0.038242
0 0.171367 0.833662 0.035422 0.030605
0 0.764984 0.276211 0.036250 0.031562
0 0.272969 0.621240 0.034906 0.035098
0 0.675437 0.607559 0.035656 0.036211
0 0.444234 0.579941 0.034844 0.032500
0 0.982516 0.107744 0.032625 0.034473
0 0.621953 0.522617 0.036094 0.031680
0 0.814063 0.374238 0.034625 0.033945
0 0.940266 0.005234 0.037813 0.010469
0 0.299047 0.165645 0.036406 0.034531
0 0.720641 0.060859 0.040281 0.035977
0 0.100492 0.201807 0.040922 0.036074
0 0.009445 0.457666 0.018891 0.035059
0 0.089430 0.657031 0.035078 0.033867
0 0.335281 0.794443 0.033937 0.030449
0 0.866383 0.481895 0.034172 0.033789
0 0.493602 0.738760 0.035359 0.032559
0 0.091156 0.993672 0.030031 0.012656
0 0.723742 0.692100 0.037328 0.032129
0 0.227578 0.984902 0.034125 0.029023
0 0.383828 0.926660 0.035438 0.030078
0 0.921297 0.584287 0.032375 0.033496
0 0.506891 0.157480 0.038250 0.034570
0 0.009828 0.867139 0.019656 0.029160