0 0.623430 0.393721 0.036953 0.035293
0 0.244227 0.423027 0.038641 0.034258
0 0.447680 0.800459 0.031609 0.032480
0 0.430906 0.408975 0.035875 0.032285
0 0.118078 0.722578 0.035281 0.032266
0 0.977258 0.721973 0.027047 0.033477
0 0.781758 0.368311 0.034609 0.034512
0 0.255922 0.573906 0.034906 0.035117
0 0.608695 0.656035 0.035641 0.030742
0 0.442945 0.548105 0.035359 0.033398
0 0.984414 0.322666 0.031172 0.034199
0 0.599656 0.538125 0.035906 0.032578
0 0.785703 0.500195 0.034625 0.033945
0 0.979891 0.456875 0.033938 0.036602
0 0.975469 0.198154 0.032813 0.037637
0 0.408477 0.251846 0.037453 0.034941
0 0.801375 0.211543 0.040938 0.036875
0 0.211008 0.268184 0.042234 0.037188
0 0.054539 0.440498 0.041234 0.035449
0 0.080016 0.592490 0.035375 0.034785
0 0.293195 0.707363 0.035609 0.031914
0 0.789500 0.619697 0.035000 0.034824
0 0.978047 0.597324 0.031937 0.034922
0 0.431117 0.683838 0.035359 0.032559
0 0.011898 0.853887 0.023797 0.038164
0 0.617922 0.768525 0.031875 0.032129
0 0.155602 0.837549 0.034578 0.033223
0 0.292469 0.824844 0.035719 0.032500
0 0.798687 0.739131 0.032219 0.028105
0 0.602383 0.265459 0.038609 0.034551
0 0.008523 0.278682 0.017047 0.036621