0 0.624484 0.396768 0.036937 0.036074
0 0.249898 0.419795 0.038641 0.034277
0 0.440773 0.796387 0.030766 0.031719
0 0.433734 0.410127 0.035875 0.028652
0 0.116859 0.711953 0.035219 0.033086
0 0.957070 0.733418 0.032516 0.034062
0 0.781648 0.373408 0.034609 0.034902
0 0.254312 0.567930 0.034906 0.035117
0 0.601711 0.658223 0.035641 0.028828
0 0.442812 0.545996 0.035625 0.033828
0 0.983703 0.336699 0.031469 0.037266
0 0.597453 0.537578 0.035906 0.033672
0 0.780297 0.506367 0.034625 0.033945
0 0.973266 0.473262 0.034656 0.036602
0 0.972883 0.211025 0.032484 0.038027
0 0.420164 0.255332 0.037984 0.035156
0 0.805344 0.222080 0.041250 0.033301
0 0.224141 0.267520 0.042594 0.037344
0 0.063719 0.433877 0.041094 0.035645
0 0.082805 0.584062 0.035516 0.035234
0 0.290000 0.699814 0.036437 0.032637
0 0.781344 0.625801 0.035437 0.035352
0 0.965750 0.613096 0.032281 0.034941
0 0.429164 0.679971 0.035359 0.032559
0 0.009602 0.841270 0.019203 0.038164
0 0.606820 0.770781 0.029953 0.032109
0 0.151133 0.823896 0.034797 0.033770
0 0.287094 0.815811 0.035875 0.033691
0 0.786602 0.745938 0.032203 0.025898
0 0.609750 0.270957 0.038781 0.034531
0 0.015039 0.274473 0.030078 0.036602