0 0.558695 0.321426 0.036953 0.033711
0 0.192977 0.411816 0.038641 0.033359
0 0.579695 0.796182 0.033953 0.032715
0 0.377523 0.374551 0.035859 0.035547
0 0.204352 0.855254 0.035422 0.030625
0 0.747188 0.241133 0.035813 0.031562
0 0.284813 0.630547 0.034906 0.035117
0 0.685570 0.577314 0.035641 0.036191
0 0.454508 0.587568 0.034828 0.032520
0 0.950062 0.020742 0.035375 0.033672
0 0.625859 0.513096 0.036437 0.033809
0 0.808750 0.321602 0.034625 0.033945
0 0.275094 0.125840 0.036406 0.034531
0 0.674328 0.013076 0.040281 0.026152
0 0.084609 0.164785 0.039969 0.034805
0 0.021453 0.444258 0.032219 0.035078
0 0.114727 0.659365 0.035078 0.033887
0 0.357633 0.823662 0.033953 0.030449
0 0.873500 0.412910 0.034156 0.033789
0 0.515273 0.747451 0.035359 0.032559
0 0.752289 0.649951 0.037328 0.032129
0 0.424031 0.954824 0.035438 0.030078
0 0.943617 0.499043 0.032734 0.031719
0 0.470516 0.110029 0.038250 0.034551
0 0.046859 0.882354 0.032094 0.029160