0 0.592586 0.355332 0.036953 0.033711
0 0.192336 0.432510 0.038641 0.034277
0 0.520992 0.810049 0.033953 0.034668
0 0.390672 0.399121 0.035875 0.039531
0 0.152938 0.818604 0.035406 0.030605
0 0.772797 0.297803 0.034594 0.033770
0 0.265672 0.614844 0.034906 0.035117
0 0.664531 0.620967 0.035656 0.036191
0 0.445359 0.574648 0.034844 0.032500
0 0.985383 0.164639 0.029234 0.038809
0 0.619188 0.528672 0.035906 0.030391
0 0.817937 0.409375 0.034625 0.033945
0 0.950141 0.039150 0.037625 0.036309
0 0.321875 0.189355 0.036406 0.034531
0 0.746766 0.097109 0.040281 0.038867
0 0.113734 0.224053 0.041500 0.036816
0 0.009477 0.465625 0.018953 0.035078
0 0.079008 0.649844 0.035078 0.033867
0 0.320836 0.775371 0.033953 0.030469
0 0.856125 0.522949 0.034156 0.033789
0 0.479273 0.723477 0.035359 0.032539
0 0.066297 0.972334 0.029750 0.032520
0 0.701492 0.719932 0.037328 0.032129
0 0.202891 0.955771 0.034125 0.032129
0 0.361047 0.907168 0.035438 0.030078
0 0.901617 0.635068 0.032203 0.034355
0 0.529328 0.187832 0.038250 0.034570