0 0.604367 0.368594 0.036953 0.033711
0 0.204180 0.434424 0.038641 0.034277
0 0.496930 0.809229 0.033953 0.034668
0 0.401117 0.407656 0.035859 0.039531
0 0.135906 0.787930 0.035406 0.030625
0 0.776555 0.322549 0.034609 0.033770
0 0.264531 0.603184 0.034906 0.035117
0 0.647344 0.633242 0.035656 0.036211
0 0.447156 0.564141 0.034844 0.032500
0 0.987438 0.218838 0.025125 0.038809
0 0.612984 0.532998 0.035906 0.030371
0 0.812891 0.439238 0.034625 0.033945
0 0.960398 0.093359 0.034578 0.036289
0 0.345719 0.216318 0.036406 0.034551
0 0.765906 0.135352 0.040281 0.038867
0 0.135469 0.242607 0.041500 0.036816
0 0.014820 0.461973 0.027359 0.035078
0 0.074523 0.635166 0.035078 0.033887
0 0.308383 0.754443 0.033953 0.030449
0 0.836969 0.560254 0.034156 0.033789
0 0.461102 0.710381 0.035359 0.032559
0 0.042180 0.935508 0.030891 0.034102
0 0.677273 0.737930 0.037328 0.032109
0 0.185211 0.917451 0.034109 0.032129
0 0.337328 0.880996 0.035437 0.030078
0 0.871906 0.675146 0.032219 0.033691
0 0.553359 0.216104 0.038250 0.034551