0 0.602164 0.366094 0.036953 0.033711
0 0.201148 0.434697 0.038641 0.034277
0 0.501445 0.809385 0.033953 0.034668
0 0.398430 0.407129 0.035859 0.039531
0 0.138367 0.793672 0.035422 0.030625
0 0.775852 0.317910 0.034609 0.033750
0 0.264750 0.605371 0.034906 0.035117
0 0.650570 0.630947 0.035641 0.036191
0 0.446813 0.566113 0.034844 0.032500
0 0.987047 0.208682 0.025906 0.038809
0 0.614156 0.532188 0.035906 0.030391
0 0.814562 0.433633 0.034625 0.033945
0 0.957508 0.083193 0.035141 0.036309
0 0.340641 0.211777 0.036406 0.034531
0 0.762312 0.128184 0.040281 0.038867
0 0.130070 0.239131 0.041484 0.036816
0 0.012844 0.462910 0.025688 0.035078
0 0.074852 0.638301 0.035078 0.033867
0 0.309992 0.758525 0.033953 0.030449
0 0.839984 0.553496 0.034156 0.033789
0 0.464508 0.712842 0.035359 0.032559
0 0.046211 0.942861 0.030672 0.033574
0 0.681813 0.734561 0.037312 0.032129
0 0.188156 0.924326 0.034125 0.032129
0 0.341773 0.885898 0.035422 0.030078
0 0.877875 0.667275 0.032219 0.034355
0 0.548859 0.210811 0.038250 0.034551