0 0.581906 0.341719 0.036937 0.033711
0 0.192086 0.425684 0.038641 0.033984
0 0.541039 0.805586 0.033953 0.034023
0 0.385883 0.389453 0.035859 0.038477
0 0.168891 0.831787 0.035406 0.030605
0 0.766359 0.279385 0.035969 0.031543
0 0.271938 0.620430 0.034906 0.035117
0 0.674875 0.609893 0.035656 0.036191
0 0.443898 0.579287 0.034828 0.032520
0 0.982898 0.115791 0.033609 0.036270
0 0.621617 0.523447 0.036078 0.031504
0 0.814375 0.378809 0.034625 0.033945
0 0.940563 0.008555 0.037812 0.017109
0 0.302187 0.169004 0.036406 0.034531
0 0.724641 0.065410 0.040281 0.036523
0 0.102203 0.204824 0.041000 0.036172
0 0.009086 0.458828 0.018172 0.035078
0 0.087742 0.656445 0.035078 0.033867
0 0.333336 0.791904 0.033953 0.030449
0 0.865602 0.487988 0.034172 0.033789
0 0.491711 0.737295 0.035359 0.032559
0 0.091156 0.993672 0.030031 0.012656
0 0.721258 0.695771 0.037328 0.032129
0 0.223813 0.982559 0.034125 0.031367
0 0.380453 0.924121 0.035438 0.030078
0 0.918906 0.591592 0.032344 0.033652
0 0.510062 0.161611 0.038250 0.034551
0 0.008055 0.866104 0.016109 0.029160