0 0.622008 0.389658 0.036953 0.034238
0 0.235633 0.427187 0.038641 0.034258
0 0.457461 0.805527 0.033172 0.033945
0 0.427133 0.407441 0.035859 0.037109
0 0.119703 0.736738 0.035375 0.031172
0 0.994375 0.710898 0.011250 0.033125
0 0.781898 0.361514 0.034609 0.034004
0 0.260187 0.582256 0.034906 0.035098
0 0.618000 0.652598 0.035656 0.034375
0 0.443117 0.550898 0.035016 0.032812
0 0.986008 0.302715 0.027984 0.035977
0 0.602609 0.538857 0.035906 0.031113
0 0.792922 0.488799 0.034625 0.033965
0 0.986133 0.436738 0.027734 0.036602
0 0.979852 0.176709 0.033234 0.039082
0 0.394047 0.249229 0.036750 0.034668
0 0.796078 0.197373 0.040500 0.038887
0 0.192437 0.268906 0.041750 0.036953
0 0.041195 0.449199 0.040828 0.035195
0 0.076281 0.603711 0.035187 0.034180
0 0.297453 0.717441 0.034500 0.030937
0 0.800391 0.611582 0.034437 0.034141
0 0.988297 0.573105 0.023406 0.034922
0 0.433695 0.688994 0.035359 0.032559
0 0.013484 0.870703 0.026969 0.038164
0 0.634281 0.765381 0.035500 0.032129
0 0.161430 0.856621 0.034266 0.032500
0 0.299641 0.837187 0.035531 0.030898
0 0.814805 0.729453 0.032203 0.032266
0 0.592641 0.259170 0.038375 0.034551