0 0.593320 0.356172 0.036953 0.033711
0 0.193008 0.432676 0.038641 0.034258
0 0.519477 0.810000 0.033953 0.034648
0 0.391273 0.399727 0.035859 0.039531
0 0.151820 0.816680 0.035422 0.030625
0 0.773031 0.299355 0.034594 0.033750
0 0.265609 0.614111 0.034906 0.035098
0 0.663453 0.621738 0.035656 0.036211
0 0.445469 0.573994 0.034844 0.032520
0 0.985516 0.168037 0.028969 0.038809
0 0.618797 0.528945 0.035906 0.030391
0 0.817687 0.411240 0.034625 0.033965
0 0.950586 0.042539 0.037422 0.036289
0 0.323313 0.191084 0.036406 0.034551
0 0.747961 0.099492 0.040297 0.038867
0 0.114992 0.225215 0.041484 0.036836
0 0.009734 0.465410 0.019469 0.035078
0 0.078680 0.648965 0.035078 0.033867
0 0.320008 0.774072 0.033953 0.030449
0 0.854891 0.525293 0.034156 0.033789
0 0.478133 0.722656 0.035359 0.032539
0 0.064758 0.970225 0.029453 0.032520
0 0.699977 0.721064 0.037328 0.032129
0 0.201750 0.953350 0.034125 0.032129
0 0.359563 0.905527 0.035438 0.030078
0 0.899789 0.637539 0.032203 0.034375
0 0.530828 0.189600 0.038250 0.034551