0 0.598477 0.361953 0.036953 0.033711
0 0.197758 0.433857 0.038641 0.034277
0 0.508961 0.809639 0.033953 0.034668
0 0.395445 0.404043 0.035859 0.039531
0 0.143969 0.803262 0.035406 0.030625
0 0.774680 0.310176 0.034609 0.033750
0 0.265109 0.609014 0.034906 0.035098
0 0.655937 0.627109 0.035656 0.036211
0 0.446250 0.569395 0.034844 0.032500
0 0.986414 0.191748 0.027172 0.038809
0 0.616094 0.530840 0.035906 0.030391
0 0.815859 0.424297 0.034625 0.033945
0 0.953727 0.066260 0.036109 0.036309
0 0.333422 0.203154 0.036406 0.034551
0 0.756336 0.116230 0.040297 0.038867
0 0.123781 0.233330 0.041500 0.036816
0 0.011547 0.463945 0.023094 0.035078
0 0.076445 0.642744 0.035078 0.033887
0 0.314164 0.765000 0.033953 0.030469
0 0.846195 0.541758 0.034172 0.033789
0 0.470180 0.716934 0.035359 0.032539
0 0.053977 0.955117 0.028172 0.032695
0 0.689383 0.728936 0.037328 0.032129
0 0.193828 0.936426 0.034125 0.032148
0 0.349187 0.894082 0.035438 0.030078
0 0.887008 0.654873 0.032203 0.034355
0 0.541344 0.201963 0.038250 0.034551