0 0.589883 0.351562 0.036953 0.033711
0 0.191727 0.431230 0.038641 0.034219
0 0.525586 0.809346 0.033953 0.034551
0 0.389289 0.396055 0.035859 0.039531
0 0.156531 0.822402 0.035406 0.030625
0 0.772563 0.294541 0.034594 0.032285
0 0.266781 0.616377 0.034906 0.035098
0 0.667148 0.618486 0.035641 0.036191
0 0.445023 0.575977 0.034828 0.032500
0 0.985453 0.155850 0.029094 0.038809
0 0.619922 0.527578 0.035937 0.030586
0 0.816625 0.402109 0.034625 0.033945
0 0.948516 0.030361 0.037812 0.036309
0 0.318469 0.183711 0.036406 0.034531
0 0.743602 0.088828 0.040297 0.038867
0 0.110766 0.219883 0.041406 0.036719
0 0.009195 0.464668 0.018391 0.035078
0 0.080727 0.651689 0.035078 0.033887
0 0.323617 0.779209 0.033953 0.030449
0 0.860508 0.517168 0.034172 0.033789
0 0.482289 0.726455 0.035359 0.032559
0 0.070664 0.978057 0.030047 0.031504
0 0.706039 0.714971 0.037328 0.032129
0 0.207555 0.963193 0.034109 0.032129
0 0.365516 0.911348 0.035438 0.030078
0 0.906586 0.627178 0.032203 0.034355
0 0.525469 0.182139 0.038250 0.034551