0 0.573352 0.331504 0.036953 0.033711
0 0.192477 0.419570 0.038641 0.033711
0 0.558055 0.801445 0.033953 0.033438
0 0.382211 0.382900 0.035859 0.037168
0 0.182492 0.842109 0.035422 0.030625
0 0.758773 0.261904 0.037609 0.031543
0 0.277602 0.624883 0.034891 0.035117
0 0.677969 0.597061 0.035656 0.036191
0 0.448250 0.582930 0.034844 0.032500
0 0.971023 0.072354 0.035359 0.034355
0 0.623477 0.518896 0.036234 0.032520
0 0.812594 0.353643 0.034625 0.033965
0 0.285984 0.148164 0.036406 0.034531
0 0.702656 0.040381 0.040281 0.033613
0 0.092789 0.188252 0.040547 0.035566
0 0.012805 0.452422 0.025609 0.035078
0 0.098336 0.658076 0.035078 0.033887
0 0.344023 0.805879 0.033953 0.030469
0 0.869906 0.454453 0.034156 0.033789
0 0.502070 0.742158 0.035359 0.032559
0 0.734914 0.675596 0.037328 0.032129
0 0.247141 0.993154 0.034125 0.013691
0 0.399031 0.938145 0.035438 0.030078
0 0.932055 0.551387 0.032516 0.032812
0 0.492656 0.138916 0.038250 0.034551
0 0.017617 0.873691 0.030297 0.029141