0 0.576461 0.335215 0.036953 0.033711
0 0.192336 0.421797 0.038641 0.033789
0 0.551867 0.802959 0.033953 0.033652
0 0.383547 0.385293 0.035875 0.037656
0 0.177547 0.838359 0.035406 0.030625
0 0.761531 0.268262 0.037000 0.031562
0 0.275539 0.623262 0.034891 0.035117
0 0.676844 0.601729 0.035656 0.036191
0 0.446469 0.581602 0.034844 0.032500
0 0.976125 0.088652 0.035375 0.034414
0 0.622805 0.520547 0.036172 0.032148
0 0.813250 0.362793 0.034625 0.033945
0 0.291789 0.155938 0.036391 0.034531
0 0.710648 0.049482 0.040297 0.034668
0 0.096219 0.194277 0.040719 0.035781
0 0.011312 0.454746 0.022625 0.035078
0 0.094383 0.657617 0.035078 0.033867
0 0.340141 0.800791 0.033937 0.030449
0 0.868344 0.466641 0.034156 0.033789
0 0.498305 0.740645 0.035359 0.032539
0 0.729945 0.682939 0.037328 0.032129
0 0.236531 0.990059 0.034125 0.019883
0 0.392273 0.933047 0.035422 0.030078
0 0.927273 0.566006 0.032453 0.033105
0 0.498984 0.147158 0.038250 0.034551
0 0.014250 0.869717 0.028500 0.029160