0 0.585789 0.346367 0.036953 0.033711
0 0.191906 0.428457 0.038656 0.034102
0 0.533305 0.807471 0.033953 0.034277
0 0.387555 0.392441 0.035859 0.039062
0 0.162711 0.827090 0.035422 0.030625
0 0.769805 0.287324 0.035203 0.031562
0 0.269359 0.618398 0.034906 0.035117
0 0.671008 0.614189 0.035641 0.036191
0 0.444461 0.577627 0.034828 0.032520
0 0.984961 0.136777 0.030078 0.038438
0 0.620766 0.525518 0.036000 0.031035
0 0.815188 0.390254 0.034625 0.033945
0 0.944391 0.017021 0.037813 0.034043
0 0.310688 0.176094 0.036406 0.034531
0 0.734625 0.076787 0.040281 0.037832
0 0.106484 0.212344 0.041219 0.036445
0 0.009141 0.461748 0.018281 0.035059
0 0.084227 0.654062 0.035078 0.033867
0 0.328477 0.785557 0.033953 0.030449
0 0.863641 0.503242 0.034156 0.033789
0 0.486992 0.731875 0.035359 0.032539
0 0.078195 0.986455 0.030047 0.027090
0 0.713648 0.705361 0.037328 0.032129
0 0.216508 0.974385 0.034109 0.032129
0 0.372984 0.917734 0.035438 0.030078
0 0.912937 0.609873 0.032281 0.034043
0 0.517969 0.171924 0.038250 0.034551
0 0.003633 0.863535 0.007266 0.029141