0 0.605836 0.370234 0.036953 0.033711
0 0.206539 0.433975 0.038641 0.034277
0 0.493930 0.809131 0.033953 0.034668
0 0.403227 0.407578 0.035859 0.039531
0 0.134570 0.784092 0.035422 0.030605
0 0.777031 0.325645 0.034594 0.033750
0 0.264391 0.601729 0.034906 0.035098
0 0.645203 0.634775 0.035656 0.036191
0 0.447375 0.562832 0.034844 0.032500
0 0.987688 0.225615 0.024625 0.038809
0 0.612219 0.533535 0.035906 0.030391
0 0.811469 0.442969 0.034625 0.033945
0 0.962320 0.100127 0.034203 0.036309
0 0.349359 0.219141 0.036406 0.034531
0 0.768297 0.140137 0.040281 0.038867
0 0.139617 0.244922 0.041484 0.036836
0 0.016531 0.461230 0.028500 0.035078
0 0.074523 0.632920 0.035078 0.033887
0 0.307617 0.751670 0.033953 0.030449
0 0.835195 0.564648 0.034172 0.033789
0 0.458836 0.708750 0.035359 0.032539
0 0.039719 0.930596 0.030625 0.034473
0 0.674242 0.740186 0.037328 0.032129
0 0.183391 0.912998 0.034125 0.032129
0 0.334359 0.877715 0.035438 0.030078
0 0.867758 0.680547 0.032203 0.033047
0 0.556359 0.219639 0.038250 0.034551