0 0.591852 0.354512 0.036953 0.033711
0 0.191648 0.432334 0.038641 0.034277
0 0.522492 0.810098 0.033953 0.034648
0 0.390070 0.398496 0.035859 0.039531
0 0.154062 0.820527 0.035406 0.030625
0 0.772563 0.296260 0.034594 0.033770
0 0.265750 0.615566 0.034906 0.035117
0 0.665602 0.620205 0.035641 0.036191
0 0.445250 0.575313 0.034844 0.032500
0 0.985258 0.161260 0.029484 0.038809
0 0.619578 0.528398 0.035906 0.030391
0 0.818203 0.407500 0.034625 0.033945
0 0.949695 0.035762 0.037797 0.036289
0 0.320437 0.187637 0.036406 0.034531
0 0.745562 0.094727 0.040281 0.038867
0 0.112477 0.222891 0.041484 0.036836
0 0.009219 0.465830 0.018438 0.035059
0 0.079320 0.650732 0.035078 0.033887
0 0.321680 0.776670 0.033953 0.030449
0 0.857367 0.520605 0.034172 0.033789
0 0.480398 0.724287 0.035359 0.032559
0 0.067836 0.974443 0.030047 0.032520
0 0.703000 0.718809 0.037312 0.032109
0 0.204023 0.958193 0.034109 0.032129
0 0.362531 0.908809 0.035438 0.030078
0 0.903445 0.632588 0.032203 0.034355
0 0.527828 0.186064 0.038250 0.034551