0 0.623242 0.393223 0.036953 0.035156
0 0.243148 0.423545 0.038641 0.034277
0 0.448898 0.801094 0.031797 0.032656
0 0.430430 0.408789 0.035859 0.032891
0 0.118289 0.724346 0.035297 0.032129
0 0.980867 0.719873 0.025953 0.033379
0 0.781773 0.367461 0.034609 0.034453
0 0.256219 0.574951 0.034906 0.035098
0 0.609859 0.655605 0.035656 0.031211
0 0.442969 0.548457 0.035313 0.033320
0 0.984414 0.320244 0.031172 0.033613
0 0.600031 0.538213 0.035906 0.032402
0 0.786609 0.499160 0.034625 0.033945
0 0.981000 0.454033 0.033812 0.036621
0 0.976094 0.195928 0.032875 0.037520
0 0.406359 0.251172 0.037375 0.034922
0 0.800711 0.209756 0.040859 0.037559
0 0.208680 0.268271 0.042172 0.037168
0 0.052867 0.441592 0.041203 0.035410
0 0.079547 0.593896 0.035344 0.034707
0 0.293734 0.708633 0.035469 0.031797
0 0.790859 0.618682 0.034938 0.034746
0 0.980078 0.594492 0.031875 0.034922
0 0.431430 0.684482 0.035359 0.032559
0 0.012281 0.855977 0.024563 0.038164
0 0.619961 0.768135 0.032328 0.032129
0 0.156328 0.839932 0.034531 0.033145
0 0.293367 0.826387 0.035703 0.032305
0 0.800703 0.737930 0.032219 0.028633
0 0.601117 0.264365 0.038578 0.034551
0 0.006805 0.279902 0.013609 0.036602