0 0.619836 0.385977 0.036953 0.033711
0 0.228969 0.429717 0.038656 0.034277
0 0.465367 0.808154 0.033953 0.034668
0 0.423148 0.406758 0.035859 0.039531
0 0.121859 0.747656 0.035406 0.030625
0 0.781500 0.355029 0.034594 0.033770
0 0.263031 0.587881 0.034906 0.035098
0 0.624797 0.649346 0.035656 0.036191
0 0.443906 0.553145 0.034844 0.032500
0 0.988359 0.287393 0.023281 0.038809
0 0.604859 0.538672 0.035906 0.030391
0 0.797937 0.478418 0.034625 0.033945
0 0.990523 0.423047 0.018953 0.036602
0 0.979961 0.158857 0.033453 0.040020
0 0.383937 0.245928 0.036406 0.034551
0 0.791031 0.185547 0.040281 0.038867
0 0.179016 0.266953 0.041500 0.036836
0 0.032813 0.454287 0.039469 0.035059
0 0.074430 0.611572 0.035078 0.033887
0 0.300352 0.725244 0.033953 0.030449
0 0.809141 0.603594 0.034156 0.033789
0 0.992805 0.555625 0.014391 0.034922
0 0.437273 0.693213 0.035359 0.032559
0 0.016297 0.884004 0.027938 0.037813
0 0.645492 0.761553 0.037328 0.032129
0 0.166156 0.870615 0.034125 0.032129
0 0.306188 0.846641 0.035438 0.030078
0 0.827203 0.721025 0.032219 0.033848
0 0.584906 0.253213 0.038250 0.034551