0 0.579570 0.338926 0.036953 0.033711
0 0.192195 0.424014 0.038641 0.033887
0 0.545680 0.804453 0.033953 0.033867
0 0.384883 0.387676 0.035859 0.038125
0 0.172602 0.834600 0.035422 0.030605
0 0.764297 0.274619 0.036406 0.031543
0 0.273484 0.621641 0.034906 0.035117
0 0.675719 0.606396 0.035656 0.036191
0 0.444680 0.580273 0.034828 0.032500
0 0.981234 0.104307 0.034000 0.034473
0 0.622125 0.522197 0.036125 0.031777
0 0.813891 0.371953 0.034625 0.033945
0 0.297594 0.163711 0.036406 0.034531
0 0.718641 0.058584 0.040281 0.035723
0 0.099641 0.200293 0.040875 0.036016
0 0.009820 0.457080 0.019641 0.035059
0 0.090414 0.657148 0.035078 0.033867
0 0.336258 0.795713 0.033953 0.030449
0 0.866773 0.478848 0.034172 0.033789
0 0.494539 0.739131 0.035359 0.032559
0 0.724977 0.690264 0.037328 0.032129
0 0.229469 0.986084 0.034125 0.027832
0 0.385516 0.927939 0.035438 0.030098
0 0.922492 0.580625 0.032391 0.033437
0 0.505312 0.155420 0.038250 0.034551
0 0.010711 0.867656 0.021422 0.029141