0 0.584242 0.344512 0.036953 0.033711
0 0.191977 0.427344 0.038641 0.034062
0 0.536398 0.806719 0.033953 0.034180
0 0.386891 0.391250 0.035875 0.038828
0 0.165187 0.828965 0.035406 0.030625
0 0.768430 0.284150 0.035516 0.031543
0 0.270391 0.619209 0.034906 0.035098
0 0.672555 0.612471 0.035641 0.036191
0 0.444234 0.578291 0.034844 0.032520
0 0.984672 0.128594 0.030656 0.038281
0 0.621109 0.524678 0.036031 0.031230
0 0.814875 0.385684 0.034625 0.033945
0 0.942625 0.014072 0.037813 0.028145
0 0.307289 0.173262 0.036391 0.034531
0 0.730633 0.072236 0.040297 0.037285
0 0.104781 0.209336 0.041125 0.036328
0 0.009117 0.460586 0.018234 0.035078
0 0.085633 0.655020 0.035078 0.033867
0 0.330422 0.788096 0.033937 0.030449
0 0.864422 0.497148 0.034156 0.033789
0 0.488883 0.734043 0.035359 0.032539
0 0.081969 0.988809 0.030031 0.022383
0 0.716695 0.701523 0.037328 0.032109
0 0.220281 0.976748 0.034125 0.032129
0 0.375969 0.920293 0.035438 0.030078
0 0.915320 0.602549 0.032297 0.033887
0 0.514797 0.167803 0.038250 0.034551
0 0.005406 0.864561 0.010812 0.029160