0 0.615414 0.381016 0.036953 0.033711
0 0.221883 0.431064 0.038641 0.034277
0 0.474383 0.808467 0.033953 0.034668
0 0.416859 0.407031 0.035875 0.039531
0 0.125867 0.759160 0.035422 0.030625
0 0.780086 0.345752 0.034609 0.033770
0 0.263453 0.592256 0.034906 0.035098
0 0.631242 0.644746 0.035641 0.036211
0 0.446031 0.555693 0.034844 0.032520
0 0.989586 0.269082 0.020828 0.038789
0 0.607172 0.537051 0.035906 0.030391
0 0.802219 0.467227 0.034625 0.033945
0 0.995641 0.407676 0.008719 0.036602
0 0.974219 0.140791 0.033438 0.038535
0 0.373016 0.237461 0.036406 0.034531
0 0.783852 0.171211 0.040297 0.038867
0 0.166570 0.260000 0.041484 0.036836
0 0.027672 0.456484 0.036000 0.035078
0 0.074461 0.618311 0.035078 0.033887
0 0.302648 0.733584 0.033953 0.030449
0 0.819063 0.591816 0.034156 0.033789
0 0.444086 0.698115 0.035359 0.032559
0 0.023688 0.898721 0.028781 0.036738
0 0.654570 0.754805 0.037328 0.032109
0 0.171602 0.883994 0.034109 0.032129
0 0.315078 0.856445 0.035438 0.030078
0 0.840219 0.710234 0.032219 0.032305
0 0.575891 0.242607 0.038250 0.034551