0 0.596273 0.359473 0.036953 0.033711
0 0.195719 0.433350 0.038656 0.034277
0 0.513461 0.809795 0.033953 0.034668
0 0.393648 0.402207 0.035859 0.039531
0 0.147336 0.809023 0.035422 0.030625
0 0.773977 0.305537 0.034609 0.033770
0 0.265320 0.611201 0.034891 0.035098
0 0.659156 0.624814 0.035656 0.036191
0 0.445922 0.571367 0.034844 0.032500
0 0.986023 0.181572 0.027953 0.038809
0 0.617250 0.530020 0.035906 0.030391
0 0.816641 0.418701 0.034625 0.033965
0 0.952383 0.056084 0.036672 0.036309
0 0.329094 0.197988 0.036406 0.034531
0 0.752750 0.109063 0.040281 0.038867
0 0.120016 0.229854 0.041500 0.036816
0 0.010773 0.464580 0.021547 0.035059
0 0.077414 0.645410 0.035078 0.033867
0 0.316664 0.768887 0.033953 0.030469
0 0.849922 0.534707 0.034156 0.033789
0 0.473586 0.719385 0.035359 0.032559
0 0.058609 0.961787 0.028250 0.032520
0 0.693914 0.725557 0.037328 0.032129
0 0.197219 0.943682 0.034125 0.032129
0 0.353641 0.898984 0.035437 0.030078
0 0.892484 0.647451 0.032219 0.034355
0 0.536844 0.196670 0.038250 0.034551