0 0.571023 0.328711 0.036953 0.033711
0 0.192586 0.417910 0.038641 0.033633
0 0.562688 0.800322 0.033938 0.033301
0 0.381211 0.381113 0.035859 0.036836
0 0.186195 0.844922 0.035422 0.030625
0 0.756711 0.257139 0.038047 0.031543
0 0.279148 0.626094 0.034891 0.035117
0 0.678820 0.593564 0.035641 0.036191
0 0.449594 0.583926 0.034844 0.032500
0 0.967195 0.060137 0.035359 0.034336
0 0.623984 0.517646 0.036281 0.032793
0 0.812109 0.346777 0.034625 0.033945
0 0.284734 0.143115 0.036406 0.034551
0 0.696664 0.033564 0.040297 0.032832
0 0.090227 0.183730 0.040422 0.035391
0 0.013922 0.450664 0.027844 0.035078
0 0.101305 0.658428 0.035078 0.033887
0 0.346945 0.809688 0.033953 0.030469
0 0.871078 0.445293 0.034156 0.033789
0 0.504898 0.743291 0.035359 0.032559
0 0.738633 0.670107 0.037328 0.032129
0 0.249258 0.993154 0.034109 0.013691
0 0.404094 0.941973 0.035437 0.030078
0 0.935641 0.540430 0.032563 0.032578
0 0.487914 0.132725 0.038234 0.034551
0 0.020148 0.876670 0.031641 0.029160