0 0.565273 0.323965 0.036953 0.033711
0 0.192805 0.414580 0.038641 0.033496
0 0.571961 0.798066 0.033953 0.032969
0 0.379195 0.377539 0.035859 0.036133
0 0.194914 0.850566 0.035422 0.030625
0 0.752016 0.248027 0.037844 0.031562
0 0.282242 0.628525 0.034891 0.035098
0 0.681555 0.585586 0.035641 0.036211
0 0.452273 0.585908 0.034828 0.032520
0 0.958063 0.038154 0.035375 0.034238
0 0.625008 0.515156 0.036359 0.033359
0 0.810687 0.333047 0.034625 0.033945
0 0.280781 0.133359 0.036406 0.034531
0 0.684672 0.019912 0.040281 0.031270
0 0.086172 0.174004 0.040188 0.035078
0 0.017141 0.447168 0.031219 0.035078
0 0.107961 0.659023 0.035078 0.033867
0 0.352773 0.817314 0.033953 0.030449
0 0.872883 0.427324 0.034172 0.033789
0 0.510555 0.745566 0.035359 0.032539
0 0.746086 0.659111 0.037328 0.032129
0 0.414625 0.949277 0.035437 0.030078
0 0.941336 0.518164 0.032641 0.032109
0 0.478422 0.120342 0.038250 0.034551
0 0.033430 0.878369 0.032078 0.029160