0 0.623961 0.395244 0.036953 0.035684
0 0.247453 0.421465 0.038656 0.034258
0 0.444008 0.798564 0.031016 0.031934
0 0.432320 0.409551 0.035859 0.030469
0 0.117469 0.717256 0.035250 0.032676
0 0.966414 0.728271 0.030266 0.033848
0 0.781711 0.370859 0.034609 0.034727
0 0.255023 0.570781 0.034891 0.035117
0 0.605203 0.657324 0.035656 0.029375
0 0.442883 0.547051 0.035484 0.033594
0 0.984414 0.329893 0.031172 0.035996
0 0.598562 0.537852 0.035906 0.033125
0 0.783000 0.503281 0.034625 0.033945
0 0.976578 0.465430 0.034313 0.036602
0 0.973602 0.204805 0.032641 0.037930
0 0.414828 0.253857 0.037719 0.035059
0 0.803359 0.216914 0.041094 0.034883
0 0.217961 0.267910 0.042422 0.037266
0 0.059539 0.437246 0.041391 0.035547
0 0.081414 0.588271 0.035453 0.035020
0 0.291602 0.703594 0.036016 0.032266
0 0.785422 0.622744 0.035219 0.035098
0 0.971977 0.605840 0.032109 0.034922
0 0.430133 0.681904 0.035359 0.032559
0 0.010750 0.847578 0.021500 0.038164
0 0.611781 0.769707 0.030531 0.032109
0 0.153406 0.830400 0.034688 0.033496
0 0.289789 0.820215 0.035797 0.033086
0 0.792648 0.742764 0.032203 0.026543
0 0.606211 0.268740 0.038703 0.034551
0 0.011781 0.276572 0.023563 0.036621