0 0.622539 0.391182 0.036953 0.034629
0 0.238852 0.425625 0.038641 0.034258
0 0.453797 0.803623 0.032594 0.033379
0 0.428555 0.408018 0.035859 0.035293
0 0.119094 0.731436 0.035344 0.031582
0 0.990664 0.713555 0.018672 0.033125
0 0.781852 0.364072 0.034609 0.034199
0 0.258156 0.579121 0.034906 0.035117
0 0.614508 0.653896 0.035641 0.033027
0 0.443055 0.549854 0.035141 0.033027
0 0.985055 0.310342 0.029891 0.033848
0 0.601500 0.538584 0.035906 0.031660
0 0.790219 0.493789 0.034625 0.033945
0 0.984383 0.443691 0.031234 0.036602
0 0.978344 0.185576 0.033063 0.038027
0 0.398898 0.249590 0.037016 0.034766
0 0.798063 0.202656 0.040656 0.038867
0 0.199398 0.268633 0.041922 0.037031
0 0.046195 0.445947 0.040984 0.035293
0 0.077672 0.599502 0.035250 0.034395
0 0.295859 0.713662 0.034906 0.031309
0 0.796312 0.614619 0.034656 0.034395
0 0.985789 0.582520 0.028422 0.034922
0 0.432727 0.687061 0.035359 0.032559
0 0.013219 0.864395 0.026438 0.038164
0 0.628141 0.766553 0.034156 0.032129
0 0.159242 0.849473 0.034391 0.032773
0 0.296945 0.832559 0.035609 0.031484
0 0.808758 0.733086 0.032203 0.030703
0 0.596195 0.260967 0.038453 0.034551