0 0.570242 0.327773 0.036953 0.033711
0 0.192617 0.417354 0.038641 0.033613
0 0.564227 0.799941 0.033953 0.033242
0 0.380867 0.380508 0.035859 0.036719
0 0.187430 0.845859 0.035422 0.030625
0 0.756023 0.255547 0.038203 0.031562
0 0.279664 0.626504 0.034891 0.035117
0 0.679102 0.592393 0.035641 0.036191
0 0.450047 0.584258 0.034844 0.032500
0 0.965922 0.056064 0.035375 0.034316
0 0.624156 0.517227 0.036281 0.032891
0 0.811953 0.344492 0.034625 0.033945
0 0.284313 0.141426 0.036406 0.034531
0 0.694664 0.031289 0.040297 0.032578
0 0.089367 0.182227 0.040391 0.035352
0 0.014289 0.450078 0.028578 0.035078
0 0.102289 0.658545 0.035078 0.033887
0 0.347914 0.810957 0.033953 0.030469
0 0.871469 0.442246 0.034156 0.033789
0 0.505852 0.743672 0.035359 0.032539
0 0.739875 0.668271 0.037312 0.032129
0 0.405789 0.943242 0.035422 0.030078
0 0.936836 0.536768 0.032578 0.032480
0 0.486328 0.130654 0.038250 0.034551
0 0.020992 0.877666 0.032078 0.029160