0 0.622898 0.392207 0.036953 0.034883
0 0.241008 0.424590 0.038641 0.034258
0 0.451352 0.802354 0.032203 0.033027
0 0.429492 0.408398 0.035859 0.034102
0 0.118688 0.727881 0.035313 0.031855
0 0.988102 0.715674 0.023797 0.033105
0 0.781805 0.365762 0.034609 0.034336
0 0.256812 0.577041 0.034906 0.035098
0 0.612180 0.654746 0.035641 0.032109
0 0.443008 0.549150 0.035234 0.033184
0 0.984414 0.315430 0.031172 0.032422
0 0.600766 0.538398 0.035906 0.032031
0 0.788406 0.497109 0.034625 0.033945
0 0.983211 0.448340 0.033578 0.036602
0 0.977344 0.191504 0.032969 0.037305
0 0.402125 0.249824 0.037187 0.034844
0 0.799383 0.206182 0.040766 0.038887
0 0.204039 0.268447 0.042047 0.037090
0 0.049531 0.443770 0.041094 0.035352
0 0.078609 0.596689 0.035313 0.034551
0 0.294797 0.711143 0.035188 0.031543
0 0.793586 0.616660 0.034797 0.034570
0 0.984125 0.588809 0.031750 0.034922
0 0.432086 0.685771 0.035359 0.032559
0 0.013047 0.860186 0.026094 0.038145
0 0.624055 0.767354 0.033234 0.032129
0 0.157789 0.844697 0.034453 0.032949
0 0.295156 0.829473 0.035656 0.031875
0 0.804734 0.735508 0.032219 0.029687
0 0.598563 0.262178 0.038531 0.034551
0 0.003367 0.282363 0.006734 0.036602