0 0.599945 0.363613 0.036953 0.033711
0 0.199109 0.434199 0.038656 0.034258
0 0.505945 0.809541 0.033953 0.034668
0 0.396633 0.405283 0.035859 0.039512
0 0.141727 0.799434 0.035422 0.030625
0 0.775148 0.313271 0.034609 0.033770
0 0.264961 0.607559 0.034891 0.035117
0 0.653789 0.628643 0.035641 0.036191
0 0.446484 0.568086 0.034844 0.032500
0 0.986664 0.198525 0.026672 0.038809
0 0.615313 0.531377 0.035906 0.030371
0 0.815344 0.428037 0.034625 0.033965
0 0.954625 0.073027 0.035719 0.036289
0 0.336305 0.206602 0.036391 0.034531
0 0.758727 0.121016 0.040297 0.038867
0 0.126297 0.235645 0.041500 0.036836
0 0.012063 0.463535 0.024125 0.035078
0 0.075820 0.640967 0.035078 0.033887
0 0.312492 0.762412 0.033953 0.030449
0 0.843719 0.546445 0.034156 0.033789
0 0.467914 0.715303 0.035359 0.032559
0 0.050867 0.950215 0.029172 0.033047
0 0.686352 0.731182 0.037328 0.032129
0 0.191555 0.931592 0.034109 0.032129
0 0.346219 0.890801 0.035437 0.030078
0 0.883359 0.659834 0.032219 0.034355
0 0.544344 0.205498 0.038250 0.034551