0 0.606578 0.371074 0.036937 0.033711
0 0.207727 0.433750 0.038641 0.034258
0 0.492430 0.809082 0.033953 0.034648
0 0.404273 0.407539 0.035859 0.039531
0 0.133898 0.782168 0.035422 0.030625
0 0.777266 0.327187 0.034594 0.033750
0 0.264313 0.600996 0.034906 0.035117
0 0.644125 0.635547 0.035656 0.036211
0 0.447484 0.562168 0.034844 0.032500
0 0.987820 0.229014 0.024359 0.038809
0 0.611828 0.533809 0.035906 0.030391
0 0.810750 0.444824 0.034625 0.033945
0 0.963281 0.103525 0.034000 0.036309
0 0.351172 0.220547 0.036406 0.034531
0 0.769500 0.142520 0.040281 0.038867
0 0.141688 0.246094 0.041500 0.036836
0 0.017391 0.460869 0.029094 0.035059
0 0.074508 0.631797 0.035078 0.033867
0 0.307242 0.750273 0.033953 0.030469
0 0.834305 0.566855 0.034172 0.033789
0 0.457695 0.707939 0.035359 0.032559
0 0.038484 0.928145 0.030469 0.034648
0 0.672727 0.741299 0.037328 0.032129
0 0.182484 0.910762 0.034125 0.032148
0 0.332875 0.876074 0.035438 0.030078
0 0.865680 0.683252 0.032203 0.032715
0 0.557867 0.221406 0.038234 0.034570