0 0.557383 0.320918 0.036953 0.033711
0 0.193016 0.411260 0.038656 0.033340
0 0.581242 0.795801 0.033953 0.032656
0 0.377195 0.373965 0.035859 0.035430
0 0.206242 0.856191 0.035422 0.030625
0 0.746227 0.239746 0.035422 0.031563
0 0.285328 0.630957 0.034906 0.035117
0 0.686375 0.575654 0.035656 0.036191
0 0.454953 0.587900 0.034844 0.032520
0 0.948641 0.017158 0.035375 0.033145
0 0.626023 0.512686 0.036453 0.033926
0 0.808375 0.319316 0.034625 0.033945
0 0.273953 0.124326 0.036406 0.034551
0 0.672219 0.012305 0.040281 0.024609
0 0.084297 0.162939 0.039938 0.034746
0 0.022312 0.443672 0.032406 0.035078
0 0.116086 0.659434 0.035078 0.033867
0 0.358602 0.824932 0.033953 0.030449
0 0.873617 0.410039 0.034172 0.033789
0 0.516211 0.747842 0.035359 0.032559
0 0.753523 0.648115 0.037328 0.032129
0 0.425914 0.955918 0.035422 0.030078
0 0.944070 0.495215 0.032734 0.031641
0 0.468938 0.107959 0.038250 0.034551
0 0.049539 0.883145 0.032078 0.029141