0 0.585023 0.345449 0.036953 0.033711
0 0.191945 0.427900 0.038641 0.034082
0 0.534852 0.807100 0.033953 0.034238
0 0.387227 0.391836 0.035859 0.038945
0 0.163945 0.828027 0.035422 0.030625
0 0.769117 0.285742 0.035359 0.031562
0 0.269875 0.618809 0.034906 0.035117
0 0.671781 0.613330 0.035656 0.036191
0 0.444344 0.577959 0.034844 0.032520
0 0.984820 0.132686 0.030359 0.038379
0 0.620937 0.525098 0.036031 0.031133
0 0.815031 0.387969 0.034625 0.033945
0 0.943508 0.015547 0.037797 0.031094
0 0.308984 0.174668 0.036406 0.034531
0 0.732633 0.074502 0.040297 0.037559
0 0.105633 0.210850 0.041172 0.036387
0 0.009133 0.461162 0.018266 0.035059
0 0.084930 0.654541 0.035078 0.033887
0 0.329445 0.786826 0.033953 0.030449
0 0.864031 0.500195 0.034156 0.033789
0 0.487945 0.732959 0.035359 0.032559
0 0.080086 0.987627 0.030047 0.024746
0 0.715172 0.703447 0.037312 0.032129
0 0.218391 0.975566 0.034125 0.032148
0 0.374477 0.919004 0.035422 0.030078
0 0.914125 0.606211 0.032281 0.033984
0 0.516391 0.169854 0.038250 0.034551
0 0.004516 0.864053 0.009031 0.029160