0 0.624305 0.396260 0.036953 0.035957
0 0.249602 0.420420 0.038641 0.034277
0 0.441563 0.797295 0.030625 0.031582
0 0.433258 0.409932 0.035859 0.029277
0 0.117070 0.713721 0.035234 0.032949
0 0.959187 0.732471 0.032437 0.034121
0 0.781664 0.372559 0.034609 0.034844
0 0.254430 0.568691 0.034891 0.035117
0 0.602875 0.658184 0.035656 0.028477
0 0.442836 0.546348 0.035578 0.033750
0 0.984414 0.334727 0.031172 0.037187
0 0.597820 0.537666 0.035922 0.033496
0 0.781203 0.505332 0.034625 0.033945
0 0.974367 0.471133 0.034547 0.036602
0 0.972359 0.209248 0.032531 0.038145
0 0.419055 0.255195 0.037891 0.035117
0 0.804688 0.220488 0.041187 0.033555
0 0.222602 0.267725 0.042547 0.037324
0 0.062875 0.435068 0.041500 0.035605
0 0.082344 0.585469 0.035500 0.035156
0 0.290539 0.701084 0.036297 0.032520
0 0.782695 0.624775 0.035359 0.035254
0 0.967922 0.611504 0.032219 0.034922
0 0.429492 0.680615 0.035359 0.032559
0 0.009984 0.843369 0.019969 0.038145
0 0.607695 0.770498 0.029609 0.032129
0 0.151953 0.825625 0.034750 0.033672
0 0.287984 0.817139 0.035844 0.033496
0 0.788617 0.745186 0.032203 0.025527
0 0.608758 0.270937 0.038766 0.034531
0 0.013953 0.275176 0.027906 0.036602