0 0.623602 0.394229 0.036953 0.035410
0 0.245305 0.422500 0.038641 0.034258
0 0.446453 0.799824 0.031406 0.032305
0 0.431383 0.409170 0.035859 0.031699
0 0.117875 0.720811 0.035281 0.032402
0 0.973648 0.724072 0.028109 0.033613
0 0.781742 0.369170 0.034609 0.034590
0 0.255617 0.572861 0.034891 0.035098
0 0.607531 0.656475 0.035656 0.030293
0 0.442922 0.547754 0.035406 0.033477
0 0.984414 0.325078 0.031172 0.034805
0 0.599297 0.538037 0.035906 0.032754
0 0.784812 0.501221 0.034625 0.033965
0 0.978789 0.459727 0.034047 0.036602
0 0.974844 0.200371 0.032750 0.037734
0 0.410586 0.252510 0.037547 0.034980
0 0.802039 0.213330 0.040984 0.036230
0 0.213320 0.268086 0.042297 0.037227
0 0.056203 0.439424 0.041281 0.035488
0 0.080477 0.591084 0.035391 0.034863
0 0.292664 0.706113 0.035734 0.032031
0 0.788141 0.620723 0.035094 0.034922
0 0.976023 0.600156 0.031984 0.034922
0 0.430789 0.683193 0.035359 0.032559
0 0.011516 0.851777 0.023031 0.038164
0 0.615875 0.768916 0.031438 0.032129
0 0.154867 0.835166 0.034609 0.033301
0 0.291578 0.823301 0.035750 0.032695
0 0.796672 0.740342 0.032219 0.027598
0 0.603664 0.266553 0.038641 0.034551
0 0.009609 0.277979 0.019219 0.036621