0 0.562641 0.322949 0.036938 0.033711
0 0.192875 0.413477 0.038656 0.033438
0 0.575055 0.797314 0.033953 0.032871
0 0.378531 0.376348 0.035875 0.035898
0 0.198695 0.852441 0.035422 0.030625
0 0.750086 0.245273 0.037047 0.031562
0 0.283273 0.629336 0.034891 0.035117
0 0.683156 0.582275 0.035656 0.036191
0 0.453172 0.586572 0.034844 0.032520
0 0.954781 0.031240 0.035375 0.034199
0 0.625352 0.514336 0.036391 0.033555
0 0.809922 0.328467 0.034625 0.033965
0 0.278500 0.130352 0.036406 0.034531
0 0.680672 0.015361 0.040281 0.030723
0 0.085547 0.170313 0.040094 0.034961
0 0.018859 0.446006 0.031625 0.035059
0 0.110664 0.659160 0.035078 0.033867
0 0.354719 0.819854 0.033937 0.030449
0 0.873125 0.421563 0.034156 0.033789
0 0.512445 0.746318 0.035359 0.032559
0 0.748563 0.655439 0.037312 0.032129
0 0.418391 0.951504 0.035438 0.030078
0 0.942250 0.510508 0.032687 0.031953
0 0.475266 0.116221 0.038250 0.034551
0 0.038805 0.879971 0.032078 0.029160