0 0.586570 0.347305 0.036953 0.033711
0 0.191867 0.429014 0.038641 0.034121
0 0.531758 0.807842 0.033953 0.034355
0 0.387898 0.393027 0.035859 0.039180
0 0.161477 0.826152 0.035422 0.030625
0 0.770492 0.288926 0.035047 0.031562
0 0.268844 0.617998 0.034906 0.035098
0 0.670234 0.615049 0.035656 0.036191
0 0.444578 0.577295 0.034844 0.032520
0 0.985109 0.140869 0.029781 0.038535
0 0.620594 0.525918 0.036000 0.030937
0 0.815359 0.392539 0.034625 0.033945
0 0.945273 0.018486 0.037797 0.036973
0 0.312391 0.177500 0.036406 0.034531
0 0.736625 0.079062 0.040281 0.038086
0 0.107344 0.213857 0.041250 0.036504
0 0.009156 0.462324 0.018313 0.035078
0 0.083539 0.653594 0.035078 0.033867
0 0.327508 0.784287 0.033953 0.030449
0 0.863250 0.506289 0.034156 0.033789
0 0.486055 0.730791 0.035359 0.032559
0 0.076320 0.985273 0.030047 0.029453
0 0.712133 0.707285 0.037328 0.032109
0 0.214625 0.973213 0.034125 0.032129
0 0.371492 0.916465 0.035422 0.030078
0 0.911742 0.613525 0.032266 0.034121
0 0.519547 0.173994 0.038250 0.034551