0 0.566586 0.324482 0.036953 0.033730
0 0.192766 0.415137 0.038656 0.033516
0 0.570414 0.798447 0.033953 0.033027
0 0.379539 0.378125 0.035859 0.036250
0 0.193031 0.849619 0.035406 0.030605
0 0.752984 0.249404 0.038250 0.031543
0 0.281727 0.628125 0.034891 0.035117
0 0.680750 0.587236 0.035656 0.036191
0 0.451828 0.585576 0.034844 0.032520
0 0.959703 0.041611 0.035375 0.034238
0 0.624836 0.515576 0.036359 0.033262
0 0.811078 0.335332 0.034625 0.033945
0 0.281906 0.134863 0.036406 0.034531
0 0.686672 0.022187 0.040281 0.031523
0 0.086484 0.175859 0.040219 0.035117
0 0.016273 0.447754 0.031016 0.035078
0 0.106617 0.658955 0.035078 0.033887
0 0.351805 0.816035 0.033953 0.030469
0 0.872766 0.430215 0.034156 0.033789
0 0.509617 0.745186 0.035359 0.032559
0 0.744836 0.660947 0.037328 0.032129
0 0.412734 0.948184 0.035438 0.030078
0 0.940883 0.521982 0.032641 0.032168
0 0.480000 0.122412 0.038250 0.034551
0 0.030742 0.877578 0.032078 0.029141