0 0.572570 0.330566 0.036953 0.033711
0 0.192516 0.419023 0.038656 0.033672
0 0.559602 0.801074 0.033953 0.033398
0 0.381875 0.382305 0.035875 0.037070
0 0.183727 0.843047 0.035422 0.030625
0 0.758094 0.260313 0.037750 0.031563
0 0.278117 0.625283 0.034891 0.035098
0 0.678250 0.595889 0.035656 0.036191
0 0.448703 0.583262 0.034844 0.032500
0 0.969750 0.068291 0.035375 0.034355
0 0.623648 0.518477 0.036234 0.032617
0 0.812438 0.351348 0.034625 0.033945
0 0.285562 0.146484 0.036406 0.034531
0 0.700656 0.038105 0.040281 0.033359
0 0.091938 0.186738 0.040500 0.035508
0 0.013172 0.451836 0.026344 0.035078
0 0.099320 0.658193 0.035078 0.033887
0 0.345000 0.807148 0.033937 0.030469
0 0.870297 0.451387 0.034156 0.033789
0 0.503023 0.742539 0.035359 0.032539
0 0.736148 0.673770 0.037328 0.032109
0 0.247844 0.993154 0.034125 0.013691
0 0.400719 0.939414 0.035438 0.030078
0 0.933250 0.547734 0.032531 0.032734
0 0.491078 0.136846 0.038250 0.034551
0 0.018461 0.874688 0.030734 0.029141