0 0.560008 0.321934 0.036953 0.033711
0 0.192945 0.412363 0.038641 0.033398
0 0.578148 0.796553 0.033953 0.032754
0 0.377867 0.375156 0.035859 0.035664
0 0.202469 0.854316 0.035406 0.030625
0 0.748156 0.242510 0.036219 0.031543
0 0.284305 0.630146 0.034891 0.035098
0 0.684766 0.578965 0.035656 0.036211
0 0.454063 0.587236 0.034844 0.032520
0 0.951484 0.024316 0.035375 0.034180
0 0.625680 0.513506 0.036422 0.033730
0 0.809141 0.323887 0.034625 0.033945
0 0.276234 0.127344 0.036406 0.034531
0 0.676445 0.013838 0.040297 0.027676
0 0.084914 0.166631 0.040016 0.034863
0 0.020586 0.444834 0.032016 0.035059
0 0.113383 0.659297 0.035078 0.033867
0 0.356664 0.822393 0.033953 0.030449
0 0.873375 0.415801 0.034156 0.033789
0 0.514336 0.747080 0.035359 0.032559
0 0.751047 0.651777 0.037312 0.032109
0 0.422148 0.953711 0.035422 0.030078
0 0.943156 0.502871 0.032719 0.031797
0 0.472094 0.112100 0.038250 0.034551
0 0.044172 0.881553 0.032094 0.029160