0 0.600688 0.364453 0.036937 0.033711
0 0.199789 0.434365 0.038641 0.034277
0 0.504445 0.809482 0.033953 0.034668
0 0.397234 0.405898 0.035875 0.039531
0 0.140602 0.797510 0.035422 0.030605
0 0.775383 0.314814 0.034609 0.033770
0 0.264891 0.606826 0.034906 0.035098
0 0.652719 0.629404 0.035656 0.036191
0 0.446594 0.567422 0.034844 0.032500
0 0.986797 0.201904 0.026406 0.038809
0 0.614922 0.531650 0.035906 0.030371
0 0.815094 0.429902 0.034625 0.033945
0 0.955594 0.076416 0.035531 0.036309
0 0.337750 0.208320 0.036406 0.034531
0 0.759922 0.123398 0.040281 0.038867
0 0.127555 0.236816 0.041484 0.036836
0 0.012328 0.463320 0.024656 0.035078
0 0.075492 0.640078 0.035078 0.033867
0 0.311656 0.761113 0.033937 0.030469
0 0.842469 0.548789 0.034156 0.033789
0 0.466773 0.714482 0.035359 0.032559
0 0.049312 0.947764 0.029656 0.033223
0 0.684836 0.732305 0.037328 0.032109
0 0.190422 0.929170 0.034125 0.032129
0 0.344734 0.889180 0.035438 0.030078
0 0.881531 0.662314 0.032219 0.034355
0 0.545852 0.207275 0.038234 0.034551