0 0.616883 0.382676 0.036953 0.033711
0 0.224242 0.430615 0.038641 0.034277
0 0.471383 0.808359 0.033953 0.034648
0 0.418961 0.406934 0.035859 0.039531
0 0.124531 0.755332 0.035406 0.030625
0 0.780555 0.348848 0.034609 0.033750
0 0.263312 0.590801 0.034906 0.035117
0 0.629094 0.646279 0.035656 0.036191
0 0.445328 0.554844 0.034844 0.032500
0 0.989844 0.276143 0.020313 0.038809
0 0.606406 0.537598 0.035906 0.030391
0 0.800797 0.470957 0.034625 0.033945
0 0.994289 0.413496 0.011422 0.036602
0 0.976133 0.146807 0.033453 0.039043
0 0.376656 0.240293 0.036406 0.034531
0 0.786250 0.175996 0.040281 0.038867
0 0.170719 0.262324 0.041500 0.036836
0 0.029383 0.455752 0.037172 0.035059
0 0.074445 0.616064 0.035078 0.033887
0 0.301883 0.730811 0.033953 0.030449
0 0.815750 0.595742 0.034156 0.033789
0 0.996781 0.545195 0.006438 0.034922
0 0.441805 0.696475 0.035359 0.032559
0 0.021219 0.893818 0.028500 0.037090
0 0.651539 0.757061 0.037328 0.032129
0 0.169789 0.879541 0.034109 0.032129
0 0.312117 0.853184 0.035422 0.030078
0 0.835883 0.713838 0.032203 0.032832
0 0.578891 0.246143 0.038250 0.034551