0 0.588914 0.350098 0.036953 0.033711
0 0.191758 0.430674 0.038641 0.034199
0 0.527133 0.808975 0.033953 0.034512
0 0.388898 0.394824 0.035859 0.039531
0 0.157773 0.823340 0.035422 0.030625
0 0.772563 0.293691 0.034594 0.031562
0 0.267297 0.616787 0.034906 0.035098
0 0.667922 0.617627 0.035656 0.036191
0 0.444906 0.576309 0.034844 0.032500
0 0.985555 0.153154 0.028891 0.038809
0 0.620086 0.527168 0.035953 0.030664
0 0.815844 0.399414 0.034625 0.033945
0 0.947930 0.027666 0.037797 0.036309
0 0.317484 0.181748 0.036406 0.034551
0 0.742625 0.085879 0.040281 0.038867
0 0.109906 0.218369 0.041375 0.036660
0 0.009187 0.464082 0.018375 0.035078
0 0.081430 0.652168 0.035078 0.033867
0 0.324586 0.780479 0.033953 0.030449
0 0.862078 0.515449 0.034156 0.033789
0 0.483227 0.727549 0.035359 0.032559
0 0.072070 0.979863 0.030047 0.030977
0 0.707570 0.713047 0.037328 0.032109
0 0.209328 0.965703 0.034125 0.032148
0 0.367016 0.912637 0.035437 0.030078
0 0.908156 0.624482 0.032219 0.034355
0 0.524297 0.180166 0.038250 0.034551