0 0.609523 0.374375 0.036953 0.033711
0 0.212445 0.432852 0.038641 0.034258
0 0.486414 0.808877 0.033953 0.034668
0 0.408461 0.407363 0.035859 0.039531
0 0.131227 0.774502 0.035422 0.030605
0 0.778211 0.333379 0.034609 0.033750
0 0.264031 0.598086 0.034906 0.035117
0 0.639828 0.638613 0.035656 0.036211
0 0.447937 0.559551 0.034844 0.032500
0 0.988203 0.242646 0.023594 0.038809
0 0.610281 0.534893 0.035906 0.030371
0 0.807906 0.452295 0.034625 0.033965
0 0.966844 0.116699 0.033437 0.036562
0 0.358453 0.226191 0.036406 0.034531
0 0.774281 0.152090 0.040281 0.038867
0 0.149984 0.250723 0.041500 0.036836
0 0.020813 0.459414 0.031406 0.035078
0 0.074492 0.627305 0.035078 0.033867
0 0.305711 0.744717 0.033953 0.030449
0 0.830750 0.575645 0.034156 0.033789
0 0.453164 0.704658 0.035359 0.032559
0 0.033555 0.918340 0.029922 0.035352
0 0.666680 0.745811 0.037328 0.032129
0 0.178859 0.901846 0.034125 0.032129
0 0.326945 0.869531 0.035422 0.030078
0 0.857383 0.694053 0.032203 0.031426
0 0.563875 0.228467 0.038250 0.034551