0 0.612461 0.377695 0.036953 0.033711
0 0.217164 0.431953 0.038641 0.034258
0 0.480398 0.808672 0.033953 0.034648
0 0.412664 0.407188 0.035859 0.039531
0 0.128547 0.766836 0.035406 0.030625
0 0.779148 0.339561 0.034609 0.033770
0 0.263742 0.595166 0.034891 0.035098
0 0.635539 0.641680 0.035641 0.036211
0 0.447453 0.557383 0.034844 0.032500
0 0.988703 0.255986 0.022594 0.038809
0 0.608734 0.535977 0.035906 0.030391
0 0.805063 0.459766 0.034625 0.033945
0 0.997055 0.392490 0.005891 0.036621
0 0.970391 0.128740 0.033437 0.037559
0 0.365734 0.231836 0.036406 0.034531
0 0.779062 0.161641 0.040281 0.038867
0 0.158281 0.255371 0.041500 0.036836
0 0.024242 0.457949 0.033703 0.035078
0 0.074477 0.622803 0.035078 0.033887
0 0.304180 0.739150 0.033953 0.030449
0 0.825672 0.583984 0.034156 0.033789
0 0.448617 0.701387 0.035359 0.032539
0 0.028625 0.908525 0.029344 0.036035
0 0.660617 0.750303 0.037328 0.032129
0 0.175234 0.892920 0.034125 0.032129
0 0.321016 0.862988 0.035437 0.030078
0 0.848898 0.703057 0.032203 0.031270
0 0.569883 0.235537 0.038234 0.034551