0 0.569461 0.326855 0.036953 0.033711
0 0.192664 0.416807 0.038641 0.033574
0 0.565773 0.799561 0.033953 0.033184
0 0.380539 0.379922 0.035859 0.036602
0 0.188664 0.846807 0.035422 0.030605
0 0.755336 0.253965 0.038359 0.031563
0 0.280180 0.626904 0.034891 0.035098
0 0.679383 0.591221 0.035641 0.036191
0 0.450484 0.584590 0.034844 0.032500
0 0.964641 0.051992 0.035375 0.034297
0 0.624328 0.516826 0.036313 0.032988
0 0.811781 0.342197 0.034625 0.033965
0 0.283891 0.139746 0.036406 0.034531
0 0.692664 0.029004 0.040297 0.032305
0 0.088516 0.180713 0.040344 0.035293
0 0.014664 0.449502 0.029328 0.035059
0 0.103273 0.658652 0.035078 0.033867
0 0.348883 0.812227 0.033953 0.030469
0 0.871859 0.439199 0.034156 0.033789
0 0.506789 0.744053 0.035359 0.032559
0 0.741117 0.666436 0.037328 0.032129
0 0.407477 0.944521 0.035422 0.030098
0 0.938031 0.533115 0.032594 0.032402
0 0.484750 0.128604 0.038250 0.034551
0 0.023344 0.877373 0.032094 0.029160