0 0.602898 0.366934 0.036953 0.033711
0 0.201820 0.434873 0.038641 0.034277
0 0.499945 0.809336 0.033953 0.034648
0 0.399023 0.407754 0.035859 0.039531
0 0.137242 0.791758 0.035422 0.030625
0 0.776086 0.319453 0.034609 0.033750
0 0.264672 0.604639 0.034906 0.035098
0 0.649492 0.631709 0.035641 0.036191
0 0.446922 0.565459 0.034844 0.032520
0 0.987180 0.212070 0.025641 0.038789
0 0.613766 0.532461 0.035906 0.030391
0 0.814312 0.435498 0.034625 0.033965
0 0.958469 0.086582 0.034969 0.036289
0 0.342078 0.213496 0.036406 0.034531
0 0.763516 0.130566 0.040281 0.038867
0 0.131328 0.240293 0.041500 0.036836
0 0.013102 0.462695 0.026203 0.035078
0 0.074539 0.637412 0.035078 0.033887
0 0.309148 0.757217 0.033953 0.030449
0 0.838750 0.555840 0.034156 0.033789
0 0.463383 0.712021 0.035359 0.032559
0 0.044648 0.940410 0.031172 0.033750
0 0.680297 0.735674 0.037312 0.032129
0 0.187023 0.921914 0.034109 0.032148
0 0.340289 0.884258 0.035422 0.030078
0 0.876055 0.669756 0.032203 0.034355
0 0.550359 0.212568 0.038250 0.034551