0 0.622367 0.390684 0.036953 0.034492
0 0.237773 0.426143 0.038641 0.034277
0 0.455016 0.804258 0.032781 0.033555
0 0.428086 0.407832 0.035859 0.035898
0 0.119305 0.733203 0.035359 0.031445
0 0.991898 0.712666 0.016203 0.033105
0 0.781867 0.363223 0.034609 0.034141
0 0.258836 0.580166 0.034891 0.035098
0 0.615672 0.653457 0.035656 0.033477
0 0.443070 0.550205 0.035109 0.032949
0 0.985367 0.307803 0.029266 0.034551
0 0.601875 0.538672 0.035906 0.031484
0 0.791109 0.492129 0.034625 0.033945
0 0.984961 0.441377 0.030078 0.036621
0 0.978844 0.182627 0.033125 0.038379
0 0.397281 0.249463 0.036937 0.034746
0 0.797398 0.200889 0.040609 0.038887
0 0.197078 0.268730 0.041875 0.036992
0 0.044531 0.447031 0.040938 0.035273
0 0.077211 0.600898 0.035234 0.034336
0 0.296391 0.714912 0.034781 0.031191
0 0.797664 0.613613 0.034578 0.034297
0 0.986625 0.579395 0.026750 0.034922
0 0.433055 0.687705 0.035359 0.032559
0 0.013305 0.866494 0.026609 0.038145
0 0.630188 0.766162 0.034594 0.032129
0 0.159969 0.851846 0.034344 0.032676
0 0.297852 0.834102 0.035578 0.031289
0 0.810773 0.731875 0.032203 0.031250
0 0.595008 0.260361 0.038422 0.034551