0 0.568680 0.325918 0.036953 0.033711
0 0.192695 0.416250 0.038641 0.033555
0 0.567320 0.799199 0.033953 0.033125
0 0.380203 0.379316 0.035875 0.036484
0 0.189906 0.847744 0.035406 0.030605
0 0.754641 0.252363 0.038500 0.031562
0 0.280695 0.627314 0.034891 0.035098
0 0.679664 0.590059 0.035641 0.036211
0 0.450938 0.584922 0.034844 0.032500
0 0.963000 0.048525 0.035375 0.034277
0 0.624500 0.516406 0.036313 0.033086
0 0.811625 0.339912 0.034625 0.033965
0 0.283469 0.138066 0.036406 0.034531
0 0.690672 0.026738 0.040281 0.032031
0 0.087656 0.179209 0.040312 0.035254
0 0.015039 0.448916 0.030078 0.035059
0 0.104273 0.658770 0.035078 0.033867
0 0.349859 0.813496 0.033937 0.030469
0 0.872250 0.436152 0.034156 0.033789
0 0.507727 0.744424 0.035359 0.032559
0 0.742352 0.664600 0.037328 0.032129
0 0.409172 0.945801 0.035437 0.030078
0 0.939227 0.529463 0.032609 0.032324
0 0.483172 0.126533 0.038250 0.034551
0 0.025695 0.877080 0.032078 0.029160