0 0.621305 0.387637 0.036953 0.033711
0 0.231328 0.429268 0.038656 0.034277
0 0.462352 0.808057 0.033953 0.034668
0 0.425258 0.406680 0.035859 0.039531
0 0.120523 0.743828 0.035422 0.030625
0 0.781977 0.358125 0.034609 0.033750
0 0.262883 0.586426 0.034891 0.035117
0 0.622656 0.650889 0.035656 0.036191
0 0.443203 0.552305 0.034844 0.032500
0 0.987281 0.292549 0.025437 0.038809
0 0.604078 0.539219 0.035906 0.030391
0 0.796516 0.482148 0.034625 0.033945
0 0.988461 0.427461 0.023078 0.036602
0 0.981875 0.164873 0.033437 0.040527
0 0.387578 0.248750 0.036406 0.034531
0 0.793422 0.190332 0.040281 0.038867
0 0.183156 0.269277 0.041500 0.036836
0 0.034531 0.453555 0.040625 0.035078
0 0.074414 0.609316 0.035078 0.033867
0 0.299586 0.722471 0.033953 0.030449
0 0.805828 0.607520 0.034156 0.033789
0 0.991633 0.560547 0.016734 0.034922
0 0.434992 0.691572 0.035359 0.032559
0 0.013828 0.879102 0.027656 0.038164
0 0.642461 0.763799 0.037328 0.032129
0 0.164344 0.866162 0.034125 0.032129
0 0.303219 0.843359 0.035438 0.030078
0 0.822859 0.724619 0.032219 0.034355
0 0.587906 0.256748 0.038250 0.034551