0 0.610258 0.375215 0.036953 0.033711
0 0.213625 0.432627 0.038656 0.034277
0 0.484914 0.808818 0.033953 0.034668
0 0.409516 0.407324 0.035875 0.039531
0 0.130555 0.772588 0.035422 0.030605
0 0.778445 0.334922 0.034609 0.033750
0 0.263953 0.597354 0.034906 0.035098
0 0.638758 0.639385 0.035641 0.036191
0 0.448047 0.558887 0.034844 0.032500
0 0.988203 0.246123 0.023594 0.038809
0 0.609891 0.535156 0.035906 0.030391
0 0.807187 0.454160 0.034625 0.033945
0 0.967523 0.119707 0.033453 0.036797
0 0.360281 0.227598 0.036406 0.034531
0 0.775477 0.154473 0.040297 0.038867
0 0.152062 0.251885 0.041500 0.036816
0 0.021672 0.459043 0.031969 0.035078
0 0.074492 0.626172 0.035078 0.033867
0 0.305320 0.743320 0.033953 0.030469
0 0.829867 0.577852 0.034172 0.033789
0 0.452023 0.703838 0.035359 0.032559
0 0.032320 0.915889 0.029766 0.035527
0 0.665164 0.746924 0.037328 0.032129
0 0.177953 0.899609 0.034125 0.032148
0 0.325461 0.867910 0.035422 0.030078
0 0.855313 0.696758 0.032219 0.031094
0 0.565375 0.230244 0.038250 0.034551