0 0.624836 0.397783 0.036953 0.036348
0 0.250484 0.418535 0.038656 0.034258
0 0.439203 0.794570 0.031062 0.031992
0 0.434680 0.409932 0.035859 0.028613
0 0.116461 0.708398 0.035203 0.033359
0 0.952836 0.735313 0.032672 0.033984
0 0.781617 0.375107 0.034609 0.035020
0 0.254070 0.566416 0.034891 0.035098
0 0.599391 0.658291 0.035656 0.029473
0 0.442773 0.545303 0.035703 0.033965
0 0.982297 0.340635 0.032062 0.037402
0 0.596719 0.537393 0.035906 0.034043
0 0.778500 0.508418 0.034625 0.033945
0 0.971047 0.477539 0.034906 0.036602
0 0.973922 0.214590 0.032375 0.037852
0 0.422398 0.255596 0.038172 0.035215
0 0.806672 0.225244 0.041344 0.032793
0 0.227219 0.267119 0.042719 0.037402
0 0.065422 0.431484 0.040313 0.035703
0 0.083742 0.581270 0.035578 0.035391
0 0.288937 0.697305 0.036719 0.032891
0 0.778617 0.627822 0.035578 0.035527
0 0.961422 0.616270 0.032406 0.034922
0 0.428523 0.678682 0.035359 0.032559
0 0.008906 0.836816 0.017813 0.038164
0 0.605078 0.771357 0.030625 0.032129
0 0.149508 0.820430 0.034859 0.033945
0 0.285305 0.813154 0.035922 0.034082
0 0.782570 0.747451 0.032203 0.026660
0 0.611719 0.271006 0.038844 0.034551
0 0.017656 0.273008 0.034344 0.036602