0 0.571789 0.329648 0.036953 0.033711
0 0.192555 0.418467 0.038641 0.033652
0 0.561148 0.800693 0.033953 0.033340
0 0.381539 0.381709 0.035859 0.036934
0 0.184961 0.843984 0.035422 0.030625
0 0.757406 0.258730 0.037906 0.031563
0 0.278633 0.625693 0.034891 0.035098
0 0.678531 0.594727 0.035656 0.036211
0 0.449148 0.583594 0.034828 0.032500
0 0.968469 0.064219 0.035375 0.034336
0 0.623820 0.518057 0.036266 0.032715
0 0.812273 0.349062 0.034609 0.033945
0 0.285148 0.144805 0.036391 0.034531
0 0.698656 0.035840 0.040281 0.033086
0 0.091078 0.185234 0.040469 0.035469
0 0.013547 0.451250 0.027094 0.035078
0 0.100312 0.658311 0.035094 0.033887
0 0.345977 0.808418 0.033953 0.030469
0 0.870688 0.448340 0.034156 0.033789
0 0.503961 0.742920 0.035359 0.032559
0 0.737398 0.671943 0.037328 0.032129
0 0.248547 0.993154 0.034125 0.013691
0 0.402406 0.940703 0.035438 0.030078
0 0.934445 0.544082 0.032547 0.032656
0 0.489500 0.134795 0.038250 0.034551
0 0.019305 0.875674 0.031172 0.029160