0 0.599211 0.362793 0.036953 0.033711
0 0.198430 0.434023 0.038641 0.034258
0 0.507461 0.809590 0.033953 0.034648
0 0.396039 0.404668 0.035859 0.039531
0 0.142852 0.801348 0.035422 0.030625
0 0.774914 0.311719 0.034609 0.033750
0 0.265031 0.608281 0.034906 0.035117
0 0.654859 0.627881 0.035656 0.036191
0 0.446367 0.568740 0.034828 0.032520
0 0.986539 0.195127 0.026922 0.038809
0 0.615703 0.531113 0.035906 0.030391
0 0.815609 0.426172 0.034625 0.033945
0 0.954172 0.069639 0.035906 0.036309
0 0.334859 0.204883 0.036406 0.034531
0 0.757531 0.118623 0.040281 0.038887
0 0.125047 0.234492 0.041500 0.036836
0 0.011805 0.463740 0.023609 0.035059
0 0.076133 0.641855 0.035078 0.033867
0 0.313320 0.763701 0.033953 0.030449
0 0.844953 0.544102 0.034156 0.033789
0 0.469055 0.716113 0.035359 0.032539
0 0.052422 0.952666 0.028656 0.032871
0 0.687867 0.730049 0.037328 0.032129
0 0.192688 0.934004 0.034125 0.032148
0 0.347703 0.892441 0.035438 0.030078
0 0.885180 0.657354 0.032203 0.034355
0 0.542844 0.203740 0.038250 0.034551