0 0.597008 0.360313 0.036953 0.033711
0 0.196398 0.433516 0.038641 0.034258
0 0.511961 0.809746 0.033953 0.034648
0 0.394258 0.402813 0.035859 0.039531
0 0.146211 0.807100 0.035422 0.030605
0 0.774211 0.307090 0.034609 0.033750
0 0.265250 0.610469 0.034906 0.035117
0 0.658086 0.625576 0.035641 0.036191
0 0.446031 0.570713 0.034844 0.032520
0 0.986156 0.184971 0.027688 0.038809
0 0.616859 0.530293 0.035906 0.030391
0 0.816391 0.420566 0.034625 0.033945
0 0.952828 0.059482 0.036469 0.036309
0 0.330531 0.199707 0.036406 0.034531
0 0.753937 0.111445 0.040281 0.038867
0 0.121273 0.231016 0.041484 0.036836
0 0.011031 0.464375 0.022062 0.035078
0 0.077086 0.644521 0.035078 0.033887
0 0.315836 0.767588 0.033953 0.030449
0 0.848680 0.537051 0.034172 0.033789
0 0.472461 0.718564 0.035359 0.032559
0 0.057070 0.959678 0.027953 0.032520
0 0.692406 0.726689 0.037312 0.032129
0 0.196094 0.941260 0.034125 0.032129
0 0.352156 0.897344 0.035438 0.030078
0 0.890664 0.649932 0.032203 0.034355
0 0.538344 0.198428 0.038250 0.034551