0 0.616148 0.381836 0.036953 0.033711
0 0.223070 0.430840 0.038641 0.034258
0 0.472883 0.808408 0.033953 0.034668
0 0.417914 0.406973 0.035859 0.039531
0 0.125203 0.757246 0.035406 0.030625
0 0.780320 0.347295 0.034609 0.033770
0 0.263391 0.591523 0.034906 0.035117
0 0.630172 0.645518 0.035656 0.036191
0 0.445680 0.555264 0.034828 0.032520
0 0.989719 0.272607 0.020562 0.038809
0 0.606797 0.537324 0.035906 0.030391
0 0.801500 0.469092 0.034625 0.033965
0 0.994969 0.410586 0.010063 0.036602
0 0.975172 0.143799 0.033437 0.038770
0 0.374844 0.238887 0.036406 0.034531
0 0.785047 0.173594 0.040281 0.038867
0 0.168641 0.261162 0.041500 0.036816
0 0.028531 0.456113 0.036594 0.035078
0 0.074445 0.617188 0.035078 0.033867
0 0.302258 0.732197 0.033953 0.030449
0 0.817406 0.593789 0.034156 0.033789
0 0.997516 0.542754 0.004969 0.034922
0 0.442945 0.697295 0.035359 0.032559
0 0.022461 0.896270 0.028641 0.036914
0 0.653055 0.755928 0.037328 0.032129
0 0.170695 0.881768 0.034109 0.032129
0 0.313602 0.854805 0.035422 0.030078
0 0.838047 0.712041 0.032219 0.032559
0 0.577391 0.244385 0.038250 0.034551