0 0.587352 0.348223 0.036953 0.033711
0 0.191836 0.429570 0.038641 0.034141
0 0.530211 0.808213 0.033953 0.034395
0 0.388227 0.393633 0.035859 0.039297
0 0.160242 0.825215 0.035422 0.030625
0 0.771188 0.290508 0.034906 0.031562
0 0.268328 0.617598 0.034906 0.035117
0 0.669461 0.615908 0.035641 0.036191
0 0.444688 0.576963 0.034844 0.032520
0 0.985258 0.144961 0.029484 0.038633
0 0.620430 0.526338 0.035984 0.030840
0 0.815516 0.394834 0.034625 0.033965
0 0.946156 0.021543 0.037812 0.036758
0 0.314094 0.178916 0.036406 0.034551
0 0.738625 0.081338 0.040281 0.038340
0 0.108195 0.215361 0.041297 0.036543
0 0.009164 0.462910 0.018328 0.035078
0 0.082836 0.653115 0.035078 0.033887
0 0.326539 0.783018 0.033953 0.030449
0 0.862859 0.509355 0.034156 0.033789
0 0.485117 0.729717 0.035359 0.032559
0 0.074898 0.983477 0.030047 0.029961
0 0.710602 0.709209 0.037328 0.032129
0 0.212859 0.970713 0.034125 0.032129
0 0.370000 0.915176 0.035437 0.030078
0 0.910547 0.617178 0.032250 0.034199
0 0.521125 0.176045 0.038250 0.034551