0 0.588133 0.349160 0.036953 0.033711
0 0.191797 0.430117 0.038656 0.034180
0 0.528680 0.808594 0.033953 0.034453
0 0.388563 0.394219 0.035875 0.039414
0 0.159008 0.824277 0.035422 0.030625
0 0.771875 0.292090 0.034750 0.031562
0 0.267812 0.617188 0.034906 0.035117
0 0.668688 0.616768 0.035656 0.036191
0 0.444797 0.576631 0.034844 0.032520
0 0.985406 0.149062 0.029187 0.038711
0 0.620258 0.526748 0.035953 0.030762
0 0.815687 0.397119 0.034625 0.033965
0 0.947039 0.024609 0.037797 0.036523
0 0.315789 0.180332 0.036391 0.034531
0 0.740625 0.083604 0.040281 0.038613
0 0.109055 0.216865 0.041328 0.036621
0 0.009180 0.463496 0.018359 0.035078
0 0.082133 0.652637 0.035078 0.033867
0 0.325563 0.781748 0.033937 0.030449
0 0.862469 0.512402 0.034156 0.033789
0 0.484180 0.728623 0.035359 0.032559
0 0.073492 0.981660 0.030047 0.030469
0 0.709086 0.711123 0.037328 0.032129
0 0.211094 0.968213 0.034125 0.032129
0 0.368500 0.913906 0.035438 0.030078
0 0.909352 0.620830 0.032234 0.034277
0 0.522719 0.178115 0.038250 0.034551