0 0.621477 0.388145 0.036953 0.033828
0 0.232398 0.428750 0.038641 0.034258
0 0.461133 0.807422 0.033766 0.034492
0 0.425727 0.406865 0.035859 0.038926
0 0.120313 0.742061 0.035406 0.030762
0 0.781953 0.358975 0.034594 0.033809
0 0.262211 0.585381 0.034891 0.035098
0 0.621484 0.651309 0.035656 0.035742
0 0.443180 0.551953 0.034891 0.032578
0 0.986961 0.295088 0.026078 0.038105
0 0.603703 0.539131 0.035906 0.030566
0 0.795625 0.483818 0.034625 0.033965
0 0.987883 0.429785 0.024234 0.036602
0 0.981367 0.167832 0.033391 0.040156
0 0.389195 0.248867 0.036484 0.034570
0 0.794086 0.192090 0.040328 0.038867
0 0.185477 0.269189 0.041547 0.036855
0 0.036195 0.452471 0.040672 0.035098
0 0.074883 0.607920 0.035109 0.033965
0 0.299055 0.721211 0.034078 0.030586
0 0.804469 0.608535 0.034219 0.033867
0 0.990797 0.563682 0.018406 0.034941
0 0.434680 0.690928 0.035359 0.032559
0 0.013742 0.877002 0.027484 0.038145
0 0.640422 0.764189 0.036875 0.032129
0 0.163617 0.863770 0.034172 0.032227
0 0.302320 0.841816 0.035453 0.030273
0 0.820844 0.725830 0.032219 0.033848
0 0.589094 0.257354 0.038281 0.034551