0 0.594805 0.357812 0.036953 0.033711
0 0.194367 0.433018 0.038641 0.034277
0 0.516477 0.809893 0.033953 0.034668
0 0.392461 0.400967 0.035859 0.039512
0 0.149578 0.812852 0.035406 0.030625
0 0.773508 0.302441 0.034609 0.033750
0 0.265461 0.612656 0.034891 0.035117
0 0.661305 0.623271 0.035641 0.036191
0 0.445695 0.572686 0.034828 0.032520
0 0.985773 0.174805 0.028453 0.038789
0 0.618031 0.529492 0.035906 0.030391
0 0.817156 0.414971 0.034625 0.033965
0 0.951492 0.049316 0.037047 0.036289
0 0.326203 0.194531 0.036406 0.034531
0 0.750352 0.104277 0.040297 0.038867
0 0.117500 0.227539 0.041500 0.036836
0 0.010258 0.465000 0.020516 0.035078
0 0.078055 0.647188 0.035078 0.033867
0 0.318336 0.771475 0.033953 0.030449
0 0.852406 0.530000 0.034156 0.033789
0 0.475867 0.721025 0.035359 0.032559
0 0.061680 0.966006 0.028859 0.032520
0 0.696945 0.723311 0.037328 0.032129
0 0.199484 0.948516 0.034125 0.032148
0 0.356602 0.902266 0.035422 0.030078
0 0.896141 0.642490 0.032219 0.034355
0 0.533836 0.193135 0.038234 0.034551