0 0.583461 0.343574 0.036953 0.033711
0 0.192008 0.426797 0.038641 0.034023
0 0.537945 0.806338 0.033953 0.034121
0 0.386555 0.390645 0.035859 0.038711
0 0.166422 0.829902 0.035406 0.030625
0 0.767734 0.282559 0.035656 0.031562
0 0.270906 0.619619 0.034906 0.035098
0 0.673328 0.611611 0.035656 0.036191
0 0.444125 0.578623 0.034844 0.032520
0 0.984523 0.124502 0.030953 0.038184
0 0.621273 0.524268 0.036047 0.031309
0 0.814703 0.383389 0.034625 0.033965
0 0.941742 0.012598 0.037797 0.025195
0 0.305594 0.171836 0.036406 0.034531
0 0.728633 0.069961 0.040297 0.037031
0 0.103922 0.207832 0.041094 0.036289
0 0.009109 0.460000 0.018219 0.035078
0 0.086336 0.655488 0.035078 0.033867
0 0.331398 0.789365 0.033953 0.030449
0 0.864812 0.494102 0.034156 0.033789
0 0.489820 0.735127 0.035359 0.032559
0 0.085031 0.990430 0.030031 0.019141
0 0.718211 0.699600 0.037328 0.032129
0 0.221453 0.978682 0.034125 0.031895
0 0.377461 0.921563 0.035422 0.030078
0 0.916516 0.598896 0.032312 0.033809
0 0.513219 0.165732 0.038250 0.034551
0 0.006289 0.865078 0.012578 0.029141