0 0.624664 0.397275 0.036953 0.036191
0 0.250195 0.419160 0.038641 0.034258
0 0.439992 0.795479 0.030922 0.031855
0 0.434211 0.410322 0.035859 0.028066
0 0.116656 0.710166 0.035219 0.033223
0 0.954953 0.734355 0.032594 0.034023
0 0.781633 0.374258 0.034609 0.034961
0 0.254188 0.567178 0.034906 0.035098
0 0.600547 0.658252 0.035656 0.029160
0 0.442797 0.545654 0.035656 0.033887
0 0.983008 0.338662 0.031766 0.037324
0 0.597078 0.537480 0.035906 0.033867
0 0.779398 0.507393 0.034609 0.033965
0 0.972156 0.475391 0.034781 0.036602
0 0.973406 0.212813 0.032437 0.037930
0 0.421289 0.255469 0.038078 0.035195
0 0.806008 0.223662 0.041297 0.033066
0 0.225680 0.267324 0.042672 0.037383
0 0.064570 0.432676 0.040703 0.035664
0 0.083273 0.582656 0.035547 0.035313
0 0.289469 0.698555 0.036563 0.032773
0 0.779977 0.626807 0.035516 0.035449
0 0.963594 0.614688 0.032344 0.034922
0 0.428836 0.679326 0.035359 0.032559
0 0.009258 0.839043 0.018516 0.038164
0 0.605953 0.771064 0.030281 0.032129
0 0.150320 0.822158 0.034828 0.033848
0 0.286195 0.814482 0.035891 0.033887
0 0.784586 0.746699 0.032203 0.026289
0 0.610734 0.270977 0.038813 0.034531
0 0.016133 0.273770 0.032266 0.036602