0 0.608055 0.372734 0.036953 0.033711
0 0.210086 0.433301 0.038641 0.034258
0 0.489414 0.808975 0.033953 0.034668
0 0.406367 0.407451 0.035859 0.039512
0 0.132562 0.778340 0.035406 0.030625
0 0.777742 0.330283 0.034609 0.033770
0 0.264172 0.599541 0.034906 0.035098
0 0.641977 0.637080 0.035641 0.036191
0 0.447711 0.560859 0.034828 0.032500
0 0.988078 0.235791 0.023844 0.038809
0 0.611047 0.534355 0.035906 0.030391
0 0.809328 0.448564 0.034625 0.033965
0 0.965203 0.110303 0.033625 0.036309
0 0.354812 0.223369 0.036406 0.034551
0 0.771891 0.147305 0.040281 0.038867
0 0.145844 0.248408 0.041500 0.036816
0 0.019102 0.460137 0.030234 0.035078
0 0.074508 0.629551 0.035078 0.033867
0 0.306477 0.747490 0.033953 0.030449
0 0.832531 0.571250 0.034156 0.033789
0 0.455430 0.706299 0.035359 0.032559
0 0.036016 0.923242 0.030187 0.035000
0 0.669703 0.743555 0.037312 0.032109
0 0.180672 0.906299 0.034125 0.032129
0 0.329906 0.872812 0.035437 0.030078
0 0.861531 0.688652 0.032219 0.032070
0 0.560875 0.224932 0.038250 0.034551