0 0.621656 0.388652 0.036937 0.033984
0 0.233477 0.428232 0.038641 0.034277
0 0.459906 0.806797 0.033562 0.034297
0 0.426195 0.407070 0.035859 0.038320
0 0.120117 0.740283 0.035391 0.030879
0 0.997555 0.695879 0.004891 0.033125
0 0.781930 0.359814 0.034609 0.033887
0 0.261531 0.584336 0.034906 0.035117
0 0.620328 0.651748 0.035656 0.035293
0 0.443156 0.551602 0.034938 0.032656
0 0.986641 0.297637 0.026719 0.037383
0 0.603344 0.539033 0.035906 0.030762
0 0.794719 0.485479 0.034625 0.033965
0 0.987297 0.432100 0.025406 0.036621
0 0.980859 0.170791 0.033344 0.039785
0 0.390813 0.248984 0.036594 0.034609
0 0.794750 0.193848 0.040406 0.038867
0 0.187797 0.269092 0.041625 0.036895
0 0.037867 0.451377 0.040734 0.035137
0 0.075344 0.606514 0.035125 0.034043
0 0.298523 0.719951 0.034234 0.030684
0 0.803109 0.609551 0.034313 0.033945
0 0.989961 0.566816 0.020078 0.034922
0 0.434352 0.690283 0.035359 0.032559
0 0.013656 0.874902 0.027312 0.038164
0 0.638367 0.764590 0.036422 0.032109
0 0.162891 0.861387 0.034187 0.032305
0 0.301430 0.840273 0.035484 0.030469
0 0.818836 0.727031 0.032203 0.033320
0 0.590273 0.257959 0.038297 0.034551