0 0.567898 0.325000 0.036953 0.033711
0 0.192727 0.415693 0.038641 0.033535
0 0.568867 0.798818 0.033953 0.033066
0 0.379867 0.378730 0.035859 0.036367
0 0.191141 0.848682 0.035406 0.030605
0 0.753953 0.250781 0.038656 0.031562
0 0.281211 0.627715 0.034891 0.035117
0 0.679945 0.588896 0.035641 0.036191
0 0.451383 0.585254 0.034828 0.032500
0 0.961359 0.045078 0.035375 0.034258
0 0.624664 0.515996 0.036328 0.033164
0 0.811469 0.337617 0.034625 0.033945
0 0.283047 0.136367 0.036406 0.034531
0 0.688672 0.024463 0.040281 0.031777
0 0.086805 0.177705 0.040266 0.035176
0 0.015406 0.448340 0.030812 0.035078
0 0.105258 0.658887 0.035078 0.033867
0 0.350836 0.814766 0.033953 0.030469
0 0.872641 0.433086 0.034156 0.033789
0 0.508680 0.744814 0.035359 0.032559
0 0.743602 0.662773 0.037328 0.032109
0 0.410859 0.947070 0.035438 0.030078
0 0.940422 0.525801 0.032625 0.032266
0 0.481594 0.124463 0.038250 0.034551
0 0.028055 0.876787 0.032078 0.029160