0 0.613945 0.379355 0.036953 0.033711
0 0.219523 0.431514 0.038641 0.034277
0 0.477398 0.808564 0.033953 0.034668
0 0.414758 0.407109 0.035859 0.039531
0 0.127211 0.762998 0.035422 0.030605
0 0.779617 0.342656 0.034609 0.033750
0 0.263602 0.593711 0.034891 0.035117
0 0.633391 0.643213 0.035656 0.036191
0 0.446742 0.556543 0.034828 0.032500
0 0.989203 0.262373 0.021594 0.038809
0 0.607953 0.536514 0.035906 0.030371
0 0.803641 0.463496 0.034625 0.033945
0 0.997055 0.396172 0.005891 0.036602
0 0.972305 0.134766 0.033453 0.038047
0 0.369375 0.234648 0.036406 0.034531
0 0.781461 0.166426 0.040297 0.038867
0 0.162422 0.257686 0.041500 0.036816
0 0.025961 0.457217 0.034859 0.035059
0 0.074461 0.620557 0.035078 0.033887
0 0.303414 0.736377 0.033953 0.030449
0 0.822359 0.587910 0.034156 0.033789
0 0.446352 0.699756 0.035359 0.032559
0 0.026156 0.903623 0.029062 0.036387
0 0.657602 0.752549 0.037328 0.032129
0 0.173422 0.888467 0.034125 0.032129
0 0.318047 0.859727 0.035437 0.030078
0 0.844555 0.706641 0.032203 0.031797
0 0.572891 0.239072 0.038250 0.034551