0 0.617617 0.383496 0.036953 0.033711
0 0.225430 0.430391 0.038641 0.034258
0 0.469883 0.808311 0.033953 0.034668
0 0.420008 0.406895 0.035859 0.039531
0 0.123867 0.753418 0.035422 0.030625
0 0.780789 0.350391 0.034609 0.033750
0 0.263242 0.590068 0.034891 0.035098
0 0.628016 0.647051 0.035656 0.036211
0 0.444969 0.554414 0.034844 0.032500
0 0.989977 0.279658 0.020047 0.038809
0 0.606016 0.537871 0.035906 0.030391
0 0.800078 0.472822 0.034625 0.033965
0 0.993617 0.416416 0.012766 0.036621
0 0.977086 0.149814 0.033453 0.039277
0 0.378484 0.241699 0.036406 0.034531
0 0.787438 0.178379 0.040281 0.038867
0 0.172797 0.263477 0.041500 0.036836
0 0.030242 0.455391 0.037734 0.035078
0 0.074445 0.614941 0.035078 0.033867
0 0.301500 0.729424 0.033937 0.030449
0 0.814094 0.597715 0.034156 0.033789
0 0.994570 0.548271 0.010859 0.034941
0 0.440680 0.695664 0.035359 0.032539
0 0.019992 0.891367 0.028359 0.037266
0 0.650023 0.758174 0.037328 0.032129
0 0.168883 0.877314 0.034109 0.032129
0 0.310633 0.851543 0.035422 0.030078
0 0.833711 0.715635 0.032203 0.033066
0 0.580391 0.247920 0.038250 0.034551