0 0.577242 0.336152 0.036953 0.033711
0 0.192305 0.422344 0.038641 0.033828
0 0.550320 0.803330 0.033953 0.033691
0 0.383883 0.385879 0.035859 0.037773
0 0.176305 0.837422 0.035422 0.030625
0 0.762227 0.269844 0.036859 0.031562
0 0.275023 0.622861 0.034891 0.035098
0 0.676562 0.602891 0.035656 0.036211
0 0.446016 0.581270 0.034844 0.032500
0 0.977406 0.092725 0.035375 0.034434
0 0.622633 0.520957 0.036172 0.032070
0 0.813406 0.365078 0.034625 0.033945
0 0.293234 0.157891 0.036406 0.034531
0 0.712648 0.051758 0.040297 0.034922
0 0.097070 0.195771 0.040766 0.035840
0 0.010937 0.455332 0.021875 0.035078
0 0.093383 0.657500 0.035078 0.033867
0 0.339164 0.799521 0.033953 0.030449
0 0.867945 0.469688 0.034172 0.033789
0 0.497367 0.740264 0.035359 0.032559
0 0.728711 0.684766 0.037328 0.032109
0 0.233703 0.987412 0.034125 0.025176
0 0.390586 0.931758 0.035422 0.030078
0 0.926078 0.569658 0.032438 0.033184
0 0.500563 0.149229 0.038250 0.034551
0 0.013367 0.869209 0.026734 0.029160