0 0.623070 0.392705 0.036953 0.035020
0 0.242078 0.424063 0.038656 0.034258
0 0.450125 0.801729 0.032000 0.032832
0 0.429961 0.408594 0.035859 0.033477
0 0.118484 0.726113 0.035312 0.031992
0 0.984484 0.717773 0.024875 0.033242
0 0.781789 0.366611 0.034609 0.034395
0 0.256516 0.575996 0.034906 0.035117
0 0.611016 0.655186 0.035656 0.031660
0 0.442984 0.548809 0.035281 0.033242
0 0.984414 0.317832 0.031172 0.033008
0 0.600391 0.538311 0.035906 0.032207
0 0.787516 0.498135 0.034625 0.033965
0 0.982109 0.451191 0.033688 0.036602
0 0.976719 0.193721 0.032906 0.037402
0 0.404250 0.250508 0.037281 0.034883
0 0.800047 0.207959 0.040813 0.038223
0 0.206367 0.268359 0.042109 0.037109
0 0.051195 0.442676 0.041141 0.035391
0 0.079070 0.595283 0.035328 0.034629
0 0.294258 0.709883 0.035328 0.031680
0 0.792227 0.617676 0.034859 0.034648
0 0.982094 0.591641 0.031813 0.034922
0 0.431758 0.685127 0.035359 0.032559
0 0.012664 0.858086 0.025328 0.038164
0 0.622008 0.767744 0.032797 0.032129
0 0.157063 0.842314 0.034500 0.033027
0 0.294258 0.827930 0.035672 0.032070
0 0.802719 0.736709 0.032219 0.029160
0 0.599836 0.263271 0.038547 0.034551
0 0.005086 0.281133 0.010172 0.036602