0 0.611727 0.376875 0.036953 0.033711
0 0.215984 0.432178 0.038656 0.034277
0 0.481898 0.808721 0.033953 0.034668
0 0.411617 0.407236 0.035859 0.039512
0 0.129219 0.768750 0.035406 0.030625
0 0.778914 0.338018 0.034609 0.033770
0 0.263812 0.595898 0.034906 0.035117
0 0.636609 0.640908 0.035656 0.036191
0 0.447805 0.557813 0.034828 0.032500
0 0.988453 0.252793 0.023094 0.038789
0 0.609109 0.535703 0.035906 0.030391
0 0.805766 0.457891 0.034625 0.033945
0 0.997055 0.390645 0.005891 0.036602
0 0.969438 0.125732 0.033437 0.037285
0 0.363922 0.230420 0.036406 0.034551
0 0.777875 0.159258 0.040281 0.038867
0 0.156203 0.254199 0.041500 0.036836
0 0.023391 0.458311 0.033125 0.035059
0 0.074477 0.623926 0.035078 0.033867
0 0.304555 0.740537 0.033953 0.030449
0 0.827328 0.582012 0.034156 0.033789
0 0.449758 0.702207 0.035359 0.032539
0 0.029852 0.910977 0.029484 0.035859
0 0.662133 0.749180 0.037328 0.032109
0 0.176141 0.895146 0.034125 0.032129
0 0.322500 0.864629 0.035438 0.030078
0 0.851070 0.701260 0.032203 0.031035
0 0.568375 0.233779 0.038250 0.034551