0 0.605102 0.369414 0.036953 0.033711
0 0.205367 0.434199 0.038641 0.034258
0 0.495430 0.809180 0.033953 0.034648
0 0.402172 0.407617 0.035875 0.039531
0 0.135234 0.786006 0.035406 0.030605
0 0.776789 0.324102 0.034609 0.033750
0 0.264461 0.602451 0.034891 0.035098
0 0.646273 0.634014 0.035641 0.036191
0 0.447266 0.563486 0.034844 0.032520
0 0.987562 0.222236 0.024875 0.038809
0 0.612609 0.533271 0.035906 0.030371
0 0.812172 0.441094 0.034625 0.033945
0 0.961352 0.096748 0.034391 0.036309
0 0.347531 0.217734 0.036406 0.034531
0 0.767102 0.137744 0.040297 0.038887
0 0.137547 0.243770 0.041500 0.036836
0 0.015672 0.461602 0.027937 0.035078
0 0.074523 0.634043 0.035078 0.033867
0 0.308008 0.753057 0.033953 0.030449
0 0.836078 0.562441 0.034156 0.033789
0 0.459977 0.709570 0.035359 0.032539
0 0.040953 0.933057 0.030750 0.034277
0 0.675758 0.739053 0.037328 0.032129
0 0.184297 0.915225 0.034125 0.032129
0 0.335844 0.879355 0.035438 0.030078
0 0.869828 0.677842 0.032219 0.033379
0 0.554859 0.217881 0.038250 0.034551