0 0.578789 0.338008 0.036953 0.033711
0 0.192227 0.423457 0.038641 0.033867
0 0.547227 0.804082 0.033953 0.033828
0 0.384555 0.387070 0.035859 0.038008
0 0.173836 0.835547 0.035422 0.030625
0 0.763602 0.273027 0.036547 0.031562
0 0.274000 0.622051 0.034906 0.035117
0 0.676000 0.605225 0.035656 0.036191
0 0.445125 0.580605 0.034844 0.032500
0 0.979953 0.100869 0.035375 0.034473
0 0.622289 0.521777 0.036141 0.031875
0 0.813734 0.369658 0.034625 0.033965
0 0.296141 0.161768 0.036406 0.034551
0 0.716641 0.056309 0.040281 0.035469
0 0.098781 0.198799 0.040844 0.035957
0 0.010195 0.456504 0.020391 0.035078
0 0.091414 0.657266 0.035078 0.033867
0 0.337227 0.796982 0.033953 0.030449
0 0.867164 0.475801 0.034172 0.033789
0 0.495477 0.739512 0.035359 0.032539
0 0.726227 0.688428 0.037328 0.032129
0 0.230883 0.986523 0.034109 0.026953
0 0.387203 0.929219 0.035437 0.030078
0 0.923687 0.576973 0.032406 0.033359
0 0.503734 0.153350 0.038250 0.034551
0 0.011594 0.868174 0.023187 0.029160