0 0.574906 0.333359 0.036937 0.033711
0 0.192406 0.420684 0.038656 0.033750
0 0.554961 0.802207 0.033953 0.033555
0 0.382883 0.384102 0.035859 0.037422
0 0.180016 0.840234 0.035406 0.030625
0 0.760156 0.265078 0.037312 0.031563
0 0.276570 0.624072 0.034891 0.035098
0 0.677406 0.599395 0.035656 0.036211
0 0.447359 0.582266 0.034844 0.032500
0 0.973578 0.080498 0.035375 0.034395
0 0.623141 0.519717 0.036219 0.032324
0 0.812922 0.358223 0.034625 0.033945
0 0.288891 0.152051 0.036406 0.034531
0 0.706656 0.044941 0.040281 0.034141
0 0.094500 0.191260 0.040625 0.035684
0 0.012055 0.453584 0.024109 0.035059
0 0.096352 0.657842 0.035078 0.033887
0 0.342086 0.803330 0.033953 0.030449
0 0.869125 0.460547 0.034156 0.033789
0 0.500195 0.741396 0.035359 0.032559
0 0.732430 0.679268 0.037328 0.032129
0 0.243133 0.992119 0.034109 0.015762
0 0.395656 0.935586 0.035438 0.030078
0 0.929664 0.558701 0.032484 0.032949
0 0.495828 0.143037 0.038250 0.034551
0 0.015930 0.871709 0.029391 0.029160