0 0.618352 0.384316 0.036953 0.033711
0 0.226609 0.430166 0.038656 0.034277
0 0.468367 0.808262 0.033953 0.034648
0 0.421055 0.406855 0.035859 0.039531
0 0.123195 0.751494 0.035422 0.030605
0 0.781023 0.351934 0.034609 0.033750
0 0.263172 0.589336 0.034906 0.035117
0 0.626945 0.647822 0.035641 0.036191
0 0.444617 0.553994 0.034828 0.032520
0 0.989437 0.282236 0.021125 0.038809
0 0.605625 0.538135 0.035906 0.030371
0 0.799359 0.474687 0.034625 0.033945
0 0.992586 0.418633 0.014828 0.036602
0 0.978047 0.152832 0.033437 0.039531
0 0.380297 0.243105 0.036406 0.034531
0 0.788641 0.180762 0.040281 0.038867
0 0.174859 0.264648 0.041500 0.036836
0 0.031102 0.455020 0.038328 0.035078
0 0.074430 0.613818 0.035078 0.033887
0 0.301117 0.728027 0.033953 0.030469
0 0.812445 0.599668 0.034172 0.033789
0 0.993984 0.550723 0.012031 0.034922
0 0.439539 0.694844 0.035359 0.032539
0 0.018766 0.888916 0.028219 0.037441
0 0.648516 0.759307 0.037312 0.032129
0 0.167969 0.875078 0.034125 0.032148
0 0.309156 0.849902 0.035437 0.030078
0 0.831539 0.717432 0.032203 0.033340
0 0.581898 0.249678 0.038234 0.034551