0 0.574133 0.332422 0.036953 0.033711
0 0.192445 0.420127 0.038641 0.033730
0 0.556508 0.801826 0.033953 0.033496
0 0.382539 0.383496 0.035859 0.037305
0 0.181258 0.841172 0.035422 0.030625
0 0.759461 0.263496 0.037453 0.031563
0 0.277086 0.624473 0.034891 0.035117
0 0.677687 0.598223 0.035656 0.036211
0 0.447813 0.582598 0.034844 0.032500
0 0.972297 0.076426 0.035375 0.034375
0 0.623312 0.519297 0.036219 0.032422
0 0.812766 0.355928 0.034625 0.033965
0 0.287438 0.150117 0.036406 0.034531
0 0.704656 0.042666 0.040281 0.033887
0 0.093641 0.189746 0.040594 0.035625
0 0.012430 0.452998 0.024859 0.035059
0 0.097344 0.657959 0.035094 0.033887
0 0.343055 0.804600 0.033953 0.030449
0 0.869516 0.457500 0.034156 0.033789
0 0.501133 0.741787 0.035359 0.032559
0 0.733664 0.677432 0.037328 0.032129
0 0.246430 0.993154 0.034109 0.013691
0 0.397344 0.936875 0.035437 0.030078
0 0.930859 0.555049 0.032500 0.032871
0 0.494234 0.140967 0.038250 0.034551
0 0.016781 0.872705 0.029844 0.029160