0 0.608789 0.373555 0.036953 0.033711
0 0.211258 0.433076 0.038641 0.034277
0 0.487914 0.808926 0.033953 0.034648
0 0.407414 0.407402 0.035859 0.039531
0 0.131891 0.776426 0.035406 0.030625
0 0.777977 0.331836 0.034609 0.033750
0 0.264102 0.598809 0.034891 0.035117
0 0.640906 0.637842 0.035656 0.036191
0 0.447820 0.560205 0.034828 0.032520
0 0.988203 0.239170 0.023594 0.038809
0 0.610672 0.534619 0.035906 0.030371
0 0.808617 0.450430 0.034609 0.033945
0 0.966164 0.113682 0.033453 0.036309
0 0.356641 0.224785 0.036406 0.034531
0 0.773086 0.149688 0.040297 0.038867
0 0.147906 0.249570 0.041500 0.036836
0 0.019961 0.459775 0.030828 0.035059
0 0.074492 0.628428 0.035078 0.033887
0 0.306086 0.746104 0.033953 0.030449
0 0.831641 0.573457 0.034156 0.033789
0 0.454289 0.705479 0.035359 0.032559
0 0.034789 0.920791 0.030047 0.035176
0 0.668195 0.744678 0.037328 0.032129
0 0.179766 0.904072 0.034125 0.032129
0 0.328430 0.871172 0.035422 0.030078
0 0.859461 0.691357 0.032203 0.031738
0 0.562375 0.226709 0.038250 0.034551