0 0.613211 0.378535 0.036953 0.033711
0 0.218344 0.431738 0.038656 0.034258
0 0.478898 0.808623 0.033953 0.034668
0 0.413711 0.407148 0.035859 0.039531
0 0.127883 0.764922 0.035422 0.030625
0 0.779383 0.341113 0.034609 0.033750
0 0.263672 0.594443 0.034906 0.035098
0 0.634461 0.642451 0.035641 0.036191
0 0.447094 0.556963 0.034844 0.032520
0 0.988953 0.259170 0.022094 0.038809
0 0.608344 0.536250 0.035906 0.030391
0 0.804344 0.461621 0.034625 0.033945
0 0.997055 0.394336 0.005891 0.036602
0 0.971352 0.131748 0.033453 0.037793
0 0.367563 0.233242 0.036406 0.034531
0 0.780266 0.164043 0.040281 0.038867
0 0.160352 0.256523 0.041484 0.036836
0 0.025094 0.457578 0.034281 0.035078
0 0.074469 0.621680 0.035094 0.033867
0 0.303789 0.737764 0.033953 0.030449
0 0.824016 0.585938 0.034156 0.033789
0 0.447484 0.700576 0.035344 0.032559
0 0.027383 0.906074 0.029203 0.036211
0 0.659109 0.751436 0.037312 0.032129
0 0.174328 0.890693 0.034125 0.032129
0 0.319531 0.861348 0.035438 0.030078
0 0.846727 0.704854 0.032203 0.031543
0 0.571391 0.237314 0.038250 0.034551