0 0.578023 0.337070 0.036953 0.033711
0 0.192258 0.422900 0.038641 0.033848
0 0.548773 0.803701 0.033953 0.033770
0 0.384211 0.386484 0.035859 0.037891
0 0.175070 0.836484 0.035422 0.030625
0 0.762914 0.271445 0.036703 0.031562
0 0.274516 0.622451 0.034906 0.035098
0 0.676281 0.604053 0.035656 0.036191
0 0.445578 0.580937 0.034844 0.032500
0 0.978687 0.096797 0.035375 0.034453
0 0.622461 0.521377 0.036141 0.031973
0 0.813578 0.367373 0.034625 0.033965
0 0.294687 0.159824 0.036406 0.034531
0 0.714648 0.054043 0.040297 0.035195
0 0.097930 0.197285 0.040797 0.035898
0 0.010562 0.455918 0.021125 0.035078
0 0.092398 0.657383 0.035078 0.033867
0 0.338195 0.798252 0.033953 0.030449
0 0.867555 0.472754 0.034172 0.033789
0 0.496430 0.739893 0.035359 0.032559
0 0.727461 0.686592 0.037328 0.032129
0 0.232297 0.986963 0.034125 0.026074
0 0.388891 0.930488 0.035438 0.030078
0 0.924883 0.573320 0.032422 0.033281
0 0.502156 0.151299 0.038250 0.034551
0 0.012477 0.868682 0.024953 0.029160