0 0.622188 0.390176 0.036937 0.034375
0 0.236703 0.426670 0.038656 0.034277
0 0.456242 0.804893 0.032984 0.033770
0 0.427609 0.407637 0.035875 0.036523
0 0.119508 0.734971 0.035359 0.031309
0 0.993141 0.711777 0.013719 0.033125
0 0.781883 0.362373 0.034609 0.034082
0 0.259508 0.581211 0.034891 0.035117
0 0.616836 0.653037 0.035641 0.033926
0 0.443094 0.550557 0.035062 0.032871
0 0.985687 0.305264 0.028625 0.035254
0 0.602234 0.538760 0.035906 0.031309
0 0.792016 0.490469 0.034625 0.033945
0 0.985547 0.439063 0.028906 0.036602
0 0.979352 0.179658 0.033172 0.038730
0 0.395656 0.249346 0.036844 0.034707
0 0.796734 0.199131 0.040562 0.038887
0 0.194758 0.268818 0.041797 0.036973
0 0.042867 0.448125 0.040891 0.035234
0 0.076742 0.602305 0.035203 0.034258
0 0.296930 0.716172 0.034641 0.031055
0 0.799023 0.612598 0.034516 0.034219
0 0.987461 0.576250 0.025078 0.034922
0 0.433383 0.688350 0.035359 0.032559
0 0.013391 0.868594 0.026781 0.038164
0 0.632234 0.765771 0.035062 0.032129
0 0.160703 0.854238 0.034312 0.032578
0 0.298742 0.835645 0.035547 0.031094
0 0.812789 0.730664 0.032203 0.031758
0 0.593828 0.259766 0.038406 0.034531