0 0.582680 0.342656 0.036953 0.033711
0 0.192047 0.426240 0.038656 0.034004
0 0.539492 0.805967 0.033953 0.034082
0 0.386227 0.390059 0.035859 0.038594
0 0.167656 0.830840 0.035406 0.030625
0 0.767047 0.280977 0.035813 0.031562
0 0.271422 0.620020 0.034906 0.035117
0 0.674102 0.610752 0.035641 0.036191
0 0.444016 0.578955 0.034844 0.032520
0 0.984375 0.120400 0.031250 0.038105
0 0.621438 0.523848 0.036062 0.031406
0 0.814547 0.381104 0.034625 0.033965
0 0.940859 0.011133 0.037813 0.022266
0 0.303891 0.170430 0.036406 0.034531
0 0.726641 0.067686 0.040281 0.036777
0 0.103063 0.206318 0.041031 0.036230
0 0.009102 0.459414 0.018203 0.035078
0 0.087039 0.655967 0.035078 0.033887
0 0.332367 0.790635 0.033953 0.030449
0 0.865211 0.491055 0.034172 0.033789
0 0.490773 0.736201 0.035359 0.032559
0 0.088094 0.992051 0.030031 0.015898
0 0.719742 0.697686 0.037328 0.032129
0 0.222633 0.980615 0.034109 0.031621
0 0.378953 0.922832 0.035438 0.030078
0 0.917711 0.595244 0.032328 0.033730
0 0.511641 0.163662 0.038250 0.034551
0 0.007172 0.865596 0.014344 0.029160