0 0.603633 0.367754 0.036953 0.033711
0 0.203000 0.434648 0.038656 0.034258
0 0.498430 0.809287 0.033953 0.034668
0 0.400070 0.407715 0.035859 0.039531
0 0.136570 0.789844 0.035422 0.030625
0 0.776320 0.321006 0.034609 0.033770
0 0.264602 0.603916 0.034891 0.035098
0 0.648422 0.632480 0.035656 0.036211
0 0.447039 0.564805 0.034828 0.032500
0 0.987305 0.215459 0.025391 0.038809
0 0.613375 0.532734 0.035906 0.030391
0 0.813594 0.437363 0.034625 0.033945
0 0.959430 0.089971 0.034766 0.036309
0 0.343898 0.214902 0.036391 0.034531
0 0.764711 0.132969 0.040297 0.038867
0 0.133398 0.241445 0.041484 0.036836
0 0.013953 0.462334 0.026781 0.035059
0 0.074539 0.636289 0.035078 0.033867
0 0.308773 0.755830 0.033953 0.030449
0 0.837859 0.558047 0.034156 0.033789
0 0.462242 0.711201 0.035359 0.032559
0 0.043422 0.937959 0.031031 0.033926
0 0.678789 0.736807 0.037328 0.032129
0 0.186117 0.919678 0.034109 0.032129
0 0.338813 0.882617 0.035438 0.030078
0 0.873977 0.672441 0.032203 0.034023
0 0.551859 0.214346 0.038250 0.034551