0 0.619102 0.385156 0.036953 0.033711
0 0.227789 0.429941 0.038641 0.034258
0 0.466867 0.808213 0.033953 0.034668
0 0.422102 0.406816 0.035859 0.039531
0 0.122523 0.749580 0.035422 0.030605
0 0.781266 0.353477 0.034594 0.033750
0 0.263094 0.588613 0.034906 0.035117
0 0.625875 0.648584 0.035656 0.036191
0 0.444266 0.553574 0.034844 0.032500
0 0.988898 0.284814 0.022203 0.038809
0 0.605234 0.538398 0.035906 0.030391
0 0.798656 0.476562 0.034625 0.033945
0 0.991555 0.420840 0.016891 0.036602
0 0.979000 0.155840 0.033437 0.039766
0 0.382125 0.244512 0.036406 0.034531
0 0.789836 0.183164 0.040297 0.038867
0 0.176937 0.265801 0.041500 0.036836
0 0.031953 0.454648 0.038906 0.035078
0 0.074430 0.612695 0.035078 0.033867
0 0.300734 0.726641 0.033937 0.030469
0 0.810789 0.601641 0.034172 0.033789
0 0.993398 0.553184 0.013203 0.034922
0 0.438398 0.694033 0.035359 0.032559
0 0.017523 0.886455 0.028078 0.037637
0 0.647008 0.760420 0.037328 0.032129
0 0.167063 0.872852 0.034125 0.032148
0 0.307672 0.848262 0.035438 0.030078
0 0.829367 0.719229 0.032203 0.033574
0 0.583406 0.251455 0.038250 0.034551