0 0.610992 0.376035 0.036953 0.033711
0 0.214805 0.432402 0.038641 0.034258
0 0.483398 0.808770 0.033953 0.034648
0 0.410570 0.407285 0.035859 0.039531
0 0.129883 0.770664 0.035422 0.030625
0 0.778680 0.336465 0.034609 0.033750
0 0.263891 0.596631 0.034906 0.035098
0 0.637687 0.640146 0.035656 0.036191
0 0.448156 0.558232 0.034844 0.032520
0 0.988203 0.249600 0.023594 0.038809
0 0.609500 0.535430 0.035906 0.030391
0 0.806484 0.456025 0.034625 0.033965
0 0.968477 0.122725 0.033453 0.037051
0 0.362094 0.229004 0.036406 0.034531
0 0.776672 0.156875 0.040281 0.038867
0 0.154133 0.253047 0.041484 0.036836
0 0.022523 0.458672 0.032547 0.035078
0 0.074477 0.625049 0.035078 0.033887
0 0.304945 0.741934 0.033953 0.030469
0 0.828977 0.580059 0.034172 0.033789
0 0.450883 0.703018 0.035359 0.032559
0 0.031094 0.913438 0.029625 0.035703
0 0.663648 0.748057 0.037328 0.032129
0 0.177047 0.897383 0.034125 0.032148
0 0.323984 0.866270 0.035438 0.030078
0 0.853234 0.699463 0.032219 0.030762
0 0.566875 0.232002 0.038250 0.034551