0 0.575680 0.334277 0.036953 0.033711
0 0.192367 0.421240 0.038641 0.033770
0 0.553414 0.802578 0.033953 0.033594
0 0.383211 0.384687 0.035859 0.037539
0 0.178781 0.839297 0.035406 0.030625
0 0.760844 0.266680 0.037156 0.031562
0 0.276055 0.623662 0.034891 0.035098
0 0.677125 0.600557 0.035656 0.036191
0 0.446914 0.581934 0.034828 0.032500
0 0.974852 0.084580 0.035359 0.034395
0 0.622969 0.520127 0.036187 0.032246
0 0.813078 0.360508 0.034625 0.033945
0 0.290344 0.154004 0.036406 0.034531
0 0.708656 0.047207 0.040281 0.034414
0 0.095359 0.192764 0.040688 0.035723
0 0.011687 0.454160 0.023375 0.035078
0 0.095367 0.657734 0.035078 0.033867
0 0.341117 0.802061 0.033953 0.030449
0 0.868734 0.463594 0.034156 0.033789
0 0.499258 0.741025 0.035359 0.032559
0 0.731187 0.681104 0.037312 0.032129
0 0.239828 0.991094 0.034125 0.017813
0 0.393969 0.934316 0.035438 0.030078
0 0.928469 0.562354 0.032469 0.033027
0 0.497406 0.145107 0.038250 0.034551
0 0.015094 0.870713 0.028938 0.029160