0 0.597742 0.361133 0.036953 0.033711
0 0.197070 0.433691 0.038641 0.034258
0 0.510461 0.809697 0.033953 0.034668
0 0.394852 0.403438 0.035859 0.039531
0 0.145094 0.805176 0.035406 0.030625
0 0.774445 0.308633 0.034609 0.033750
0 0.265172 0.609736 0.034906 0.035098
0 0.657008 0.626338 0.035641 0.036191
0 0.446141 0.570059 0.034844 0.032500
0 0.986281 0.188350 0.027437 0.038809
0 0.616484 0.530566 0.035906 0.030391
0 0.816125 0.422441 0.034625 0.033945
0 0.953281 0.062861 0.036281 0.036309
0 0.331977 0.201426 0.036391 0.034531
0 0.755141 0.113848 0.040281 0.038867
0 0.122531 0.232168 0.041500 0.036836
0 0.011289 0.464160 0.022578 0.035078
0 0.076773 0.643633 0.035078 0.033867
0 0.314992 0.766299 0.033953 0.030449
0 0.847437 0.539395 0.034156 0.033789
0 0.471320 0.717744 0.035359 0.032559
0 0.055531 0.957568 0.027656 0.032520
0 0.690891 0.727803 0.037312 0.032129
0 0.194953 0.938838 0.034125 0.032129
0 0.350672 0.895723 0.035438 0.030078
0 0.888836 0.652412 0.032203 0.034355
0 0.539844 0.200205 0.038250 0.034551