0 0.594055 0.356992 0.036953 0.033711
0 0.193688 0.432842 0.038656 0.034277
0 0.517977 0.809951 0.033953 0.034668
0 0.391867 0.400352 0.035859 0.039531
0 0.150695 0.814766 0.035422 0.030625
0 0.773273 0.300898 0.034609 0.033750
0 0.265531 0.613379 0.034906 0.035117
0 0.662375 0.622510 0.035656 0.036191
0 0.445578 0.573340 0.034844 0.032500
0 0.985641 0.171416 0.028719 0.038809
0 0.618422 0.529219 0.035906 0.030391
0 0.817422 0.413105 0.034625 0.033945
0 0.951039 0.045928 0.037234 0.036309
0 0.324766 0.192812 0.036406 0.034531
0 0.749156 0.101895 0.040281 0.038867
0 0.116250 0.226367 0.041500 0.036836
0 0.010000 0.465205 0.020000 0.035059
0 0.078367 0.648076 0.035078 0.033887
0 0.319164 0.772783 0.033953 0.030449
0 0.853641 0.527656 0.034156 0.033789
0 0.476992 0.721846 0.035359 0.032559
0 0.063219 0.968115 0.029156 0.032520
0 0.698461 0.722178 0.037328 0.032129
0 0.200625 0.950937 0.034125 0.032148
0 0.358078 0.903887 0.035437 0.030078
0 0.897961 0.640010 0.032203 0.034355
0 0.532328 0.191357 0.038250 0.034551