0 0.547289 0.317773 0.036953 0.033711
0 0.197242 0.403027 0.037734 0.032656
0 0.593383 0.789443 0.033953 0.032559
0 0.372695 0.368477 0.035859 0.035195
0 0.221312 0.861025 0.035406 0.030605
0 0.735617 0.230498 0.034609 0.031934
0 0.293578 0.631777 0.034906 0.033789
0 0.691922 0.564287 0.035656 0.036191
0 0.454883 0.592012 0.034828 0.032500
0 0.930117 0.004785 0.020703 0.009570
0 0.627734 0.510352 0.036469 0.034102
0 0.801719 0.302773 0.034625 0.033945
0 0.267031 0.109395 0.037000 0.034531
0 0.651289 0.004648 0.028516 0.009297
0 0.085758 0.146318 0.039859 0.034629
0 0.031703 0.434092 0.033063 0.034902
0 0.131164 0.656631 0.035078 0.033887
0 0.368195 0.833770 0.033953 0.030195
0 0.873117 0.384277 0.034672 0.033789
0 0.524648 0.749053 0.035359 0.032559
0 0.760617 0.629326 0.037328 0.032129
0 0.442375 0.962012 0.035438 0.030078
0 0.945992 0.463516 0.033328 0.031484
0 0.455180 0.093330 0.038766 0.034863
0 0.071609 0.884424 0.032094 0.029160
0 0.994453 0.095107 0.011094 0.034355