0 0.448164 0.302754 0.036953 0.033711
0 0.278969 0.294766 0.032719 0.031875
0 0.713055 0.690557 0.032328 0.030449
0 0.363086 0.302246 0.035859 0.029961
0 0.435328 0.841885 0.033000 0.030605
0 0.573305 0.183369 0.034609 0.034082
0 0.395336 0.591152 0.034891 0.031484
0 0.701133 0.441729 0.035641 0.036191
0 0.468297 0.604229 0.034844 0.032520
0 0.600648 0.479102 0.036484 0.034102
0 0.683750 0.160977 0.034625 0.033945
0 0.205891 0.296875 0.034500 0.029375
0 0.327773 0.572168 0.035078 0.029062
0 0.503820 0.866602 0.033953 0.028672
0 0.793711 0.146719 0.037609 0.033789
0 0.615898 0.730049 0.035359 0.032559
0 0.793836 0.415693 0.037328 0.032129
0 0.634437 0.954082 0.035438 0.030078
0 0.898617 0.138672 0.036484 0.031484
0 0.318125 0.007871 0.036750 0.015742
0 0.361258 0.811680 0.032078 0.029141
0 0.285281 0.772246 0.031844 0.027695
0 0.251211 0.556650 0.033578 0.028301
0 0.139688 0.287979 0.030844 0.027871
0 0.188703 0.537412 0.034500 0.027598
0 0.282047 0.936299 0.031344 0.027598
0 0.095094 0.827686 0.032156 0.025098
0 0.107383 0.664971 0.031047 0.027676
0 0.112484 0.520996 0.032812 0.024414
0 0.079344 0.280293 0.029312 0.027969
0 0.080312 0.007100 0.029812 0.014199
0 0.023148 0.276104 0.025078 0.022832
0 0.020031 0.010098 0.031500 0.020195
0 0.082648 0.984551 0.031078 0.025312