0 0.538586 0.315273 0.036953 0.033711
0 0.202078 0.394717 0.036687 0.031895
0 0.603961 0.782891 0.033953 0.032539
0 0.368242 0.363457 0.035859 0.035195
0 0.234492 0.864473 0.035422 0.030625
0 0.725492 0.222930 0.034609 0.032383
0 0.302000 0.631787 0.034906 0.032285
0 0.696523 0.554893 0.035641 0.036191
0 0.453758 0.596035 0.034828 0.032500
0 0.629328 0.508574 0.036469 0.034102
0 0.794859 0.288828 0.034625 0.033945
0 0.261602 0.095469 0.037672 0.034531
0 0.088195 0.131221 0.039859 0.034629
0 0.040633 0.424277 0.033359 0.034727
0 0.145594 0.653193 0.035094 0.033887
0 0.377102 0.841113 0.033953 0.029883
0 0.872258 0.360938 0.035297 0.033789
0 0.532289 0.749590 0.035359 0.032539
0 0.765992 0.611709 0.037328 0.032129
0 0.457188 0.966562 0.035438 0.030078
0 0.947164 0.435430 0.033984 0.031484
0 0.442820 0.081084 0.039359 0.035215
0 0.091086 0.884053 0.032078 0.029160
0 0.989289 0.060010 0.021422 0.034355