0 0.536086 0.314570 0.036953 0.033711
0 0.203461 0.392344 0.036391 0.031680
0 0.606977 0.781016 0.033953 0.032539
0 0.366961 0.362031 0.035859 0.035195
0 0.238258 0.865459 0.035422 0.030605
0 0.722602 0.220771 0.034609 0.032520
0 0.304406 0.631787 0.034906 0.031855
0 0.697836 0.552207 0.035641 0.036211
0 0.453438 0.597187 0.034844 0.032500
0 0.629789 0.508066 0.036484 0.034102
0 0.792906 0.284844 0.034625 0.033945
0 0.260047 0.091504 0.037875 0.034531
0 0.088883 0.126914 0.039859 0.034648
0 0.043188 0.421475 0.033438 0.034668
0 0.149711 0.652207 0.035078 0.033867
0 0.379648 0.843213 0.033953 0.029785
0 0.872008 0.354277 0.035453 0.033789
0 0.534477 0.749736 0.035359 0.032559
0 0.767531 0.606670 0.037313 0.032129
0 0.461422 0.967852 0.035437 0.030078
0 0.947508 0.427422 0.034172 0.031484
0 0.439297 0.077588 0.039531 0.035332
0 0.096656 0.883936 0.032094 0.029160
0 0.004602 0.679854 0.008672 0.025762
0 0.986742 0.050928 0.025266 0.034355