0 0.475680 0.304648 0.036953 0.033711
0 0.252203 0.328115 0.036406 0.031426
0 0.682891 0.726699 0.032906 0.031172
0 0.365773 0.319482 0.035859 0.032324
0 0.363258 0.866045 0.035422 0.030605
0 0.623852 0.189971 0.034609 0.034082
0 0.362820 0.610732 0.034891 0.035098
0 0.700398 0.478809 0.035641 0.036211
0 0.463344 0.606836 0.034844 0.032500
0 0.611586 0.488008 0.036484 0.034102
0 0.722078 0.195234 0.034625 0.033945
0 0.240086 0.014199 0.040359 0.028398
0 0.125727 0.031807 0.039859 0.032520
0 0.148859 0.339697 0.034500 0.032012
0 0.267492 0.605479 0.035078 0.033887
0 0.456258 0.869531 0.033953 0.028672
0 0.822250 0.210195 0.037625 0.033789
0 0.592570 0.745576 0.035359 0.032559
0 0.789516 0.475850 0.037312 0.032129
0 0.578094 0.967656 0.035438 0.030078
0 0.920008 0.226738 0.036484 0.031484
0 0.357148 0.017803 0.041672 0.032246
0 0.270398 0.850381 0.032078 0.029160
0 0.176133 0.816523 0.031859 0.027695
0 0.166477 0.605430 0.033578 0.028281
0 0.057320 0.338896 0.029328 0.030762
0 0.080398 0.595449 0.034891 0.027617
0 0.191703 0.974873 0.031344 0.023770
0 0.012391 0.888574 0.021594 0.023555
0 0.004914 0.728438 0.009828 0.019883
0 0.019805 0.045283 0.039609 0.034512