0 0.528633 0.312441 0.036953 0.033711
0 0.207617 0.385215 0.035484 0.031055
0 0.616023 0.775410 0.033953 0.032539
0 0.364773 0.357187 0.035859 0.035195
0 0.249555 0.868418 0.035422 0.030625
0 0.712398 0.214707 0.034609 0.032891
0 0.311617 0.631797 0.034891 0.030547
0 0.699812 0.544463 0.035656 0.036191
0 0.453156 0.600430 0.034844 0.032500
0 0.629195 0.506250 0.036484 0.034102
0 0.787031 0.272871 0.034625 0.033945
0 0.255391 0.079570 0.038469 0.034531
0 0.090977 0.113984 0.039859 0.034648
0 0.052477 0.412803 0.033703 0.034512
0 0.163562 0.649268 0.035094 0.033887
0 0.387289 0.849512 0.033953 0.029531
0 0.869398 0.334922 0.035984 0.033789
0 0.541039 0.750205 0.035359 0.032559
0 0.772141 0.591553 0.037312 0.032129
0 0.474117 0.971738 0.035422 0.030078
0 0.947664 0.402930 0.034734 0.031484
0 0.428711 0.067090 0.040047 0.035625
0 0.113352 0.883623 0.032078 0.029160
0 0.014844 0.673320 0.026687 0.025781
0 0.977305 0.028838 0.036641 0.034355