0 0.544797 0.317051 0.036937 0.033711
0 0.198625 0.400654 0.037437 0.032441
0 0.596414 0.787568 0.033953 0.032559
0 0.371430 0.367051 0.035859 0.035195
0 0.225078 0.862012 0.035406 0.030625
0 0.732727 0.228340 0.034609 0.032070
0 0.295984 0.631777 0.034906 0.033359
0 0.693234 0.561611 0.035656 0.036191
0 0.454562 0.593164 0.034844 0.032500
0 0.628187 0.509844 0.036469 0.034102
0 0.799766 0.298789 0.034625 0.033945
0 0.265484 0.105410 0.037188 0.034531
0 0.646383 0.002803 0.028516 0.005605
0 0.086453 0.142002 0.039844 0.034629
0 0.034250 0.431289 0.033156 0.034844
0 0.135289 0.655645 0.035078 0.033867
0 0.370742 0.835869 0.033953 0.030098
0 0.872875 0.377617 0.034844 0.033789
0 0.526836 0.749209 0.035359 0.032559
0 0.762148 0.624297 0.037328 0.032109
0 0.446609 0.963320 0.035438 0.030078
0 0.946328 0.455488 0.033531 0.031484
0 0.451656 0.089844 0.038937 0.034961
0 0.077180 0.884307 0.032078 0.029160
0 0.993609 0.086104 0.012781 0.034355