0 0.484609 0.305078 0.036938 0.033711
0 0.244695 0.337539 0.037328 0.032187
0 0.674375 0.735762 0.033188 0.031563
0 0.366039 0.324893 0.035859 0.033496
0 0.344859 0.869180 0.035406 0.030625
0 0.638203 0.192764 0.034594 0.034082
0 0.355187 0.615244 0.034906 0.035098
0 0.699625 0.489658 0.035656 0.036191
0 0.461953 0.607568 0.034844 0.032520
0 0.614383 0.489922 0.036484 0.034102
0 0.733000 0.206191 0.034625 0.033945
0 0.242219 0.022627 0.040344 0.032441
0 0.117281 0.044980 0.039844 0.033398
0 0.132766 0.351895 0.034500 0.032812
0 0.251367 0.614756 0.035078 0.033887
0 0.446977 0.869492 0.033953 0.028672
0 0.829633 0.229531 0.037609 0.033789
0 0.585258 0.748936 0.035359 0.032559
0 0.788570 0.493135 0.037328 0.032129
0 0.561391 0.969727 0.035438 0.030078
0 0.925766 0.253262 0.036500 0.031484
0 0.368570 0.021670 0.041672 0.034043
0 0.244227 0.858467 0.032078 0.029160
0 0.144844 0.827432 0.031844 0.027676
0 0.144430 0.616836 0.033578 0.028281
0 0.034500 0.353125 0.028594 0.031367
0 0.048117 0.611943 0.036297 0.027598
0 0.165031 0.983936 0.031344 0.022520
0 0.011820 0.060596 0.023641 0.032715