0 0.517445 0.309238 0.036953 0.033711
0 0.214539 0.374053 0.035516 0.031074
0 0.629617 0.766982 0.033953 0.032559
0 0.363945 0.349062 0.035859 0.035195
0 0.268719 0.871836 0.035406 0.030625
0 0.695227 0.207061 0.034609 0.033457
0 0.322438 0.630801 0.034906 0.030586
0 0.699297 0.532881 0.035656 0.036191
0 0.454313 0.603984 0.034844 0.032500
0 0.625156 0.503066 0.036469 0.034102
0 0.776875 0.255146 0.034625 0.033965
0 0.249664 0.062910 0.039359 0.034531
0 0.094102 0.095635 0.039859 0.034629
0 0.070000 0.399336 0.034094 0.034258
0 0.186539 0.644844 0.035078 0.033867
0 0.400367 0.857705 0.033953 0.029121
0 0.861391 0.308301 0.036750 0.033789
0 0.550867 0.750889 0.035359 0.032559
0 0.778883 0.568037 0.037328 0.032129
0 0.493563 0.975547 0.035438 0.030078
0 0.945688 0.365820 0.035562 0.031484
0 0.413383 0.052734 0.040828 0.036094
0 0.140008 0.882646 0.032078 0.029160
0 0.015250 0.863428 0.027906 0.027676
0 0.046953 0.663193 0.033563 0.025762
0 0.956687 0.005420 0.036656 0.010840