0 0.493539 0.305508 0.036953 0.033711
0 0.237172 0.346963 0.038250 0.032949
0 0.665352 0.744609 0.033453 0.031914
0 0.366305 0.330313 0.035859 0.034687
0 0.326469 0.871055 0.035406 0.030625
0 0.652547 0.195557 0.034594 0.034082
0 0.347555 0.619746 0.034891 0.035117
0 0.698852 0.500498 0.035641 0.036191
0 0.460453 0.608008 0.034844 0.032500
0 0.617047 0.492168 0.036469 0.034102
0 0.743906 0.217139 0.034625 0.033965
0 0.244344 0.032344 0.040344 0.033906
0 0.108836 0.058145 0.039859 0.034258
0 0.116672 0.364102 0.034500 0.033633
0 0.235258 0.624033 0.035078 0.033887
0 0.437680 0.869463 0.033953 0.028691
0 0.837023 0.248848 0.037609 0.033789
0 0.577664 0.751787 0.035359 0.032559
0 0.787625 0.510420 0.037312 0.032129
0 0.544687 0.971777 0.035438 0.030078
0 0.931523 0.279785 0.036484 0.031484
0 0.379992 0.025518 0.041672 0.035840
0 0.218062 0.866563 0.032094 0.029141
0 0.113563 0.838350 0.031844 0.027676
0 0.122375 0.628223 0.033563 0.028281
0 0.013039 0.367168 0.024141 0.035547
0 0.017680 0.628730 0.033672 0.027617
0 0.138680 0.991455 0.034547 0.017090
0 0.003289 0.075518 0.006578 0.021348