0 0.450477 0.302754 0.036953 0.033711
0 0.276836 0.297100 0.033047 0.032129
0 0.710664 0.693828 0.032328 0.030430
0 0.363477 0.303408 0.035859 0.029941
0 0.429180 0.844268 0.032984 0.030605
0 0.577273 0.183555 0.034609 0.034102
0 0.392586 0.592812 0.034891 0.031484
0 0.701281 0.444531 0.035656 0.036211
0 0.467906 0.604434 0.034844 0.032500
0 0.601617 0.480020 0.036484 0.034102
0 0.686750 0.163223 0.034625 0.033945
0 0.149266 0.005098 0.039844 0.010195
0 0.201375 0.300225 0.034500 0.029551
0 0.322914 0.575293 0.035078 0.029062
0 0.499352 0.867266 0.033953 0.028672
0 0.796211 0.151230 0.037609 0.033789
0 0.614305 0.731650 0.035359 0.032559
0 0.793398 0.420342 0.037328 0.032129
0 0.630266 0.955801 0.035438 0.030078
0 0.900414 0.145039 0.036484 0.031484
0 0.320828 0.008584 0.039219 0.017168
0 0.354055 0.815234 0.032078 0.029141
0 0.276516 0.776104 0.031844 0.027676
0 0.244539 0.560586 0.033578 0.028281
0 0.133000 0.292061 0.030844 0.028184
0 0.180500 0.542207 0.034500 0.027617
0 0.275312 0.940020 0.031344 0.027344
0 0.088547 0.832598 0.032156 0.025078
0 0.098484 0.669873 0.031062 0.027676
0 0.101844 0.525957 0.032813 0.024414
0 0.070898 0.285322 0.029297 0.027988
0 0.076227 0.008320 0.034703 0.016641
0 0.013227 0.282119 0.024484 0.022090
0 0.015188 0.011934 0.030375 0.023867
0 0.078336 0.988535 0.029328 0.021055