0 0.440086 0.302754 0.036953 0.033711
0 0.286438 0.286641 0.031531 0.030977
0 0.721398 0.679092 0.032328 0.030449
0 0.361711 0.298164 0.035859 0.029961
0 0.455609 0.833066 0.033000 0.030625
0 0.559383 0.182725 0.034609 0.034082
0 0.404945 0.585371 0.034891 0.031484
0 0.700617 0.431943 0.035641 0.036191
0 0.469688 0.603496 0.034844 0.032500
0 0.597242 0.475879 0.036484 0.034102
0 0.673234 0.153125 0.034625 0.033945
0 0.221687 0.285166 0.034500 0.028730
0 0.344789 0.561211 0.035078 0.029062
0 0.518242 0.863555 0.033953 0.028672
0 0.784953 0.130918 0.037625 0.033789
0 0.621148 0.724775 0.035359 0.032559
0 0.795383 0.399424 0.037328 0.032129
0 0.649039 0.946992 0.035422 0.030078
0 0.892328 0.116387 0.036500 0.031484
0 0.305531 0.005928 0.026281 0.011855
0 0.385992 0.799346 0.032078 0.029160
0 0.315266 0.758877 0.031844 0.027676
0 0.274578 0.542910 0.033562 0.028281
0 0.163047 0.273672 0.030844 0.026758
0 0.217391 0.520674 0.034500 0.027598
0 0.305594 0.923281 0.031344 0.028398
0 0.119695 0.812041 0.032141 0.025293
0 0.135297 0.648154 0.031062 0.027676
0 0.149766 0.503594 0.032813 0.024414
0 0.108891 0.262686 0.029312 0.027988
0 0.057867 0.255049 0.027172 0.025371
0 0.097898 0.971016 0.031953 0.027461