0 0.549773 0.318477 0.036953 0.033711
0 0.195852 0.405400 0.038047 0.032871
0 0.590367 0.791309 0.033953 0.032539
0 0.373977 0.369902 0.035859 0.035195
0 0.217547 0.860039 0.035406 0.030625
0 0.738508 0.232666 0.034609 0.031816
0 0.291172 0.631768 0.034906 0.034238
0 0.690609 0.566982 0.035656 0.036191
0 0.455203 0.590859 0.034844 0.032500
0 0.939258 0.007627 0.030484 0.015254
0 0.627273 0.510840 0.036484 0.034102
0 0.803672 0.306758 0.034625 0.033945
0 0.268586 0.113359 0.036797 0.034531
0 0.658492 0.006484 0.036359 0.012969
0 0.085055 0.150625 0.039859 0.034648
0 0.029148 0.436895 0.032984 0.034961
0 0.127039 0.657607 0.035078 0.033887
0 0.365648 0.831660 0.033953 0.030273
0 0.873367 0.390937 0.034516 0.033789
0 0.522461 0.748896 0.035359 0.032559
0 0.759086 0.634365 0.037328 0.032129
0 0.438141 0.960723 0.035438 0.030078
0 0.945648 0.471543 0.033141 0.031484
0 0.458711 0.096836 0.038578 0.034766
0 0.066047 0.884521 0.032094 0.029160
0 0.996063 0.100635 0.007875 0.034355