0 0.488438 0.305254 0.036938 0.033711
0 0.241469 0.341572 0.037719 0.032520
0 0.670727 0.739639 0.033297 0.031699
0 0.366156 0.327217 0.035875 0.034004
0 0.336977 0.870264 0.035422 0.030605
0 0.644352 0.193955 0.034609 0.034082
0 0.351914 0.617168 0.034891 0.035117
0 0.699297 0.494307 0.035656 0.036191
0 0.461359 0.607881 0.034844 0.032520
0 0.615578 0.490742 0.036469 0.034102
0 0.737672 0.210879 0.034625 0.033945
0 0.243125 0.026787 0.040344 0.033066
0 0.113664 0.050625 0.039859 0.033750
0 0.125875 0.357129 0.034500 0.033164
0 0.244461 0.618730 0.035078 0.033867
0 0.442992 0.869482 0.033953 0.028691
0 0.832797 0.237812 0.037625 0.033789
0 0.582133 0.750361 0.035359 0.032559
0 0.788164 0.500537 0.037328 0.032129
0 0.554234 0.970605 0.035438 0.030078
0 0.928227 0.264629 0.036484 0.031484
0 0.373461 0.023320 0.041672 0.034805
0 0.233016 0.861943 0.032094 0.029160
0 0.131438 0.832109 0.031844 0.027695
0 0.134977 0.621719 0.033578 0.028281
0 0.024711 0.359219 0.028266 0.031602
0 0.034281 0.619014 0.036906 0.027598
0 0.153609 0.987803 0.031344 0.021973
0 0.008000 0.067568 0.016000 0.029004