0 0.503305 0.305684 0.036953 0.033711
0 0.226023 0.358428 0.038641 0.033301
0 0.648148 0.755459 0.033859 0.032441
0 0.363781 0.338398 0.035875 0.035195
0 0.300187 0.873018 0.035406 0.030605
0 0.673039 0.199541 0.034609 0.034082
0 0.336648 0.626182 0.034891 0.035098
0 0.697750 0.515986 0.035656 0.036191
0 0.457437 0.606113 0.034844 0.032500
0 0.619695 0.498281 0.036484 0.034102
0 0.759484 0.232783 0.034625 0.033965
0 0.245922 0.044746 0.040344 0.034531
0 0.099281 0.074521 0.039844 0.034629
0 0.095922 0.380879 0.034500 0.033984
0 0.212242 0.637285 0.035078 0.033867
0 0.421383 0.865273 0.033953 0.028672
0 0.847578 0.276465 0.037625 0.033789
0 0.564430 0.751680 0.035359 0.032539
0 0.786273 0.535117 0.037328 0.032109
0 0.520844 0.974727 0.035438 0.030078
0 0.939742 0.317676 0.036484 0.031484
0 0.394773 0.037061 0.041672 0.036621
0 0.180680 0.878135 0.032078 0.029160
0 0.068094 0.852178 0.031844 0.027676
0 0.090867 0.644512 0.033578 0.028281