0 0.464219 0.303594 0.036938 0.033711
0 0.262953 0.314316 0.035094 0.031016
0 0.695063 0.713760 0.032500 0.030645
0 0.365398 0.311748 0.035859 0.030645
0 0.390586 0.858213 0.032984 0.030605
0 0.603367 0.185977 0.034609 0.034102
0 0.375141 0.603330 0.034906 0.032676
0 0.701500 0.463320 0.035656 0.036211
0 0.465328 0.605791 0.034844 0.032520
0 0.607594 0.485254 0.036469 0.034102
0 0.706500 0.179590 0.034625 0.033945
0 0.241719 0.008359 0.040344 0.016719
0 0.136477 0.015039 0.039859 0.030078
0 0.171852 0.322246 0.034516 0.030859
0 0.291398 0.593867 0.035078 0.030664
0 0.472672 0.870059 0.033938 0.028672
0 0.811695 0.182598 0.037609 0.033789
0 0.603008 0.740791 0.035359 0.032559
0 0.790867 0.451152 0.037328 0.032109
0 0.601945 0.964707 0.035422 0.030078
0 0.911789 0.188848 0.036484 0.031484
0 0.340898 0.013291 0.041672 0.026582
0 0.306859 0.837393 0.032094 0.029160
0 0.220828 0.800928 0.031844 0.027676
0 0.200594 0.586230 0.033563 0.028281
0 0.089922 0.318564 0.030406 0.029941
0 0.125625 0.572744 0.034500 0.027598
0 0.229797 0.961934 0.031344 0.025586
0 0.044320 0.864854 0.032141 0.025098
0 0.040516 0.702100 0.031062 0.025254
0 0.033680 0.558145 0.028672 0.024414
0 0.015258 0.316836 0.025797 0.026445
0 0.044203 0.025020 0.039594 0.034023