0 0.533602 0.313867 0.036953 0.033711
0 0.204852 0.389961 0.036078 0.031484
0 0.609992 0.779150 0.033953 0.032559
0 0.365695 0.360605 0.035859 0.035195
0 0.242023 0.866445 0.035422 0.030625
0 0.719711 0.218604 0.034609 0.032637
0 0.306813 0.631797 0.034906 0.031406
0 0.699148 0.549521 0.035641 0.036191
0 0.453109 0.598340 0.034844 0.032500
0 0.630242 0.507578 0.036484 0.034102
0 0.790953 0.280850 0.034625 0.033965
0 0.258492 0.087520 0.038078 0.034531
0 0.089586 0.122607 0.039859 0.034629
0 0.045734 0.418672 0.033531 0.034609
0 0.153836 0.651230 0.035078 0.033867
0 0.382195 0.845322 0.033953 0.029707
0 0.871766 0.347617 0.035625 0.033789
0 0.536664 0.749893 0.035359 0.032559
0 0.769070 0.601631 0.037328 0.032129
0 0.465656 0.969141 0.035438 0.030078
0 0.947844 0.419395 0.034344 0.031484
0 0.435773 0.074082 0.039703 0.035430
0 0.102227 0.883838 0.032078 0.029160
0 0.007695 0.677705 0.015203 0.025762
0 0.983594 0.043564 0.029062 0.034355