0 0.498227 0.305684 0.036953 0.033711
0 0.232820 0.352070 0.038641 0.033281
0 0.658469 0.748955 0.033625 0.032129
0 0.366039 0.333457 0.035859 0.035195
0 0.315953 0.871836 0.035406 0.030625
0 0.660742 0.197148 0.034609 0.034102
0 0.343187 0.622324 0.034906 0.035117
0 0.698414 0.506689 0.035641 0.036191
0 0.459250 0.607246 0.034844 0.032500
0 0.618109 0.494609 0.036469 0.034102
0 0.750141 0.223398 0.034625 0.033945
0 0.245352 0.037676 0.040359 0.034531
0 0.104375 0.065322 0.039844 0.034629
0 0.107797 0.370986 0.034500 0.033965
0 0.226055 0.629336 0.035078 0.033867
0 0.430453 0.868643 0.033938 0.028691
0 0.841242 0.259902 0.037609 0.033789
0 0.572367 0.751748 0.035359 0.032559
0 0.787086 0.520303 0.037328 0.032129
0 0.535156 0.972949 0.035437 0.030078
0 0.934805 0.294941 0.036484 0.031484
0 0.386289 0.028584 0.041672 0.036621
0 0.203117 0.871191 0.032078 0.029141
0 0.095680 0.844590 0.031859 0.027695
0 0.109773 0.634746 0.033578 0.028281
0 0.005102 0.381328 0.009547 0.032070
0 0.007273 0.638154 0.014547 0.033145
0 0.122891 0.991172 0.035625 0.015000