0 0.497367 0.305684 0.036953 0.033711
0 0.233945 0.351006 0.038641 0.033301
0 0.660187 0.747871 0.033594 0.032070
0 0.366422 0.332617 0.035875 0.035195
0 0.318586 0.871641 0.035422 0.030625
0 0.658695 0.196748 0.034609 0.034082
0 0.344281 0.621680 0.034906 0.035117
0 0.698523 0.505146 0.035641 0.036191
0 0.459547 0.607441 0.034844 0.032500
0 0.617844 0.494004 0.036469 0.034102
0 0.748578 0.221836 0.034625 0.033945
0 0.245258 0.036504 0.040359 0.034531
0 0.105219 0.063799 0.039844 0.034629
0 0.109781 0.369336 0.034500 0.033984
0 0.228352 0.628008 0.035078 0.033867
0 0.432258 0.868848 0.033953 0.028672
0 0.840188 0.257129 0.037625 0.033789
0 0.573695 0.751758 0.035359 0.032539
0 0.787227 0.517832 0.037328 0.032109
0 0.537531 0.972656 0.035438 0.030078
0 0.933984 0.291152 0.036500 0.031484
0 0.384883 0.027178 0.041672 0.036621
0 0.206852 0.870029 0.032078 0.029160
0 0.100148 0.843027 0.031859 0.027695
0 0.112922 0.633115 0.033563 0.028301
0 0.007109 0.377217 0.013156 0.034473
0 0.009820 0.635898 0.019641 0.031289
0 0.126922 0.991533 0.035625 0.015176