0 0.482055 0.304961 0.036953 0.033711
0 0.246836 0.334854 0.037078 0.031973
0 0.676812 0.733174 0.033094 0.031426
0 0.365961 0.323340 0.035859 0.033164
0 0.350117 0.868281 0.035422 0.030625
0 0.634102 0.191963 0.034609 0.034082
0 0.357367 0.613955 0.034891 0.035098
0 0.699844 0.486553 0.035656 0.036191
0 0.462344 0.607363 0.034844 0.032500
0 0.613586 0.489375 0.036484 0.034102
0 0.729875 0.203057 0.034625 0.033965
0 0.241609 0.019854 0.040344 0.032012
0 0.119695 0.041221 0.039859 0.033145
0 0.137367 0.348408 0.034516 0.032598
0 0.255977 0.612109 0.035078 0.033867
0 0.449633 0.869512 0.033953 0.028672
0 0.827523 0.224004 0.037609 0.033789
0 0.587352 0.747979 0.035359 0.032559
0 0.788836 0.488193 0.037328 0.032129
0 0.566164 0.969121 0.035422 0.030078
0 0.924117 0.245684 0.036484 0.031484
0 0.365305 0.020557 0.041672 0.033535
0 0.251703 0.856162 0.032094 0.029160
0 0.153781 0.824316 0.031844 0.027695
0 0.150727 0.613574 0.033578 0.028281
0 0.041016 0.349053 0.028812 0.031191
0 0.057344 0.607236 0.035906 0.027598
0 0.172656 0.981338 0.031344 0.022871
0 0.014469 0.055596 0.028937 0.034512