0 0.539820 0.315645 0.036953 0.033711
0 0.201391 0.395908 0.036844 0.032012
0 0.602445 0.783828 0.033953 0.032539
0 0.368883 0.364180 0.035859 0.035195
0 0.232609 0.863984 0.035406 0.030625
0 0.726945 0.224014 0.034609 0.032324
0 0.300797 0.631777 0.034906 0.032500
0 0.695859 0.556240 0.035656 0.036191
0 0.453922 0.595469 0.034844 0.032500
0 0.629102 0.508828 0.036484 0.034102
0 0.795844 0.290820 0.034625 0.033945
0 0.262375 0.097461 0.037594 0.034531
0 0.087844 0.133379 0.039844 0.034648
0 0.039359 0.425674 0.033313 0.034746
0 0.143531 0.653682 0.035094 0.033887
0 0.375836 0.840059 0.033953 0.029922
0 0.872383 0.364277 0.035203 0.033789
0 0.531211 0.749512 0.035359 0.032539
0 0.765227 0.614219 0.037328 0.032109
0 0.455070 0.965898 0.035422 0.030078
0 0.947008 0.439453 0.033891 0.031484
0 0.444594 0.082842 0.039281 0.035176
0 0.088305 0.884102 0.032078 0.029141
0 0.990266 0.065420 0.019469 0.034355