0 0.456242 0.302754 0.036953 0.033711
0 0.271508 0.302910 0.033891 0.032773
0 0.704695 0.702021 0.032328 0.030449
0 0.364461 0.306328 0.035859 0.029961
0 0.413812 0.850234 0.033000 0.030625
0 0.587211 0.184014 0.034609 0.034082
0 0.385711 0.596953 0.034891 0.031484
0 0.701648 0.451523 0.035641 0.036211
0 0.466906 0.604961 0.034844 0.032500
0 0.604047 0.482324 0.036469 0.034102
0 0.694266 0.168838 0.034625 0.033965
0 0.145664 0.009697 0.039859 0.019395
0 0.190078 0.308584 0.034500 0.030020
0 0.310773 0.583125 0.035078 0.029062
0 0.488180 0.868936 0.033953 0.028691
0 0.802469 0.162520 0.037625 0.033789
0 0.610352 0.735664 0.035359 0.032539
0 0.792289 0.431973 0.037328 0.032109
0 0.619828 0.960098 0.035437 0.030078
0 0.904906 0.160957 0.036500 0.031484
0 0.327211 0.010225 0.041672 0.020449
0 0.336047 0.824121 0.032094 0.029141
0 0.254609 0.785762 0.031844 0.027695
0 0.227852 0.570391 0.033578 0.028281
0 0.116312 0.302275 0.030844 0.028965
0 0.160016 0.554170 0.034500 0.027598
0 0.258500 0.949326 0.031344 0.026777
0 0.072188 0.844863 0.032156 0.025078
0 0.076234 0.682139 0.031062 0.027676
0 0.075203 0.538379 0.032813 0.024414
0 0.049797 0.297900 0.029313 0.027988
0 0.068195 0.012314 0.039609 0.024629
0 0.006875 0.019297 0.013750 0.026328