0 0.452773 0.302754 0.036953 0.033711
0 0.274711 0.299424 0.033391 0.032402
0 0.708273 0.697109 0.032328 0.030430
0 0.363867 0.304570 0.035859 0.029961
0 0.423031 0.846660 0.033000 0.030625
0 0.581258 0.183740 0.034609 0.034082
0 0.389836 0.594473 0.034891 0.031484
0 0.701430 0.447334 0.035641 0.036191
0 0.467500 0.604648 0.034844 0.032500
0 0.602594 0.480938 0.036469 0.034102
0 0.689750 0.165469 0.034625 0.033945
0 0.148609 0.006934 0.039844 0.013867
0 0.196859 0.303564 0.034500 0.029746
0 0.318055 0.578428 0.035078 0.029043
0 0.494883 0.867930 0.033953 0.028672
0 0.798719 0.155742 0.037625 0.033789
0 0.612727 0.733252 0.035359 0.032559
0 0.792953 0.425000 0.037312 0.032109
0 0.626094 0.957520 0.035438 0.030078
0 0.902211 0.151406 0.036484 0.031484
0 0.323523 0.009307 0.041672 0.018613
0 0.346852 0.818789 0.032078 0.029141
0 0.267750 0.779971 0.031844 0.027676
0 0.237867 0.564512 0.033578 0.028281
0 0.126328 0.296143 0.030844 0.028496
0 0.172313 0.546992 0.034500 0.027617
0 0.268594 0.943740 0.031344 0.027129
0 0.082000 0.837500 0.032156 0.025078
0 0.089578 0.674785 0.031062 0.027695
0 0.091188 0.530937 0.032813 0.024414
0 0.062461 0.290352 0.029297 0.027969
0 0.072125 0.009551 0.039594 0.019102
0 0.007727 0.289482 0.014484 0.022090
0 0.012492 0.013779 0.024984 0.027559
0 0.073969 0.991367 0.027625 0.016914