0 0.556055 0.320410 0.036953 0.033711
0 0.193055 0.410703 0.038641 0.033320
0 0.582789 0.795439 0.033953 0.032598
0 0.376859 0.373359 0.035875 0.035312
0 0.208133 0.857129 0.035422 0.030625
0 0.745258 0.238379 0.035016 0.031562
0 0.285844 0.631357 0.034906 0.035098
0 0.687180 0.574004 0.035641 0.036211
0 0.455406 0.588232 0.034844 0.032520
0 0.947219 0.015098 0.035375 0.029609
0 0.626195 0.512275 0.036453 0.034004
0 0.807984 0.317031 0.034625 0.033945
0 0.272828 0.122822 0.036406 0.034551
0 0.670102 0.011543 0.040297 0.023086
0 0.083977 0.161094 0.039891 0.034688
0 0.023180 0.443086 0.032609 0.035078
0 0.117430 0.659502 0.035078 0.033887
0 0.359578 0.826201 0.033937 0.030449
0 0.873734 0.407148 0.034156 0.033789
0 0.517164 0.748213 0.035359 0.032559
0 0.754773 0.646279 0.037328 0.032129
0 0.427797 0.957031 0.035438 0.030078
0 0.944523 0.491406 0.032766 0.031562
0 0.467344 0.105908 0.038250 0.034551
0 0.052227 0.883936 0.032078 0.029160