0 0.471852 0.304453 0.036953 0.033711
0 0.255430 0.324082 0.036016 0.031094
0 0.686547 0.722812 0.032781 0.031016
0 0.365664 0.317158 0.035859 0.031816
0 0.371469 0.863838 0.033000 0.030605
0 0.617711 0.188770 0.034609 0.034102
0 0.366266 0.608691 0.034906 0.034805
0 0.700734 0.474160 0.035656 0.036211
0 0.463937 0.606523 0.034844 0.032500
0 0.610391 0.487168 0.036469 0.034102
0 0.717406 0.190547 0.034625 0.033945
0 0.239172 0.011963 0.040344 0.023926
0 0.129344 0.026162 0.039844 0.032129
0 0.155758 0.334463 0.034516 0.031660
0 0.274508 0.601709 0.035078 0.033457
0 0.461180 0.869687 0.033953 0.028672
0 0.819078 0.201914 0.037625 0.033789
0 0.595695 0.744141 0.035359 0.032539
0 0.789922 0.468438 0.037312 0.032109
0 0.585250 0.966777 0.035437 0.030078
0 0.917539 0.215371 0.036484 0.031484
0 0.352258 0.016162 0.041672 0.031465
0 0.281000 0.848174 0.032094 0.029160
0 0.189539 0.811846 0.031859 0.027676
0 0.176258 0.600186 0.033578 0.028301
0 0.067102 0.332803 0.029672 0.030527
0 0.094125 0.588486 0.034500 0.027598
0 0.203125 0.970996 0.031344 0.024336
0 0.018453 0.882666 0.032156 0.025098
0 0.011109 0.720342 0.022219 0.022832
0 0.004922 0.576406 0.009844 0.019141
0 0.027125 0.039209 0.039594 0.034355