0 0.524898 0.311367 0.036953 0.033711
0 0.209695 0.381660 0.035047 0.030742
0 0.620555 0.772598 0.033953 0.032539
0 0.364500 0.354473 0.035875 0.035195
0 0.255211 0.869893 0.035422 0.030605
0 0.706523 0.211885 0.034609 0.033066
0 0.315227 0.631797 0.034891 0.029883
0 0.699820 0.540732 0.035641 0.036191
0 0.453352 0.601943 0.034828 0.032520
0 0.627914 0.505195 0.036484 0.034102
0 0.784094 0.266895 0.034625 0.033945
0 0.253070 0.073613 0.038766 0.034531
0 0.092016 0.107520 0.039844 0.034648
0 0.057945 0.408340 0.033828 0.034414
0 0.171227 0.647793 0.035078 0.033867
0 0.391117 0.852666 0.033953 0.029395
0 0.867148 0.325566 0.036234 0.033789
0 0.544305 0.750439 0.035359 0.032559
0 0.774445 0.583994 0.037328 0.032129
0 0.480469 0.973672 0.035437 0.030078
0 0.947313 0.390469 0.035000 0.031484
0 0.423414 0.061836 0.040297 0.035781
0 0.121703 0.883467 0.032094 0.029160
0 0.022617 0.670498 0.032859 0.025762
0 0.972148 0.016875 0.036641 0.031289