0 0.516195 0.308887 0.036953 0.033711
0 0.215461 0.372705 0.035828 0.031309
0 0.631117 0.766055 0.033953 0.032539
0 0.363852 0.348164 0.035859 0.035195
0 0.271336 0.871992 0.035422 0.030625
0 0.693422 0.206387 0.034594 0.033516
0 0.323641 0.630469 0.034906 0.031055
0 0.699117 0.531494 0.035641 0.036191
0 0.454562 0.604160 0.034844 0.032500
0 0.624664 0.502695 0.036484 0.034102
0 0.775438 0.253223 0.034625 0.033945
0 0.249312 0.061328 0.039469 0.034531
0 0.094453 0.093828 0.039844 0.034648
0 0.072203 0.397813 0.034125 0.034219
0 0.189102 0.644355 0.035078 0.033867
0 0.402180 0.858330 0.033953 0.029082
0 0.860219 0.305684 0.036844 0.033789
0 0.551961 0.750967 0.035359 0.032559
0 0.779602 0.565244 0.037328 0.032129
0 0.495813 0.975527 0.035438 0.030078
0 0.945250 0.361777 0.035656 0.031484
0 0.411805 0.051455 0.040891 0.036152
0 0.143328 0.882432 0.032094 0.029160
0 0.017547 0.862812 0.029875 0.027695
0 0.051008 0.661855 0.033578 0.025781
0 0.954719 0.004297 0.036656 0.008594