0 0.511227 0.307461 0.036953 0.033711
0 0.219148 0.367305 0.037078 0.032188
0 0.637164 0.762305 0.033953 0.032539
0 0.363492 0.344551 0.035859 0.035195
0 0.281828 0.872617 0.035406 0.030625
0 0.686180 0.203701 0.034609 0.033770
0 0.328453 0.629141 0.034906 0.032852
0 0.698414 0.525986 0.035641 0.036191
0 0.455570 0.604863 0.034828 0.032500
0 0.622695 0.501270 0.036484 0.034102
0 0.769734 0.245527 0.034625 0.033945
0 0.247883 0.055000 0.039859 0.034531
0 0.095844 0.086611 0.039844 0.034629
0 0.080984 0.391758 0.034281 0.034102
0 0.199305 0.642393 0.035078 0.033887
0 0.409414 0.860859 0.033953 0.028906
0 0.855547 0.295156 0.037188 0.033789
0 0.556320 0.751279 0.035359 0.032559
0 0.782445 0.554053 0.037328 0.032129
0 0.504813 0.975430 0.035438 0.030078
0 0.943531 0.345527 0.036031 0.031484
0 0.405492 0.046309 0.041234 0.036367
0 0.156609 0.881543 0.032094 0.029141
0 0.034000 0.858281 0.031844 0.027695
0 0.067258 0.656494 0.033578 0.025762