0 0.546039 0.317422 0.036953 0.033711
0 0.197938 0.401836 0.037594 0.032539
0 0.594898 0.788506 0.033953 0.032559
0 0.372070 0.367754 0.035859 0.035195
0 0.223195 0.861523 0.035422 0.030625
0 0.734164 0.229424 0.034609 0.032012
0 0.294781 0.631777 0.034906 0.033594
0 0.692578 0.562949 0.035656 0.036211
0 0.454719 0.592588 0.034844 0.032520
0 0.928148 0.003867 0.020703 0.007734
0 0.627961 0.510098 0.036484 0.034102
0 0.800734 0.300781 0.034625 0.033945
0 0.266250 0.107402 0.037094 0.034531
0 0.648836 0.003721 0.028516 0.007441
0 0.086102 0.144160 0.039859 0.034648
0 0.032977 0.432695 0.033109 0.034883
0 0.133227 0.656133 0.035078 0.033867
0 0.369461 0.834814 0.033953 0.030137
0 0.872992 0.380937 0.034766 0.033789
0 0.525742 0.749131 0.035359 0.032559
0 0.761383 0.626807 0.037328 0.032129
0 0.444492 0.962676 0.035422 0.030078
0 0.946164 0.459492 0.033422 0.031484
0 0.453414 0.091592 0.038859 0.034902
0 0.074398 0.884365 0.032078 0.029160
0 0.994031 0.090615 0.011937 0.034355