0 0.453930 0.302754 0.036953 0.033711
0 0.273641 0.300596 0.033563 0.032520
0 0.707086 0.698750 0.032328 0.030430
0 0.364070 0.305156 0.035859 0.029961
0 0.419953 0.847852 0.033000 0.030625
0 0.583242 0.183838 0.034609 0.034082
0 0.388461 0.595313 0.034891 0.031484
0 0.701500 0.448721 0.035656 0.036191
0 0.467313 0.604746 0.034844 0.032500
0 0.603078 0.481406 0.036469 0.034102
0 0.691250 0.166592 0.034625 0.033965
0 0.147633 0.007852 0.039859 0.015703
0 0.194594 0.305234 0.034500 0.029844
0 0.315633 0.579990 0.035078 0.029043
0 0.492648 0.868262 0.033953 0.028672
0 0.799969 0.158008 0.037625 0.033789
0 0.611930 0.734053 0.035359 0.032559
0 0.792727 0.427324 0.037328 0.032109
0 0.624000 0.958379 0.035438 0.030078
0 0.903109 0.154590 0.036500 0.031484
0 0.324758 0.009609 0.041672 0.019219
0 0.343250 0.820566 0.032094 0.029141
0 0.263375 0.781895 0.031844 0.027695
0 0.234523 0.566465 0.033578 0.028281
0 0.123000 0.298193 0.030844 0.028652
0 0.168211 0.549385 0.034484 0.027598
0 0.265219 0.945596 0.031344 0.027012
0 0.078734 0.839961 0.032156 0.025078
0 0.085133 0.677236 0.031047 0.027676
0 0.085859 0.533418 0.032813 0.024414
0 0.058242 0.292871 0.029297 0.027969
0 0.070820 0.010469 0.039609 0.020938
0 0.004984 0.293164 0.009469 0.022070
0 0.010617 0.015625 0.021234 0.027148
0 0.071758 0.992197 0.026828 0.014902