0 0.534852 0.314219 0.036953 0.033711
0 0.204156 0.391152 0.036250 0.031602
0 0.608477 0.780088 0.033953 0.032559
0 0.366328 0.361309 0.035875 0.035195
0 0.240141 0.865957 0.035406 0.030625
0 0.721164 0.219687 0.034609 0.032578
0 0.305609 0.631787 0.034906 0.031621
0 0.698492 0.550869 0.035641 0.036191
0 0.453281 0.597764 0.034844 0.032520
0 0.630016 0.507812 0.036469 0.034102
0 0.791922 0.282842 0.034625 0.033965
0 0.259273 0.089512 0.037984 0.034531
0 0.089234 0.124756 0.039844 0.034629
0 0.044461 0.420068 0.033484 0.034629
0 0.151773 0.651719 0.035078 0.033867
0 0.380930 0.844268 0.033953 0.029746
0 0.871883 0.350938 0.035547 0.033789
0 0.535570 0.749814 0.035359 0.032559
0 0.768305 0.604150 0.037328 0.032129
0 0.463531 0.968496 0.035438 0.030078
0 0.947680 0.423398 0.034266 0.031484
0 0.437531 0.075840 0.039625 0.035391
0 0.099437 0.883896 0.032094 0.029160
0 0.006141 0.678779 0.011938 0.025762
0 0.985164 0.047256 0.027172 0.034355