0 0.455086 0.302754 0.036953 0.033711
0 0.272578 0.301748 0.033719 0.032637
0 0.705898 0.700391 0.032328 0.030430
0 0.364258 0.305742 0.035859 0.029961
0 0.416883 0.849043 0.032984 0.030625
0 0.585227 0.183926 0.034609 0.034102
0 0.387086 0.596133 0.034891 0.031484
0 0.701578 0.450127 0.035656 0.036191
0 0.467109 0.604854 0.034844 0.032520
0 0.603563 0.481855 0.036469 0.034102
0 0.692750 0.167715 0.034625 0.033945
0 0.146648 0.008779 0.039859 0.017559
0 0.192344 0.306914 0.034500 0.029922
0 0.313195 0.581553 0.035078 0.029043
0 0.490414 0.868604 0.033953 0.028691
0 0.801219 0.160254 0.037625 0.033789
0 0.611148 0.734863 0.035359 0.032539
0 0.792508 0.429648 0.037328 0.032109
0 0.621922 0.959238 0.035438 0.030078
0 0.904008 0.157773 0.036484 0.031484
0 0.325977 0.009912 0.041672 0.019824
0 0.339648 0.822344 0.032078 0.029141
0 0.258984 0.783828 0.031844 0.027695
0 0.231187 0.568437 0.033562 0.028281
0 0.119656 0.300225 0.030844 0.028809
0 0.164109 0.551777 0.034500 0.027617
0 0.261859 0.947471 0.031344 0.026895
0 0.075461 0.842412 0.032141 0.025098
0 0.080680 0.679697 0.031047 0.027676
0 0.080531 0.535898 0.032813 0.024414
0 0.054016 0.295391 0.029313 0.027969
0 0.069508 0.011396 0.039609 0.022793
0 0.002234 0.296846 0.004469 0.022090
0 0.008750 0.017461 0.017500 0.026719
0 0.069555 0.993047 0.026016 0.012891