0 0.474398 0.304590 0.036953 0.033711
0 0.253281 0.326768 0.036281 0.031309
0 0.684109 0.725410 0.032844 0.031133
0 0.365742 0.318711 0.035859 0.032148
0 0.365992 0.865312 0.034609 0.030625
0 0.621805 0.189570 0.034609 0.034102
0 0.363906 0.610088 0.034906 0.035098
0 0.700508 0.477256 0.035641 0.036191
0 0.463531 0.606738 0.034844 0.032500
0 0.611187 0.487734 0.036469 0.034102
0 0.720531 0.193672 0.034625 0.033945
0 0.239781 0.013447 0.040344 0.026895
0 0.126930 0.029922 0.039859 0.032383
0 0.151156 0.337939 0.034500 0.031895
0 0.269789 0.604160 0.035078 0.033867
0 0.457898 0.869580 0.033953 0.028691
0 0.821195 0.207441 0.037609 0.033789
0 0.593617 0.745098 0.035359 0.032539
0 0.789648 0.473379 0.037328 0.032109
0 0.580477 0.967363 0.035422 0.030078
0 0.919187 0.222949 0.036500 0.031484
0 0.355523 0.017256 0.041672 0.031973
0 0.273930 0.849639 0.032078 0.029160
0 0.180602 0.814961 0.031859 0.027695
0 0.169633 0.603809 0.033578 0.028281
0 0.060586 0.336865 0.029453 0.030684
0 0.085016 0.593096 0.034688 0.027598
0 0.195516 0.973584 0.031344 0.023965
0 0.014258 0.886006 0.024547 0.023574
0 0.006984 0.725498 0.013969 0.021348
0 0.022242 0.043262 0.039609 0.034453