0 0.447008 0.302754 0.036953 0.033711
0 0.280039 0.293613 0.032547 0.031758
0 0.714242 0.688916 0.032328 0.030449
0 0.362883 0.301660 0.035859 0.029961
0 0.438406 0.840684 0.033000 0.030625
0 0.571313 0.183281 0.034594 0.034102
0 0.396711 0.590332 0.034891 0.031484
0 0.701062 0.440332 0.035656 0.036211
0 0.468500 0.604121 0.034844 0.032500
0 0.600164 0.478633 0.036484 0.034102
0 0.682250 0.159863 0.034625 0.033945
0 0.208141 0.295205 0.034500 0.029277
0 0.330211 0.570605 0.035078 0.029062
0 0.506055 0.866270 0.033953 0.028672
0 0.792461 0.144453 0.037609 0.033789
0 0.616680 0.729238 0.035359 0.032539
0 0.794055 0.413369 0.037328 0.032129
0 0.636516 0.953223 0.035438 0.030078
0 0.897719 0.135488 0.036500 0.031484
0 0.316781 0.007510 0.035531 0.015020
0 0.364859 0.809902 0.032094 0.029141
0 0.289656 0.770312 0.031844 0.027695
0 0.254555 0.554688 0.033578 0.028281
0 0.143016 0.285928 0.030844 0.027715
0 0.192797 0.535029 0.034500 0.027598
0 0.285406 0.934443 0.031344 0.027715
0 0.098367 0.825234 0.032141 0.025078
0 0.111828 0.662510 0.031063 0.027676
0 0.117813 0.518516 0.032813 0.024414
0 0.083563 0.277773 0.029312 0.027969
0 0.082367 0.006484 0.027359 0.012969
0 0.028102 0.273096 0.025391 0.023184
0 0.023516 0.009180 0.029906 0.018359
0 0.084805 0.982559 0.031953 0.027461