0 0.494820 0.305566 0.036953 0.033711
0 0.236094 0.348311 0.038375 0.033066
0 0.663633 0.745693 0.033516 0.031973
0 0.366352 0.331084 0.035859 0.034863
0 0.323836 0.871250 0.035422 0.030625
0 0.654602 0.195947 0.034609 0.034082
0 0.346469 0.620391 0.034906 0.035117
0 0.698742 0.502041 0.035641 0.036191
0 0.460156 0.607812 0.034844 0.032500
0 0.617313 0.492793 0.036469 0.034102
0 0.745461 0.218701 0.034609 0.033965
0 0.244648 0.033730 0.040359 0.034102
0 0.107633 0.060039 0.039859 0.034375
0 0.114375 0.365859 0.034500 0.033750
0 0.232961 0.625361 0.035078 0.033887
0 0.435867 0.869258 0.033953 0.028672
0 0.838078 0.251621 0.037625 0.033789
0 0.576352 0.751777 0.035359 0.032539
0 0.787492 0.512891 0.037328 0.032109
0 0.542313 0.972070 0.035438 0.030078
0 0.932344 0.283574 0.036500 0.031484
0 0.381617 0.026074 0.041672 0.036094
0 0.214320 0.867725 0.032078 0.029160
0 0.109094 0.839902 0.031844 0.027695
0 0.119227 0.629863 0.033578 0.028281
0 0.011141 0.369023 0.020344 0.039258
0 0.014922 0.631377 0.029844 0.027598
0 0.134969 0.992246 0.035625 0.015508