0 0.507492 0.306406 0.036953 0.033711
0 0.221922 0.363242 0.038031 0.032852
0 0.641695 0.759502 0.033953 0.032559
0 0.363211 0.341855 0.035859 0.035195
0 0.289687 0.873096 0.035406 0.030605
0 0.680758 0.201689 0.034609 0.033965
0 0.332062 0.628135 0.034906 0.034199
0 0.697883 0.521846 0.035641 0.036191
0 0.456328 0.605391 0.034844 0.032500
0 0.621211 0.500215 0.036484 0.034102
0 0.765453 0.239766 0.034625 0.033945
0 0.246820 0.050273 0.040141 0.034531
0 0.096891 0.081191 0.039844 0.034648
0 0.087570 0.387217 0.034422 0.034043
0 0.206961 0.640918 0.035078 0.033867
0 0.414852 0.862744 0.033953 0.028770
0 0.852023 0.287246 0.037453 0.033789
0 0.559602 0.751504 0.035359 0.032539
0 0.784586 0.545654 0.037328 0.032129
0 0.511562 0.975352 0.035438 0.030078
0 0.942242 0.333359 0.036297 0.031484
0 0.400766 0.042461 0.041500 0.036523
0 0.166570 0.880889 0.032078 0.029160
0 0.048172 0.854375 0.031844 0.027695
0 0.077211 0.651445 0.033578 0.028281