0 0.502461 0.305684 0.036953 0.033711
0 0.227164 0.357363 0.038641 0.033281
0 0.649867 0.754375 0.033828 0.032383
0 0.364164 0.337578 0.035859 0.035195
0 0.302820 0.872812 0.035422 0.030625
0 0.670992 0.199141 0.034609 0.034102
0 0.337734 0.625537 0.034906 0.035098
0 0.697859 0.514443 0.035656 0.036191
0 0.457734 0.606309 0.034844 0.032500
0 0.619430 0.497676 0.036484 0.034102
0 0.757922 0.231221 0.034625 0.033965
0 0.245828 0.043574 0.040344 0.034531
0 0.100133 0.072988 0.039859 0.034648
0 0.097906 0.379238 0.034500 0.033984
0 0.214539 0.635957 0.035078 0.033867
0 0.422836 0.865908 0.033953 0.028691
0 0.846516 0.273711 0.037625 0.033789
0 0.565758 0.751689 0.035359 0.032559
0 0.786414 0.532646 0.037328 0.032129
0 0.523219 0.974434 0.035438 0.030078
0 0.938914 0.313887 0.036484 0.031484
0 0.393367 0.035654 0.041672 0.036621
0 0.184422 0.876973 0.032094 0.029141
0 0.073328 0.852383 0.031844 0.027695
0 0.094023 0.642881 0.033578 0.028301