0 0.506242 0.306035 0.036953 0.033711
0 0.222844 0.361904 0.038344 0.033066
0 0.643195 0.758564 0.033953 0.032559
0 0.363117 0.340957 0.035859 0.035195
0 0.292312 0.873252 0.035406 0.030605
0 0.678945 0.201016 0.034609 0.034023
0 0.333266 0.627803 0.034906 0.034668
0 0.697703 0.520469 0.035656 0.036211
0 0.456578 0.605566 0.034844 0.032500
0 0.620719 0.499863 0.036469 0.034102
0 0.764031 0.237832 0.034625 0.033945
0 0.246461 0.048691 0.040234 0.034531
0 0.097242 0.079385 0.039859 0.034629
0 0.089773 0.385693 0.034453 0.034004
0 0.209523 0.640430 0.035078 0.033867
0 0.416664 0.863379 0.033953 0.028711
0 0.850859 0.284629 0.037531 0.033789
0 0.560695 0.751582 0.035359 0.032539
0 0.785289 0.542861 0.037328 0.032129
0 0.513813 0.975332 0.035438 0.030078
0 0.941812 0.329297 0.036406 0.031484
0 0.399180 0.041172 0.041578 0.036562
0 0.169891 0.880654 0.032094 0.029160
0 0.052898 0.853066 0.031859 0.027695
0 0.080883 0.649609 0.033578 0.028281