0 0.504164 0.305684 0.036953 0.033711
0 0.224898 0.359492 0.038641 0.033281
0 0.646430 0.756543 0.033922 0.032500
0 0.363406 0.339219 0.035875 0.035195
0 0.297563 0.873213 0.035406 0.030605
0 0.675086 0.199941 0.034609 0.034102
0 0.335562 0.626826 0.034906 0.035098
0 0.697641 0.517539 0.035656 0.036211
0 0.457133 0.605928 0.034828 0.032520
0 0.619961 0.498887 0.036484 0.034102
0 0.761047 0.234346 0.034625 0.033965
0 0.246016 0.045928 0.040344 0.034551
0 0.098437 0.076045 0.039844 0.034629
0 0.093945 0.382539 0.034516 0.033984
0 0.209930 0.638613 0.035078 0.033867
0 0.419930 0.864639 0.033953 0.028691
0 0.848633 0.279219 0.037609 0.033789
0 0.563102 0.751670 0.035359 0.032559
0 0.786141 0.537588 0.037313 0.032129
0 0.518453 0.975020 0.035437 0.030078
0 0.940563 0.321455 0.036500 0.031465
0 0.396195 0.038486 0.041672 0.036621
0 0.176945 0.879287 0.032078 0.029160
0 0.062859 0.851973 0.031844 0.027695
0 0.087719 0.646133 0.033562 0.028281