0 0.451625 0.302754 0.036937 0.033711
0 0.275781 0.298262 0.033219 0.032266
0 0.709477 0.695469 0.032328 0.030430
0 0.363672 0.303984 0.035875 0.029961
0 0.426109 0.845459 0.033000 0.030605
0 0.579258 0.183652 0.034609 0.034102
0 0.391211 0.593652 0.034891 0.031484
0 0.701359 0.445928 0.035656 0.036191
0 0.467703 0.604541 0.034844 0.032520
0 0.602109 0.480469 0.036469 0.034102
0 0.688250 0.164346 0.034625 0.033965
0 0.148938 0.006016 0.039844 0.012031
0 0.199109 0.301895 0.034500 0.029648
0 0.320492 0.576855 0.035078 0.029062
0 0.497117 0.867598 0.033953 0.028672
0 0.797469 0.153496 0.037625 0.033789
0 0.613523 0.732451 0.035359 0.032559
0 0.793172 0.422676 0.037313 0.032109
0 0.628172 0.956660 0.035438 0.030078
0 0.901312 0.148223 0.036500 0.031484
0 0.322172 0.008945 0.040437 0.017891
0 0.350453 0.817012 0.032094 0.029141
0 0.272133 0.778037 0.031859 0.027676
0 0.241203 0.562539 0.033563 0.028281
0 0.129672 0.294102 0.030844 0.028320
0 0.176406 0.544600 0.034500 0.027598
0 0.271953 0.941885 0.031344 0.027246
0 0.085273 0.835049 0.032141 0.025098
0 0.094031 0.672334 0.031063 0.027676
0 0.096516 0.528457 0.032812 0.024414
0 0.066680 0.287842 0.029297 0.027988
0 0.074172 0.008936 0.037156 0.017871
0 0.010477 0.285801 0.019484 0.022070
0 0.013836 0.012861 0.027672 0.025723
0 0.076180 0.990527 0.028453 0.018945