0 0.537336 0.314922 0.036953 0.033711
0 0.202773 0.393535 0.036547 0.031797
0 0.605461 0.781953 0.033953 0.032539
0 0.367602 0.362754 0.035859 0.035195
0 0.236375 0.864961 0.035406 0.030625
0 0.724055 0.221846 0.034609 0.032441
0 0.303203 0.631787 0.034906 0.032051
0 0.697180 0.553545 0.035641 0.036191
0 0.453594 0.596611 0.034844 0.032520
0 0.629562 0.508320 0.036469 0.034102
0 0.793891 0.286836 0.034625 0.033945
0 0.260828 0.093486 0.037781 0.034551
0 0.088539 0.129072 0.039859 0.034629
0 0.041906 0.422871 0.033406 0.034687
0 0.147656 0.652695 0.035094 0.033867
0 0.378383 0.842168 0.033953 0.029844
0 0.872133 0.357617 0.035359 0.033789
0 0.533383 0.749658 0.035359 0.032559
0 0.766758 0.609189 0.037328 0.032129
0 0.459305 0.967207 0.035422 0.030078
0 0.947336 0.431426 0.034078 0.031484
0 0.441062 0.079336 0.039437 0.035273
0 0.093875 0.883994 0.032094 0.029160
0 0.003047 0.680928 0.005406 0.025762
0 0.988312 0.054619 0.023375 0.034355