0 0.478227 0.304766 0.036953 0.033711
0 0.250055 0.330801 0.036672 0.031641
0 0.680461 0.729287 0.032984 0.031270
0 0.365852 0.321025 0.035859 0.032676
0 0.358000 0.866934 0.035406 0.030625
0 0.627961 0.190762 0.034609 0.034102
0 0.360641 0.612021 0.034906 0.035098
0 0.700180 0.481904 0.035641 0.036191
0 0.462937 0.607051 0.034844 0.032500
0 0.612383 0.488555 0.036484 0.034102
0 0.725203 0.198359 0.034625 0.033945
0 0.240687 0.015693 0.040344 0.031387
0 0.123313 0.035576 0.039844 0.032754
0 0.144266 0.343174 0.034500 0.032246
0 0.262883 0.608135 0.035078 0.033887
0 0.453609 0.869521 0.033938 0.028691
0 0.824359 0.215723 0.037625 0.033789
0 0.590477 0.746533 0.035359 0.032559
0 0.789242 0.480791 0.037328 0.032129
0 0.573320 0.968242 0.035422 0.030078
0 0.921648 0.234316 0.036484 0.031484
0 0.360414 0.018916 0.041672 0.032754
0 0.262914 0.852686 0.032078 0.029160
0 0.167187 0.819639 0.031844 0.027676
0 0.160180 0.608691 0.033578 0.028281
0 0.050797 0.342959 0.029125 0.030957
0 0.071180 0.600166 0.035297 0.027598
0 0.184078 0.977461 0.031344 0.023438
0 0.008648 0.893730 0.015703 0.023555
0 0.017672 0.049404 0.035344 0.034512