0 0.442398 0.302754 0.036953 0.033711
0 0.284305 0.288955 0.031859 0.031230
0 0.719008 0.682363 0.032328 0.030430
0 0.362102 0.299336 0.035859 0.029961
0 0.450703 0.835918 0.033000 0.030625
0 0.563367 0.182910 0.034609 0.034102
0 0.402195 0.587012 0.034891 0.031484
0 0.700766 0.434736 0.035656 0.036191
0 0.469289 0.603711 0.034828 0.032500
0 0.598219 0.476797 0.036469 0.034102
0 0.676234 0.155371 0.034625 0.033945
0 0.217172 0.288516 0.034500 0.028906
0 0.339930 0.564346 0.035078 0.029043
0 0.515008 0.864932 0.033953 0.028691
0 0.787453 0.135430 0.037625 0.033789
0 0.619852 0.726025 0.035359 0.032559
0 0.794945 0.404072 0.037328 0.032129
0 0.644867 0.949785 0.035422 0.030078
0 0.894125 0.122754 0.036500 0.031484
0 0.309336 0.006230 0.029484 0.012461
0 0.379266 0.802783 0.032094 0.029160
0 0.307188 0.762598 0.031844 0.027695
0 0.267898 0.546836 0.033578 0.028281
0 0.156375 0.277754 0.030844 0.027070
0 0.209195 0.525459 0.034484 0.027598
0 0.298859 0.927002 0.031344 0.028184
0 0.113578 0.816641 0.032156 0.025078
0 0.127141 0.652695 0.031062 0.027695
0 0.139117 0.508574 0.032797 0.024414
0 0.100445 0.267715 0.029297 0.027969
0 0.047945 0.261064 0.026578 0.024629
0 0.035344 0.005186 0.028344 0.010371
0 0.093633 0.975205 0.031953 0.027441