0 0.487164 0.305195 0.036953 0.033711
0 0.242547 0.340234 0.037594 0.032422
0 0.671945 0.738350 0.033266 0.031660
0 0.366117 0.326436 0.035859 0.033848
0 0.339602 0.870059 0.035422 0.030625
0 0.642305 0.193555 0.034609 0.034102
0 0.353008 0.616523 0.034891 0.035117
0 0.699406 0.492754 0.035656 0.036211
0 0.461547 0.607773 0.034844 0.032500
0 0.615180 0.490469 0.036484 0.034102
0 0.736109 0.209316 0.034625 0.033945
0 0.242828 0.025410 0.040344 0.032852
0 0.114867 0.048750 0.039859 0.033633
0 0.128172 0.355391 0.034500 0.033047
0 0.246773 0.617412 0.035078 0.033887
0 0.444320 0.869492 0.033953 0.028672
0 0.831750 0.235059 0.037625 0.033789
0 0.583164 0.749893 0.035359 0.032559
0 0.788305 0.498076 0.037328 0.032129
0 0.556625 0.970313 0.035438 0.030078
0 0.927406 0.260840 0.036500 0.031484
0 0.371836 0.022764 0.041672 0.034551
0 0.236758 0.860781 0.032078 0.029141
0 0.135906 0.830557 0.031844 0.027676
0 0.138125 0.620088 0.033563 0.028301
0 0.027969 0.357187 0.028375 0.031523
0 0.038898 0.616650 0.036703 0.027598
0 0.157422 0.986523 0.031344 0.022148
0 0.009180 0.065586 0.018359 0.030937