0 0.531117 0.313145 0.036953 0.033711
0 0.206234 0.387588 0.035781 0.031270
0 0.613008 0.777275 0.033953 0.032559
0 0.364961 0.358984 0.035859 0.035195
0 0.245789 0.867422 0.035422 0.030625
0 0.716313 0.216592 0.034594 0.032754
0 0.309211 0.631797 0.034891 0.030977
0 0.699805 0.546943 0.035641 0.036191
0 0.453016 0.599414 0.034844 0.032500
0 0.630047 0.506973 0.036469 0.034102
0 0.788984 0.276865 0.034625 0.033965
0 0.256945 0.083555 0.038266 0.034531
0 0.090281 0.118291 0.039844 0.034629
0 0.048836 0.415771 0.033609 0.034551
0 0.158461 0.650244 0.035078 0.033887
0 0.384742 0.847422 0.033953 0.029609
0 0.870891 0.341152 0.035813 0.033789
0 0.538852 0.750049 0.035359 0.032559
0 0.770602 0.596592 0.037328 0.032129
0 0.469883 0.970430 0.035422 0.030078
0 0.947898 0.411230 0.034547 0.031484
0 0.432234 0.070586 0.039875 0.035547
0 0.107789 0.883730 0.032078 0.029141
0 0.011109 0.675537 0.021219 0.025762
0 0.980445 0.036201 0.032859 0.034355