0 0.508742 0.306758 0.036953 0.033711
0 0.221000 0.364600 0.037719 0.032637
0 0.640180 0.760439 0.033953 0.032559
0 0.363305 0.342754 0.035859 0.035195
0 0.287070 0.872939 0.035422 0.030605
0 0.682570 0.202354 0.034609 0.033887
0 0.330859 0.628477 0.034906 0.033750
0 0.698063 0.523223 0.035656 0.036211
0 0.456078 0.605215 0.034844 0.032500
0 0.621711 0.500566 0.036484 0.034102
0 0.766891 0.241680 0.034625 0.033945
0 0.247180 0.051846 0.040047 0.034551
0 0.096539 0.082998 0.039859 0.034629
0 0.085375 0.388730 0.034375 0.034062
0 0.204414 0.641406 0.035078 0.033867
0 0.413039 0.862119 0.033953 0.028809
0 0.853195 0.289883 0.037359 0.033789
0 0.558508 0.751436 0.035359 0.032559
0 0.783867 0.548447 0.037328 0.032129
0 0.509313 0.975391 0.035438 0.030078
0 0.942672 0.337422 0.036219 0.031484
0 0.402336 0.043740 0.041422 0.036465
0 0.163250 0.881104 0.032094 0.029160
0 0.043453 0.855674 0.031844 0.027676
0 0.074258 0.653301 0.033578 0.027031