0 0.492273 0.305449 0.036953 0.033711
0 0.238242 0.345625 0.038109 0.032852
0 0.667070 0.743525 0.033422 0.031855
0 0.366273 0.329531 0.035859 0.034531
0 0.329094 0.870859 0.035406 0.030625
0 0.650492 0.195156 0.034609 0.034102
0 0.348641 0.619102 0.034906 0.035117
0 0.698961 0.498955 0.035641 0.036191
0 0.460758 0.608193 0.034828 0.032520
0 0.616781 0.491563 0.036469 0.034102
0 0.742344 0.215566 0.034625 0.033945
0 0.244039 0.030947 0.040359 0.033691
0 0.110047 0.056270 0.039844 0.034141
0 0.118969 0.362363 0.034500 0.033516
0 0.237555 0.622705 0.035078 0.033887
0 0.439008 0.869473 0.033953 0.028672
0 0.835969 0.246094 0.037625 0.033789
0 0.578992 0.751807 0.035359 0.032559
0 0.787758 0.507959 0.037328 0.032129
0 0.547078 0.971484 0.035438 0.030078
0 0.930695 0.275996 0.036484 0.031484
0 0.378352 0.024961 0.041672 0.035586
0 0.221805 0.865400 0.032078 0.029160
0 0.118031 0.836787 0.031844 0.027676
0 0.125523 0.626602 0.033578 0.028281
0 0.014937 0.365322 0.027937 0.031855
0 0.020453 0.626084 0.037500 0.027598
0 0.142383 0.990674 0.033484 0.018652
0 0.004469 0.073535 0.008937 0.023281