0 0.465898 0.304004 0.036953 0.033711
0 0.260805 0.317344 0.035359 0.030547
0 0.692625 0.716348 0.032562 0.030742
0 0.365477 0.313301 0.035859 0.030977
0 0.385125 0.859824 0.033000 0.030625
0 0.607461 0.186777 0.034609 0.034102
0 0.372602 0.604863 0.034891 0.033281
0 0.701281 0.466416 0.035656 0.036191
0 0.464922 0.606006 0.034844 0.032520
0 0.608391 0.485801 0.036469 0.034102
0 0.709617 0.182715 0.034609 0.033945
0 0.241156 0.009316 0.040344 0.018633
0 0.133852 0.015723 0.039859 0.031445
0 0.167250 0.325742 0.034500 0.031094
0 0.286570 0.596104 0.035078 0.031465
0 0.469391 0.869951 0.033937 0.028691
0 0.813805 0.188105 0.037609 0.033789
0 0.600914 0.741748 0.035359 0.032559
0 0.790602 0.456084 0.037328 0.032129
0 0.597172 0.965293 0.035437 0.030078
0 0.913430 0.196426 0.036484 0.031484
0 0.344102 0.014248 0.041672 0.028496
0 0.299477 0.840469 0.032078 0.029141
0 0.211891 0.804043 0.031844 0.027695
0 0.193641 0.590215 0.033562 0.028281
0 0.083406 0.322637 0.030187 0.030117
0 0.116625 0.577236 0.034500 0.027598
0 0.222180 0.964531 0.031328 0.025234
0 0.036930 0.869941 0.032141 0.025078
0 0.031555 0.707178 0.031047 0.024043
0 0.023563 0.563047 0.026594 0.024414
0 0.010836 0.323262 0.021672 0.025000
0 0.039320 0.029072 0.039609 0.034121