0 0.514953 0.308535 0.036937 0.033711
0 0.216383 0.371348 0.036141 0.031523
0 0.632633 0.765117 0.033953 0.032539
0 0.363766 0.347266 0.035875 0.035195
0 0.273961 0.872148 0.035422 0.030625
0 0.691617 0.205713 0.034609 0.033574
0 0.324844 0.630137 0.034906 0.031484
0 0.698938 0.530117 0.035656 0.036211
0 0.454813 0.604336 0.034844 0.032500
0 0.624172 0.502344 0.036469 0.034102
0 0.774016 0.251299 0.034625 0.033965
0 0.248953 0.059746 0.039563 0.034531
0 0.094805 0.092021 0.039859 0.034629
0 0.074398 0.396299 0.034172 0.034199
0 0.191648 0.643867 0.035078 0.033867
0 0.403992 0.858965 0.033953 0.029023
0 0.859055 0.303047 0.036922 0.033789
0 0.553039 0.751045 0.035359 0.032559
0 0.780305 0.562451 0.037328 0.032129
0 0.498062 0.975508 0.035438 0.030078
0 0.944828 0.357715 0.035750 0.031484
0 0.410227 0.050166 0.040984 0.036191
0 0.146648 0.882207 0.032078 0.029141
0 0.019828 0.862197 0.031844 0.027676
0 0.055070 0.660518 0.033578 0.025762