0 0.529875 0.312793 0.036937 0.033711
0 0.206930 0.386406 0.035641 0.031172
0 0.614523 0.776348 0.033953 0.032539
0 0.364867 0.358086 0.035859 0.035195
0 0.247680 0.867920 0.035422 0.030605
0 0.714352 0.215645 0.034609 0.032812
0 0.310414 0.631797 0.034891 0.030742
0 0.699812 0.545693 0.035656 0.036191
0 0.453086 0.599922 0.034828 0.032500
0 0.629625 0.506602 0.036469 0.034102
0 0.788016 0.274873 0.034625 0.033965
0 0.256172 0.081563 0.038375 0.034531
0 0.090625 0.116143 0.039844 0.034629
0 0.050656 0.414287 0.033656 0.034512
0 0.161008 0.649756 0.035078 0.033887
0 0.386023 0.848467 0.033953 0.029551
0 0.870148 0.338047 0.035891 0.033789
0 0.539945 0.750127 0.035359 0.032559
0 0.771367 0.594072 0.037328 0.032129
0 0.472000 0.971094 0.035438 0.030078
0 0.947781 0.407070 0.034625 0.031484
0 0.430477 0.068828 0.039953 0.035586
0 0.110570 0.883682 0.032078 0.029160
0 0.012977 0.674424 0.023953 0.025762
0 0.978875 0.032529 0.034750 0.034355