0 0.485883 0.305137 0.036953 0.033711
0 0.243617 0.338887 0.037453 0.032305
0 0.673156 0.737051 0.033219 0.031602
0 0.366086 0.325664 0.035859 0.033672
0 0.342234 0.869619 0.035406 0.030605
0 0.640250 0.193154 0.034594 0.034082
0 0.354094 0.615889 0.034906 0.035098
0 0.699516 0.491201 0.035656 0.036191
0 0.461750 0.607676 0.034844 0.032500
0 0.614781 0.490195 0.036469 0.034102
0 0.734547 0.207754 0.034625 0.033945
0 0.242516 0.024014 0.040344 0.032637
0 0.116078 0.046865 0.039844 0.033496
0 0.130469 0.353643 0.034500 0.032949
0 0.249070 0.616084 0.035078 0.033887
0 0.445648 0.869492 0.033953 0.028672
0 0.830688 0.232285 0.037625 0.033789
0 0.584211 0.749404 0.035359 0.032559
0 0.788430 0.495605 0.037328 0.032109
0 0.559008 0.970020 0.035422 0.030078
0 0.926586 0.257051 0.036484 0.031484
0 0.370195 0.022207 0.041672 0.034297
0 0.240492 0.859619 0.032078 0.029160
0 0.140375 0.828994 0.031844 0.027676
0 0.141273 0.618457 0.033578 0.028281
0 0.031242 0.355156 0.028484 0.031445
0 0.043500 0.614297 0.036500 0.027617
0 0.161227 0.985225 0.031328 0.022324
0 0.010500 0.063086 0.021000 0.031836