0 0.553508 0.319551 0.036953 0.033711
0 0.193781 0.408955 0.038500 0.033184
0 0.585836 0.794121 0.033953 0.032539
0 0.375883 0.372051 0.035859 0.035195
0 0.211898 0.858564 0.035422 0.030605
0 0.742844 0.235908 0.034594 0.031621
0 0.287563 0.631768 0.034906 0.034902
0 0.688641 0.571006 0.035656 0.036191
0 0.455687 0.589141 0.034844 0.032500
0 0.945141 0.011709 0.035375 0.023418
0 0.626594 0.511602 0.036469 0.034102
0 0.806625 0.312744 0.034625 0.033965
0 0.270906 0.119326 0.036500 0.034551
0 0.666016 0.009658 0.040281 0.019316
0 0.084016 0.157090 0.039844 0.034648
0 0.025320 0.441104 0.032859 0.035059
0 0.120852 0.659082 0.035078 0.033867
0 0.361820 0.828525 0.033953 0.030410
0 0.873734 0.400938 0.034250 0.033789
0 0.519195 0.748662 0.035359 0.032559
0 0.756773 0.641924 0.037328 0.032129
0 0.431797 0.958789 0.035438 0.030078
0 0.945148 0.483574 0.032859 0.031484
0 0.464008 0.102090 0.038328 0.034609
0 0.057695 0.884678 0.032078 0.029160