0 0.449320 0.302754 0.036953 0.033711
0 0.277906 0.295938 0.032875 0.031992
0 0.711852 0.692197 0.032328 0.030449
0 0.363281 0.302832 0.035875 0.029961
0 0.432250 0.843076 0.033000 0.030605
0 0.575289 0.183467 0.034609 0.034082
0 0.393961 0.591992 0.034891 0.031484
0 0.701211 0.443135 0.035641 0.036191
0 0.468102 0.604336 0.034828 0.032500
0 0.601133 0.479551 0.036484 0.034102
0 0.685250 0.162100 0.034625 0.033965
0 0.149594 0.004180 0.039844 0.008359
0 0.203625 0.298545 0.034500 0.029473
0 0.325352 0.573730 0.035078 0.029062
0 0.501586 0.866934 0.033953 0.028672
0 0.794961 0.148965 0.037609 0.033789
0 0.615102 0.730850 0.035359 0.032559
0 0.793617 0.418018 0.037328 0.032129
0 0.632344 0.954941 0.035438 0.030078
0 0.899516 0.141855 0.036500 0.031484
0 0.319477 0.008232 0.037984 0.016465
0 0.357656 0.813457 0.032094 0.029141
0 0.280898 0.774180 0.031859 0.027695
0 0.247875 0.558613 0.033562 0.028281
0 0.136344 0.290010 0.030844 0.028027
0 0.184609 0.539814 0.034500 0.027598
0 0.278680 0.938164 0.031328 0.027461
0 0.091820 0.830146 0.032141 0.025098
0 0.102930 0.667422 0.031047 0.027695
0 0.107156 0.523477 0.032813 0.024414
0 0.075125 0.282813 0.029312 0.027969
0 0.078273 0.007715 0.032266 0.015430
0 0.018188 0.279111 0.024781 0.022441
0 0.016539 0.011016 0.033078 0.022031
0 0.080492 0.986543 0.030203 0.023203