0 0.512461 0.307812 0.036953 0.033711
0 0.218227 0.368652 0.036766 0.031953
0 0.635648 0.763242 0.033953 0.032539
0 0.363586 0.345449 0.035859 0.035195
0 0.279203 0.872461 0.035406 0.030625
0 0.687992 0.204375 0.034609 0.033711
0 0.327250 0.629473 0.034906 0.032383
0 0.698586 0.527363 0.035641 0.036211
0 0.455312 0.604688 0.034844 0.032500
0 0.623188 0.501641 0.036469 0.034102
0 0.771172 0.247451 0.034625 0.033965
0 0.248242 0.056582 0.039766 0.034531
0 0.095500 0.088408 0.039844 0.034629
0 0.078781 0.393271 0.034250 0.034160
0 0.196758 0.642881 0.035078 0.033887
0 0.407602 0.860234 0.033953 0.028945
0 0.856711 0.297773 0.037109 0.033789
0 0.555227 0.751201 0.035359 0.032559
0 0.781734 0.556846 0.037312 0.032129
0 0.502563 0.975449 0.035438 0.030078
0 0.943969 0.349590 0.035937 0.031484
0 0.407078 0.047598 0.041156 0.036289
0 0.153289 0.881768 0.032078 0.029160
0 0.029281 0.859590 0.031844 0.027695
0 0.063195 0.657842 0.033578 0.025762