0 0.476945 0.304707 0.036953 0.033711
0 0.251133 0.329463 0.036547 0.031543
0 0.681672 0.727998 0.032937 0.031230
0 0.365820 0.320254 0.035859 0.032500
0 0.360633 0.866484 0.035422 0.030625
0 0.625906 0.190371 0.034594 0.034102
0 0.361734 0.611377 0.034906 0.035098
0 0.700289 0.480361 0.035641 0.036191
0 0.463141 0.606943 0.034844 0.032520
0 0.611984 0.488281 0.036469 0.034102
0 0.723641 0.196797 0.034625 0.033945
0 0.240391 0.014941 0.040344 0.029883
0 0.124516 0.033691 0.039844 0.032617
0 0.146563 0.341436 0.034500 0.032129
0 0.265180 0.606807 0.035078 0.033887
0 0.454930 0.869521 0.033953 0.028691
0 0.823305 0.212969 0.037609 0.033789
0 0.591523 0.746055 0.035359 0.032539
0 0.789383 0.478311 0.037328 0.032129
0 0.575703 0.967949 0.035438 0.030078
0 0.920828 0.230527 0.036500 0.031484
0 0.358789 0.018359 0.041672 0.032500
0 0.266656 0.851533 0.032094 0.029160
0 0.171656 0.818076 0.031844 0.027676
0 0.163328 0.607061 0.033562 0.028301
0 0.054055 0.340928 0.029234 0.030840
0 0.075797 0.597803 0.035094 0.027598
0 0.187891 0.976172 0.031344 0.023594
0 0.010516 0.891152 0.018656 0.023555
0 0.018734 0.047354 0.037469 0.034512