0 0.468023 0.304277 0.036953 0.033711
0 0.258656 0.320039 0.035625 0.030781
0 0.690195 0.718926 0.032641 0.030859
0 0.365547 0.314834 0.035875 0.031309
0 0.379664 0.861426 0.032984 0.030625
0 0.611563 0.187578 0.034594 0.034102
0 0.370070 0.606387 0.034891 0.033906
0 0.701062 0.469512 0.035656 0.036211
0 0.464531 0.606211 0.034844 0.032500
0 0.609187 0.486348 0.036469 0.034102
0 0.712734 0.185840 0.034625 0.033945
0 0.240016 0.010264 0.040344 0.020527
0 0.132195 0.020000 0.039859 0.031719
0 0.162656 0.329229 0.034500 0.031309
0 0.281742 0.598340 0.035078 0.032266
0 0.466109 0.869844 0.033938 0.028672
0 0.815914 0.193633 0.037609 0.033789
0 0.598836 0.742705 0.035359 0.032559
0 0.790320 0.461025 0.037328 0.032129
0 0.592406 0.965898 0.035438 0.030078
0 0.915078 0.204004 0.036500 0.031484
0 0.347367 0.014922 0.041672 0.029844
0 0.292086 0.843545 0.032078 0.029160
0 0.202953 0.807168 0.031844 0.027695
0 0.186687 0.594199 0.033563 0.028281
0 0.076883 0.326699 0.029984 0.030273
0 0.107625 0.581738 0.034500 0.027617
0 0.214562 0.967109 0.031344 0.024883
0 0.029539 0.875029 0.032141 0.025098
0 0.022594 0.712236 0.031062 0.022832
0 0.013437 0.567969 0.024531 0.024414
0 0.006711 0.330234 0.013422 0.022070
0 0.034445 0.033125 0.039609 0.034219