0 0.526148 0.311738 0.036953 0.033711
0 0.209000 0.382842 0.035188 0.030840
0 0.619055 0.773535 0.033953 0.032539
0 0.364594 0.355371 0.035875 0.035195
0 0.253320 0.869395 0.035422 0.030625
0 0.708492 0.212832 0.034609 0.033008
0 0.314023 0.631797 0.034891 0.030117
0 0.699812 0.541973 0.035656 0.036211
0 0.453281 0.601436 0.034844 0.032520
0 0.628344 0.505547 0.036469 0.034102
0 0.785062 0.268887 0.034625 0.033945
0 0.253836 0.075596 0.038672 0.034551
0 0.091672 0.109678 0.039844 0.034629
0 0.056125 0.409824 0.033781 0.034453
0 0.168664 0.648281 0.035078 0.033867
0 0.389836 0.851611 0.033953 0.029434
0 0.867898 0.328691 0.036141 0.033789
0 0.543211 0.750361 0.035359 0.032559
0 0.773680 0.586514 0.037328 0.032129
0 0.478344 0.973027 0.035438 0.030078
0 0.947438 0.394609 0.034906 0.031484
0 0.425172 0.063594 0.040219 0.035742
0 0.118914 0.883525 0.032078 0.029160
0 0.018578 0.671113 0.032156 0.025781
0 0.973375 0.019639 0.036656 0.034355