0 0.519930 0.309961 0.036953 0.033711
0 0.212688 0.376748 0.034906 0.030645
0 0.626602 0.768857 0.033953 0.032559
0 0.364133 0.350869 0.035859 0.035176
0 0.263477 0.871523 0.035422 0.030625
0 0.698852 0.208398 0.034609 0.033320
0 0.320031 0.631465 0.034906 0.029688
0 0.699648 0.535635 0.035641 0.036191
0 0.453805 0.603633 0.034828 0.032500
0 0.626148 0.503770 0.036484 0.034102
0 0.779719 0.258994 0.034625 0.033965
0 0.250383 0.066064 0.039172 0.034551
0 0.093414 0.099248 0.039859 0.034629
0 0.065609 0.402363 0.034000 0.034297
0 0.181430 0.645830 0.035078 0.033887
0 0.396742 0.856445 0.033953 0.029219
0 0.863734 0.313574 0.036594 0.033789
0 0.548680 0.750732 0.035359 0.032559
0 0.777461 0.573643 0.037328 0.032129
0 0.489063 0.975605 0.035437 0.030078
0 0.946547 0.373945 0.035375 0.031484
0 0.416539 0.055303 0.040641 0.035996
0 0.133367 0.883086 0.032078 0.029141
0 0.010625 0.865137 0.021250 0.025508
0 0.038836 0.665869 0.033578 0.025762
0 0.960609 0.007676 0.036656 0.015352