0 0.463383 0.303379 0.036953 0.033711
0 0.264023 0.312627 0.034953 0.031582
0 0.696281 0.712461 0.032437 0.030586
0 0.365352 0.310977 0.035859 0.030469
0 0.393312 0.857412 0.033000 0.030605
0 0.601320 0.185576 0.034609 0.034082
0 0.376414 0.602568 0.034891 0.032402
0 0.701609 0.461768 0.035656 0.036191
0 0.465516 0.605693 0.034844 0.032520
0 0.607187 0.484980 0.036469 0.034102
0 0.704937 0.178027 0.034625 0.033945
0 0.241719 0.007871 0.040344 0.015742
0 0.137789 0.014697 0.039859 0.029395
0 0.174156 0.320508 0.034500 0.030742
0 0.293813 0.592744 0.035094 0.030254
0 0.474320 0.870107 0.033953 0.028691
0 0.810641 0.179824 0.037625 0.033789
0 0.604055 0.740312 0.035359 0.032539
0 0.791000 0.448682 0.037312 0.032129
0 0.604328 0.964414 0.035438 0.030078
0 0.910961 0.185059 0.036484 0.031484
0 0.339336 0.012676 0.041672 0.025352
0 0.310555 0.835850 0.032078 0.029160
0 0.225297 0.799365 0.031844 0.027676
0 0.204070 0.584238 0.033578 0.028281
0 0.093188 0.316533 0.030531 0.029863
0 0.130125 0.570488 0.034500 0.027617
0 0.233609 0.960645 0.031344 0.025781
0 0.048016 0.862314 0.032156 0.025098
0 0.044992 0.699570 0.031047 0.025859
0 0.038734 0.555684 0.029719 0.024414
0 0.019961 0.314971 0.027547 0.027207
0 0.046648 0.022998 0.039609 0.033965