0 0.505008 0.305684 0.036953 0.033711
0 0.223766 0.360547 0.038656 0.033281
0 0.644711 0.757627 0.033953 0.032559
0 0.363023 0.340039 0.035859 0.035195
0 0.294930 0.873408 0.035422 0.030605
0 0.677133 0.200342 0.034609 0.034082
0 0.334469 0.627471 0.034906 0.035098
0 0.697531 0.519092 0.035656 0.036191
0 0.456828 0.605742 0.034844 0.032500
0 0.620227 0.499492 0.036484 0.034102
0 0.762609 0.235918 0.034625 0.033945
0 0.246109 0.047109 0.040344 0.034531
0 0.097586 0.077578 0.039859 0.034648
0 0.091969 0.384180 0.034500 0.033984
0 0.207633 0.639941 0.035078 0.033867
0 0.418469 0.864004 0.033938 0.028672
0 0.849687 0.281992 0.037625 0.033789
0 0.561789 0.751660 0.035359 0.032539
0 0.786008 0.540059 0.037328 0.032109
0 0.516062 0.975313 0.035438 0.030078
0 0.941383 0.325234 0.036484 0.031484
0 0.397602 0.039893 0.041672 0.036621
0 0.173211 0.880439 0.032078 0.029160
0 0.057625 0.851768 0.031844 0.027676
0 0.084570 0.647773 0.033578 0.028281