0 0.548523 0.318125 0.036953 0.033711
0 0.196555 0.404209 0.037891 0.032754
0 0.591883 0.790371 0.033953 0.032539
0 0.373336 0.369199 0.035859 0.035195
0 0.219430 0.860527 0.035422 0.030625
0 0.737055 0.231582 0.034609 0.031875
0 0.292375 0.631777 0.034906 0.034023
0 0.691266 0.565635 0.035656 0.036191
0 0.455047 0.591436 0.034844 0.032520
0 0.934688 0.006201 0.025594 0.012402
0 0.627508 0.510586 0.036484 0.034102
0 0.802703 0.304766 0.034625 0.033945
0 0.267805 0.111377 0.036891 0.034551
0 0.654891 0.005566 0.032437 0.011133
0 0.085406 0.148467 0.039844 0.034629
0 0.030422 0.435498 0.033031 0.034941
0 0.129102 0.657119 0.035078 0.033887
0 0.366914 0.832715 0.033953 0.030234
0 0.873250 0.387617 0.034594 0.033789
0 0.523555 0.748975 0.035359 0.032559
0 0.759852 0.631846 0.037328 0.032129
0 0.440258 0.961367 0.035422 0.030078
0 0.945820 0.467520 0.033234 0.031484
0 0.456945 0.095088 0.038672 0.034824
0 0.068828 0.884473 0.032094 0.029141
0 0.995258 0.097871 0.009484 0.034375