0 0.457398 0.302754 0.036953 0.033711
0 0.270445 0.304072 0.034047 0.032910
0 0.703508 0.703662 0.032328 0.030449
0 0.364648 0.306904 0.035859 0.029941
0 0.410734 0.851426 0.033000 0.030625
0 0.589203 0.184111 0.034594 0.034082
0 0.384336 0.597793 0.034891 0.031484
0 0.701727 0.452920 0.035641 0.036191
0 0.466711 0.605059 0.034828 0.032500
0 0.604531 0.482773 0.036469 0.034102
0 0.695766 0.169961 0.034625 0.033945
0 0.144680 0.010615 0.039859 0.021230
0 0.187828 0.310254 0.034500 0.030117
0 0.308336 0.584688 0.035078 0.029062
0 0.485945 0.869268 0.033953 0.028691
0 0.803719 0.164766 0.037625 0.033789
0 0.609555 0.736475 0.035359 0.032559
0 0.792070 0.434307 0.037328 0.032129
0 0.617750 0.960957 0.035438 0.030078
0 0.905805 0.164141 0.036484 0.031484
0 0.328430 0.010527 0.041672 0.021055
0 0.332445 0.825908 0.032078 0.029160
0 0.250219 0.787686 0.031844 0.027676
0 0.224508 0.572363 0.033578 0.028281
0 0.112984 0.304307 0.030844 0.029121
0 0.155914 0.556562 0.034484 0.027617
0 0.255125 0.951182 0.031344 0.026660
0 0.068914 0.847324 0.032141 0.025078
0 0.071781 0.684600 0.031063 0.027676
0 0.069891 0.540879 0.032813 0.024414
0 0.045570 0.300420 0.029297 0.027988
0 0.062305 0.013232 0.039609 0.026465
0 0.004922 0.021592 0.009844 0.024199