0 0.489711 0.305312 0.036953 0.033711
0 0.240391 0.342930 0.037844 0.032617
0 0.669500 0.740938 0.033344 0.031758
0 0.366195 0.327988 0.035859 0.034180
0 0.334352 0.870459 0.035422 0.030605
0 0.646398 0.194355 0.034609 0.034102
0 0.350828 0.617812 0.034906 0.035117
0 0.699188 0.495850 0.035656 0.036191
0 0.461156 0.607988 0.034844 0.032500
0 0.615984 0.491016 0.036469 0.034102
0 0.739234 0.212441 0.034625 0.033945
0 0.243438 0.028184 0.040344 0.033281
0 0.112461 0.052510 0.039859 0.033887
0 0.123578 0.358867 0.034500 0.033281
0 0.242164 0.620059 0.035078 0.033867
0 0.441664 0.869473 0.033953 0.028672
0 0.833859 0.240566 0.037625 0.033789
0 0.581086 0.750850 0.035359 0.032559
0 0.788031 0.503018 0.037312 0.032129
0 0.551844 0.970898 0.035438 0.030078
0 0.929055 0.268418 0.036484 0.031484
0 0.375086 0.023867 0.041672 0.035078
0 0.229273 0.863096 0.032078 0.029160
0 0.126969 0.833672 0.031844 0.027695
0 0.131820 0.623340 0.033578 0.028281
0 0.021453 0.361260 0.028156 0.031699
0 0.029672 0.621367 0.037094 0.027617
0 0.149797 0.989102 0.031344 0.021797
0 0.006820 0.069561 0.013641 0.027090