0 0.465055 0.303789 0.036953 0.033711
0 0.261875 0.315996 0.035219 0.030430
0 0.693844 0.715049 0.032531 0.030684
0 0.365430 0.312529 0.035859 0.030801
0 0.387859 0.859023 0.033000 0.030625
0 0.605414 0.186377 0.034609 0.034082
0 0.373875 0.604092 0.034906 0.032988
0 0.701391 0.464873 0.035656 0.036191
0 0.465125 0.605898 0.034844 0.032500
0 0.607992 0.485527 0.036484 0.034102
0 0.708062 0.181152 0.034625 0.033945
0 0.241719 0.008848 0.040344 0.017695
0 0.135164 0.015381 0.039859 0.030762
0 0.169555 0.323994 0.034516 0.030957
0 0.288992 0.594980 0.035078 0.031055
0 0.471031 0.870000 0.033937 0.028672
0 0.812750 0.185352 0.037625 0.033789
0 0.601961 0.741270 0.035359 0.032539
0 0.790727 0.453623 0.037328 0.032129
0 0.599562 0.965000 0.035438 0.030078
0 0.912609 0.192637 0.036500 0.031484
0 0.342477 0.013906 0.041672 0.027813
0 0.303164 0.838936 0.032078 0.029160
0 0.216359 0.802490 0.031844 0.027676
0 0.197117 0.588223 0.033578 0.028281
0 0.086664 0.320596 0.030297 0.030020
0 0.121125 0.574990 0.034500 0.027598
0 0.225984 0.963232 0.031344 0.025410
0 0.040625 0.867402 0.032156 0.025078
0 0.036031 0.704629 0.031063 0.024648
0 0.028617 0.560605 0.027641 0.024414
0 0.012906 0.319766 0.025812 0.026445
0 0.041766 0.027051 0.039594 0.034063