0 0.461695 0.302949 0.036953 0.033711
0 0.266172 0.309248 0.034687 0.032715
0 0.698711 0.709873 0.032359 0.030488
0 0.365281 0.309424 0.035875 0.030137
0 0.398781 0.855801 0.033000 0.030625
0 0.597211 0.184785 0.034609 0.034102
0 0.378945 0.601035 0.034891 0.031797
0 0.701836 0.458672 0.035641 0.036211
0 0.465922 0.605479 0.034844 0.032520
0 0.606391 0.484434 0.036469 0.034102
0 0.701828 0.174893 0.034625 0.033965
0 0.239961 0.006084 0.036797 0.012168
0 0.140422 0.014023 0.039844 0.028047
0 0.178750 0.317012 0.034500 0.030508
0 0.298633 0.590498 0.035078 0.029473
0 0.477602 0.870215 0.033953 0.028672
0 0.808531 0.174316 0.037625 0.033789
0 0.606148 0.739355 0.035359 0.032539
0 0.791273 0.443740 0.037328 0.032129
0 0.609102 0.963828 0.035422 0.030078
0 0.909320 0.177480 0.036484 0.031484
0 0.335898 0.011758 0.041672 0.023516
0 0.317945 0.832773 0.032078 0.029141
0 0.233156 0.795439 0.031844 0.027676
0 0.211023 0.580244 0.033578 0.028301
0 0.099711 0.312480 0.030734 0.029688
0 0.139125 0.565986 0.034500 0.027598
0 0.241234 0.958057 0.031344 0.026152
0 0.055406 0.857227 0.032156 0.025078
0 0.053953 0.694492 0.031062 0.027070
0 0.048852 0.550781 0.031766 0.024414
0 0.028789 0.310537 0.029297 0.027988
0 0.051523 0.018945 0.039609 0.033867