0 0.532367 0.313496 0.036953 0.033711
0 0.205547 0.388779 0.035938 0.031387
0 0.611508 0.778213 0.033953 0.032559
0 0.365055 0.359883 0.035859 0.035195
0 0.243914 0.866934 0.035422 0.030625
0 0.718273 0.217520 0.034609 0.032695
0 0.308016 0.631787 0.034906 0.031191
0 0.699805 0.548174 0.035641 0.036191
0 0.452953 0.598916 0.034844 0.032520
0 0.630477 0.507324 0.036484 0.034102
0 0.789969 0.278857 0.034625 0.033965
0 0.257719 0.085527 0.038187 0.034531
0 0.089930 0.120449 0.039859 0.034648
0 0.047016 0.417266 0.033562 0.034570
0 0.155898 0.650732 0.035078 0.033887
0 0.383477 0.846367 0.033953 0.029648
0 0.871641 0.344277 0.035719 0.033789
0 0.537758 0.749971 0.035359 0.032559
0 0.769836 0.599111 0.037328 0.032129
0 0.467766 0.969785 0.035438 0.030078
0 0.948016 0.415391 0.034437 0.031484
0 0.434000 0.072334 0.039781 0.035488
0 0.105008 0.883779 0.032078 0.029160
0 0.009242 0.676631 0.018484 0.025762
0 0.982023 0.039893 0.030953 0.034355