0 0.499070 0.305684 0.036953 0.033711
0 0.231680 0.353125 0.038641 0.033281
0 0.656750 0.750039 0.033656 0.032188
0 0.365664 0.334277 0.035859 0.035195
0 0.313328 0.872031 0.035406 0.030625
0 0.662789 0.197549 0.034609 0.034082
0 0.342102 0.622969 0.034891 0.035117
0 0.698297 0.508242 0.035656 0.036211
0 0.458945 0.607061 0.034828 0.032520
0 0.618375 0.495234 0.036469 0.034102
0 0.751688 0.224961 0.034625 0.033945
0 0.245445 0.038867 0.040359 0.034531
0 0.103523 0.066865 0.039859 0.034629
0 0.105820 0.372637 0.034516 0.033984
0 0.223742 0.630664 0.035078 0.033867
0 0.428648 0.868437 0.033953 0.028672
0 0.842297 0.262656 0.037625 0.033789
0 0.571055 0.751729 0.035359 0.032559
0 0.786945 0.522764 0.037328 0.032129
0 0.532766 0.973252 0.035438 0.030098
0 0.935633 0.298730 0.036484 0.031484
0 0.387711 0.030000 0.041672 0.036602
0 0.199375 0.872354 0.032094 0.029160
0 0.091211 0.846143 0.031859 0.027676
0 0.106617 0.636367 0.033578 0.028281
0 0.003078 0.385430 0.005938 0.029687
0 0.004719 0.640410 0.009437 0.035000
0 0.118859 0.990820 0.035625 0.014844