0 0.521164 0.310312 0.036953 0.033711
0 0.211766 0.378105 0.034594 0.030430
0 0.625086 0.769795 0.033953 0.032559
0 0.364227 0.351777 0.035859 0.035195
0 0.260852 0.871367 0.035422 0.030625
0 0.700664 0.209072 0.034609 0.033262
0 0.318828 0.631807 0.034906 0.029238
0 0.699828 0.537012 0.035656 0.036211
0 0.453547 0.603457 0.034844 0.032500
0 0.626641 0.504121 0.036469 0.034102
0 0.781156 0.260918 0.034625 0.033945
0 0.250734 0.067637 0.039062 0.034531
0 0.093063 0.101055 0.039844 0.034648
0 0.063414 0.403867 0.033953 0.034336
0 0.178883 0.646318 0.035078 0.033887
0 0.394930 0.855820 0.033953 0.029258
0 0.864906 0.316211 0.036500 0.033789
0 0.547586 0.750664 0.035359 0.032539
0 0.776742 0.576436 0.037328 0.032129
0 0.486812 0.975625 0.035437 0.030078
0 0.946969 0.378008 0.035281 0.031484
0 0.418117 0.056582 0.040547 0.035938
0 0.130055 0.883311 0.032078 0.029160
0 0.008281 0.866230 0.016563 0.023320
0 0.034773 0.667207 0.033578 0.025781
0 0.964047 0.009824 0.036656 0.019648