0 0.462539 0.303164 0.036953 0.033711
0 0.265102 0.310937 0.034828 0.032148
0 0.697500 0.711172 0.032406 0.030547
0 0.365320 0.310205 0.035859 0.030293
0 0.396047 0.856602 0.033000 0.030625
0 0.599266 0.185186 0.034594 0.034082
0 0.377680 0.601807 0.034891 0.032090
0 0.701727 0.460225 0.035641 0.036191
0 0.465719 0.605586 0.034844 0.032500
0 0.606789 0.484707 0.036484 0.034102
0 0.703391 0.176465 0.034625 0.033945
0 0.241719 0.007373 0.040344 0.014746
0 0.139109 0.014365 0.039844 0.028730
0 0.176453 0.318770 0.034500 0.030625
0 0.296227 0.591611 0.035078 0.029863
0 0.475961 0.870156 0.033953 0.028672
0 0.809586 0.177070 0.037609 0.033789
0 0.605102 0.739834 0.035359 0.032559
0 0.791133 0.446221 0.037328 0.032129
0 0.606719 0.964121 0.035438 0.030078
0 0.910141 0.181270 0.036500 0.031484
0 0.337758 0.012061 0.041672 0.024121
0 0.314250 0.834307 0.032094 0.029160
0 0.229219 0.797402 0.031844 0.027695
0 0.207547 0.582236 0.033562 0.028301
0 0.096445 0.314512 0.030641 0.029766
0 0.134625 0.568242 0.034500 0.027617
0 0.237422 0.959346 0.031344 0.025957
0 0.051703 0.859775 0.032156 0.025098
0 0.049469 0.697031 0.031063 0.026484
0 0.043789 0.553242 0.030734 0.024414
0 0.024664 0.313115 0.029297 0.027988
0 0.049086 0.020967 0.039609 0.033926