0 0.552258 0.319199 0.036953 0.033711
0 0.194469 0.407773 0.038344 0.033086
0 0.587352 0.793184 0.033953 0.032539
0 0.375258 0.371348 0.035859 0.035195
0 0.213781 0.859063 0.035406 0.030625
0 0.741398 0.234824 0.034609 0.031680
0 0.288766 0.631768 0.034906 0.034668
0 0.689297 0.569658 0.035656 0.036191
0 0.455531 0.589707 0.034844 0.032500
0 0.944484 0.010371 0.035375 0.020742
0 0.626820 0.511348 0.036484 0.034102
0 0.805641 0.310752 0.034625 0.033965
0 0.270133 0.117344 0.036609 0.034531
0 0.664055 0.008535 0.040297 0.017070
0 0.084367 0.154932 0.039859 0.034629
0 0.026594 0.439697 0.032906 0.035020
0 0.122914 0.658594 0.035078 0.033867
0 0.363102 0.829570 0.033953 0.030352
0 0.873617 0.397598 0.034328 0.033789
0 0.520289 0.748740 0.035359 0.032559
0 0.757547 0.639404 0.037312 0.032129
0 0.433906 0.959434 0.035438 0.030078
0 0.945320 0.479551 0.032953 0.031484
0 0.462242 0.100342 0.038422 0.034668
0 0.060477 0.884629 0.032078 0.029141
0 0.997672 0.106152 0.004656 0.034375