0 0.541070 0.315996 0.036953 0.033711
0 0.200695 0.397090 0.036984 0.032109
0 0.600930 0.784766 0.033953 0.032539
0 0.369516 0.364902 0.035875 0.035195
0 0.230727 0.863486 0.035422 0.030605
0 0.728383 0.225098 0.034609 0.032266
0 0.299594 0.631787 0.034906 0.032715
0 0.695203 0.557578 0.035656 0.036211
0 0.454078 0.594883 0.034844 0.032500
0 0.628875 0.509082 0.036469 0.034102
0 0.796828 0.292813 0.034625 0.033945
0 0.263148 0.099453 0.037484 0.034531
0 0.087492 0.135537 0.039859 0.034629
0 0.038078 0.427080 0.033281 0.034785
0 0.141477 0.654170 0.035078 0.033887
0 0.374555 0.839023 0.033953 0.029961
0 0.872508 0.367617 0.035109 0.033789
0 0.530117 0.749434 0.035359 0.032539
0 0.764461 0.616738 0.037328 0.032109
0 0.452953 0.965254 0.035438 0.030078
0 0.946836 0.443457 0.033797 0.031484
0 0.446359 0.084590 0.039187 0.035117
0 0.085523 0.884150 0.032078 0.029160
0 0.991242 0.070811 0.017516 0.034355