0 0.473117 0.304531 0.036953 0.033711
0 0.254352 0.325420 0.036141 0.031191
0 0.685328 0.724111 0.032813 0.031074
0 0.365695 0.317930 0.035859 0.031992
0 0.368734 0.864570 0.033813 0.030625
0 0.619758 0.189170 0.034609 0.034082
0 0.365000 0.609443 0.034906 0.035098
0 0.700617 0.475713 0.035641 0.036191
0 0.463734 0.606631 0.034844 0.032520
0 0.610789 0.487451 0.036484 0.034121
0 0.718969 0.192109 0.034625 0.033945
0 0.239477 0.012705 0.040359 0.025410
0 0.128133 0.028047 0.039859 0.032266
0 0.153461 0.336201 0.034516 0.031777
0 0.272094 0.602832 0.035094 0.033867
0 0.459539 0.869639 0.033953 0.028691
0 0.820141 0.204688 0.037625 0.033789
0 0.594648 0.744619 0.035359 0.032559
0 0.789789 0.470908 0.037328 0.032129
0 0.582859 0.967070 0.035438 0.030078
0 0.918367 0.219160 0.036484 0.031484
0 0.353883 0.016709 0.041672 0.031738
0 0.277461 0.848896 0.032078 0.029160
0 0.185070 0.813398 0.031859 0.027695
0 0.172773 0.602178 0.033578 0.028301
0 0.063844 0.334834 0.029563 0.030605
0 0.089625 0.590732 0.034500 0.027598
0 0.199328 0.972285 0.031344 0.024141
0 0.016125 0.883428 0.027500 0.023574
0 0.009047 0.722549 0.018094 0.022832
0 0.024680 0.041230 0.039609 0.034414