0 0.441242 0.302754 0.036953 0.033711
0 0.285367 0.287803 0.031703 0.031113
0 0.720211 0.680723 0.032328 0.030430
0 0.361906 0.298750 0.035875 0.029961
0 0.453156 0.834492 0.033000 0.030625
0 0.561367 0.182822 0.034609 0.034082
0 0.403570 0.586191 0.034891 0.031484
0 0.700695 0.433340 0.035641 0.036211
0 0.469484 0.603604 0.034844 0.032520
0 0.597734 0.476328 0.036469 0.034102
0 0.674734 0.154238 0.034625 0.033945
0 0.219438 0.286846 0.034500 0.028809
0 0.342352 0.562773 0.035078 0.029062
0 0.516617 0.864238 0.033953 0.028672
0 0.786203 0.133164 0.037625 0.033789
0 0.620500 0.725400 0.035344 0.032559
0 0.795164 0.401748 0.037328 0.032129
0 0.646953 0.948398 0.035438 0.030078
0 0.893227 0.119570 0.036484 0.031484
0 0.307312 0.005928 0.027875 0.011855
0 0.382633 0.801064 0.032078 0.029160
0 0.311234 0.760732 0.031844 0.027676
0 0.271242 0.544873 0.033578 0.028301
0 0.159703 0.275723 0.030844 0.026914
0 0.213297 0.523057 0.034500 0.027598
0 0.302234 0.925137 0.031344 0.028281
0 0.116641 0.814336 0.032156 0.025195
0 0.131219 0.650420 0.031062 0.027676
0 0.144437 0.506074 0.032813 0.024414
0 0.104672 0.265195 0.029313 0.027969
0 0.052906 0.258047 0.026875 0.025000
0 0.095766 0.973105 0.031969 0.027461