0 0.496102 0.305625 0.036953 0.033711
0 0.235023 0.349658 0.038516 0.033184
0 0.661914 0.746787 0.033547 0.032012
0 0.366383 0.331855 0.035859 0.035039
0 0.321211 0.871445 0.035422 0.030625
0 0.656648 0.196348 0.034609 0.034102
0 0.345375 0.621035 0.034906 0.035117
0 0.698633 0.503594 0.035641 0.036211
0 0.459852 0.607627 0.034828 0.032520
0 0.617578 0.493398 0.036469 0.034102
0 0.747016 0.220273 0.034625 0.033945
0 0.244953 0.035117 0.040344 0.034336
0 0.106430 0.061924 0.039859 0.034512
0 0.112078 0.367598 0.034500 0.033867
0 0.230648 0.626680 0.035078 0.033867
0 0.434070 0.869053 0.033953 0.028691
0 0.839133 0.254375 0.037609 0.033789
0 0.575023 0.751768 0.035359 0.032559
0 0.787352 0.515361 0.037328 0.032129
0 0.539922 0.972363 0.035438 0.030078
0 0.933164 0.287363 0.036484 0.031484
0 0.383242 0.026621 0.041672 0.036367
0 0.210586 0.868877 0.032078 0.029160
0 0.104617 0.841465 0.031859 0.027695
0 0.116070 0.631484 0.033578 0.028281
0 0.009125 0.373115 0.016750 0.036855
0 0.012375 0.633633 0.024750 0.029453
0 0.130945 0.991885 0.035609 0.015332