0 0.490992 0.305391 0.036953 0.033711
0 0.239320 0.344277 0.037984 0.032734
0 0.668289 0.742236 0.033391 0.031816
0 0.366227 0.328760 0.035859 0.034355
0 0.331727 0.870654 0.035422 0.030605
0 0.648445 0.194756 0.034609 0.034082
0 0.349734 0.618457 0.034906 0.035117
0 0.699078 0.497402 0.035656 0.036211
0 0.460953 0.608086 0.034844 0.032500
0 0.616383 0.491289 0.036484 0.034102
0 0.740781 0.214004 0.034625 0.033945
0 0.243734 0.029570 0.040344 0.033477
0 0.111250 0.054385 0.039844 0.034004
0 0.121273 0.360625 0.034516 0.033398
0 0.239867 0.621387 0.035078 0.033867
0 0.440336 0.869473 0.033953 0.028672
0 0.834914 0.243340 0.037609 0.033789
0 0.580039 0.751318 0.035359 0.032559
0 0.787898 0.505479 0.037328 0.032129
0 0.549469 0.971191 0.035438 0.030078
0 0.929875 0.272207 0.036500 0.031484
0 0.376727 0.024424 0.041672 0.035332
0 0.225539 0.864248 0.032078 0.029160
0 0.122500 0.835234 0.031844 0.027695
0 0.128680 0.624971 0.033578 0.028301
0 0.018195 0.363291 0.028047 0.031777
0 0.025055 0.623721 0.037297 0.027598
0 0.146094 0.989893 0.032406 0.020215
0 0.005648 0.071553 0.011297 0.025176