0 0.469289 0.304336 0.036953 0.033711
0 0.257578 0.321387 0.035750 0.030859
0 0.688977 0.720225 0.032703 0.030918
0 0.365586 0.315615 0.035859 0.031465
0 0.376938 0.862227 0.033000 0.030625
0 0.613617 0.187979 0.034609 0.034082
0 0.368805 0.607158 0.034891 0.034199
0 0.700953 0.471064 0.035656 0.036191
0 0.464328 0.606318 0.034844 0.032520
0 0.609586 0.486621 0.036484 0.034102
0 0.714297 0.187412 0.034625 0.033965
0 0.239438 0.010742 0.040344 0.021484
0 0.131375 0.022139 0.039844 0.031855
0 0.160359 0.330967 0.034500 0.031426
0 0.279336 0.599463 0.035078 0.032676
0 0.464469 0.869795 0.033938 0.028691
0 0.816969 0.196406 0.037625 0.033789
0 0.597789 0.743184 0.035359 0.032539
0 0.790195 0.463506 0.037328 0.032129
0 0.590016 0.966191 0.035438 0.030078
0 0.915898 0.207793 0.036484 0.031484
0 0.348992 0.015264 0.041672 0.030527
0 0.288383 0.845088 0.032078 0.029160
0 0.198484 0.808721 0.031844 0.027676
0 0.183211 0.596191 0.033578 0.028281
0 0.073625 0.328730 0.029875 0.030352
0 0.103125 0.583994 0.034500 0.027598
0 0.210750 0.968398 0.031344 0.024687
0 0.025844 0.877578 0.032156 0.025078
0 0.017883 0.715186 0.028703 0.022832
0 0.010602 0.570781 0.019641 0.022656
0 0.004648 0.333730 0.009297 0.020625
0 0.032000 0.035156 0.039594 0.034258