0 0.499914 0.305684 0.036953 0.033711
0 0.230555 0.354189 0.038641 0.033301
0 0.655031 0.751113 0.033719 0.032227
0 0.365289 0.335098 0.035859 0.035195
0 0.310695 0.872227 0.035422 0.030625
0 0.664836 0.197939 0.034609 0.034082
0 0.341016 0.623604 0.034906 0.035098
0 0.698188 0.509795 0.035656 0.036191
0 0.458641 0.606875 0.034844 0.032500
0 0.618633 0.495840 0.036484 0.034102
0 0.753250 0.226523 0.034625 0.033945
0 0.245539 0.040039 0.040359 0.034531
0 0.102680 0.068389 0.039859 0.034629
0 0.103844 0.374287 0.034500 0.033965
0 0.221445 0.631982 0.035078 0.033887
0 0.427195 0.867803 0.033953 0.028691
0 0.843352 0.265430 0.037609 0.033789
0 0.569727 0.751729 0.035359 0.032559
0 0.786820 0.525244 0.037328 0.032129
0 0.530375 0.973555 0.035437 0.030078
0 0.936453 0.302520 0.036500 0.031484
0 0.389117 0.031416 0.041672 0.036621
0 0.195633 0.873506 0.032078 0.029160
0 0.086742 0.847705 0.031859 0.027676
0 0.103477 0.637998 0.033578 0.028301