0 0.513711 0.308184 0.036953 0.033711
0 0.217305 0.370000 0.036453 0.031758
0 0.634148 0.764180 0.033953 0.032539
0 0.363672 0.346367 0.035875 0.035195
0 0.276586 0.872305 0.035422 0.030625
0 0.689805 0.205039 0.034609 0.033633
0 0.326047 0.629805 0.034906 0.031953
0 0.698766 0.528740 0.035656 0.036191
0 0.455063 0.604512 0.034844 0.032500
0 0.623680 0.501992 0.036484 0.034102
0 0.772594 0.249375 0.034625 0.033945
0 0.248594 0.058164 0.039656 0.034531
0 0.095148 0.090225 0.039859 0.034629
0 0.076586 0.394785 0.034203 0.034180
0 0.194195 0.643369 0.035078 0.033887
0 0.405797 0.859600 0.033937 0.029004
0 0.857883 0.300410 0.037016 0.033789
0 0.554133 0.751123 0.035359 0.032559
0 0.781023 0.559648 0.037328 0.032109
0 0.500313 0.975479 0.035438 0.030098
0 0.944391 0.353652 0.035844 0.031484
0 0.408648 0.048887 0.041078 0.036250
0 0.149969 0.881982 0.032094 0.029160
0 0.024555 0.860898 0.031859 0.027695
0 0.059133 0.659170 0.033578 0.025762