0 0.542305 0.316348 0.036953 0.033711
0 0.200008 0.398281 0.037141 0.032227
0 0.599430 0.785703 0.033953 0.032539
0 0.370148 0.365605 0.035859 0.035195
0 0.228844 0.862988 0.035406 0.030625
0 0.729836 0.226172 0.034609 0.032188
0 0.298391 0.631777 0.034906 0.032930
0 0.694547 0.558916 0.035656 0.036191
0 0.454234 0.594316 0.034844 0.032500
0 0.628648 0.509336 0.036484 0.034102
0 0.797797 0.294805 0.034625 0.033945
0 0.263930 0.101436 0.037391 0.034551
0 0.087148 0.137686 0.039859 0.034629
0 0.036805 0.428477 0.033234 0.034805
0 0.139414 0.654668 0.035078 0.033867
0 0.373289 0.837969 0.033953 0.030000
0 0.872625 0.370938 0.035031 0.033789
0 0.529023 0.749365 0.035359 0.032559
0 0.763695 0.619258 0.037328 0.032109
0 0.450844 0.964609 0.035438 0.030078
0 0.946664 0.447461 0.033703 0.031484
0 0.448117 0.086338 0.039109 0.035059
0 0.082742 0.884209 0.032078 0.029160
0 0.992219 0.076211 0.015563 0.034375