0 0.518680 0.309590 0.036953 0.033711
0 0.213617 0.375400 0.035203 0.030879
0 0.628102 0.767920 0.033953 0.032559
0 0.364039 0.349961 0.035859 0.035195
0 0.266102 0.871680 0.035422 0.030625
0 0.697039 0.207725 0.034609 0.033379
0 0.321234 0.631143 0.034906 0.030137
0 0.699469 0.534248 0.035656 0.036191
0 0.454055 0.603809 0.034828 0.032500
0 0.625656 0.503418 0.036469 0.034102
0 0.778297 0.257070 0.034625 0.033945
0 0.250023 0.064492 0.039266 0.034531
0 0.093758 0.097441 0.039859 0.034648
0 0.067805 0.400850 0.034047 0.034277
0 0.183992 0.645332 0.035078 0.033867
0 0.398555 0.857080 0.033953 0.029160
0 0.862570 0.310937 0.036672 0.033789
0 0.549773 0.750811 0.035359 0.032559
0 0.778172 0.570840 0.037313 0.032109
0 0.491312 0.975566 0.035437 0.030078
0 0.946109 0.369883 0.035469 0.031484
0 0.414961 0.054023 0.040734 0.036055
0 0.136695 0.882861 0.032078 0.029160
0 0.012969 0.864043 0.025938 0.027695
0 0.042891 0.664531 0.033562 0.025781
0 0.958648 0.006553 0.036641 0.013105