0 0.459695 0.302754 0.036953 0.033711
0 0.268313 0.306406 0.034406 0.033164
0 0.701117 0.706934 0.032328 0.030430
0 0.365047 0.308066 0.035875 0.029961
0 0.404586 0.853809 0.032984 0.030625
0 0.593180 0.184287 0.034609 0.034082
0 0.381586 0.599453 0.034891 0.031484
0 0.701875 0.455723 0.035656 0.036211
0 0.466313 0.605273 0.034844 0.032500
0 0.605508 0.483691 0.036484 0.034102
0 0.698766 0.172207 0.034625 0.033945
0 0.239180 0.002959 0.033266 0.005918
0 0.142719 0.012666 0.039844 0.025332
0 0.183313 0.313604 0.034500 0.030293
0 0.303477 0.587812 0.035078 0.029062
0 0.481477 0.869932 0.033953 0.028691
0 0.806219 0.169297 0.037625 0.033789
0 0.607977 0.738076 0.035359 0.032559
0 0.791633 0.438955 0.037328 0.032129
0 0.613578 0.962676 0.035437 0.030078
0 0.907602 0.170508 0.036484 0.031484
0 0.332164 0.011143 0.041672 0.022285
0 0.325242 0.829463 0.032078 0.029160
0 0.241453 0.791553 0.031844 0.027676
0 0.217836 0.576289 0.033578 0.028281
0 0.106312 0.308398 0.030844 0.029453
0 0.147719 0.561348 0.034500 0.027617
0 0.248406 0.954902 0.031344 0.026445
0 0.062375 0.852227 0.032156 0.025078
0 0.062875 0.689502 0.031062 0.027676
0 0.059234 0.545840 0.032812 0.024414
0 0.037133 0.305449 0.029297 0.027969
0 0.056742 0.015684 0.039609 0.031367