0 0.554742 0.319902 0.036953 0.033711
0 0.193086 0.410146 0.038641 0.033301
0 0.584336 0.795059 0.033953 0.032539
0 0.376523 0.372773 0.035859 0.035195
0 0.210016 0.858066 0.035406 0.030625
0 0.744289 0.236992 0.034609 0.031562
0 0.286359 0.631768 0.034906 0.035098
0 0.687984 0.572354 0.035656 0.036191
0 0.455844 0.588564 0.034844 0.032520
0 0.945797 0.013037 0.035375 0.026074
0 0.626359 0.511855 0.036469 0.034102
0 0.807594 0.314736 0.034625 0.033965
0 0.271687 0.121309 0.036406 0.034531
0 0.667984 0.010781 0.040281 0.021562
0 0.083664 0.159248 0.039859 0.034629
0 0.024031 0.442500 0.032813 0.035078
0 0.118789 0.659570 0.035078 0.033867
0 0.360555 0.827471 0.033953 0.030449
0 0.873859 0.404277 0.034156 0.033789
0 0.518102 0.748594 0.035359 0.032539
0 0.756008 0.644443 0.037328 0.032129
0 0.429680 0.958125 0.035422 0.030078
0 0.944977 0.487578 0.032766 0.031484
0 0.465766 0.103838 0.038250 0.034551
0 0.054914 0.884736 0.032078 0.029160