0 0.551008 0.318828 0.036953 0.033711
0 0.195164 0.406582 0.038203 0.032969
0 0.588867 0.792246 0.033953 0.032539
0 0.374617 0.370625 0.035859 0.035195
0 0.215664 0.859551 0.035422 0.030625
0 0.739953 0.233750 0.034594 0.031758
0 0.289969 0.631777 0.034906 0.034453
0 0.689953 0.568320 0.035656 0.036211
0 0.455367 0.590283 0.034828 0.032520
0 0.943828 0.009043 0.035375 0.018086
0 0.627047 0.511094 0.036469 0.034102
0 0.804656 0.308760 0.034625 0.033965
0 0.269359 0.115352 0.036687 0.034531
0 0.662094 0.007402 0.040281 0.014805
0 0.084711 0.152783 0.039859 0.034629
0 0.027867 0.438301 0.032953 0.035000
0 0.124977 0.658096 0.035078 0.033887
0 0.364367 0.830615 0.033953 0.030332
0 0.873492 0.394277 0.034422 0.033789
0 0.521383 0.748818 0.035359 0.032559
0 0.758320 0.636885 0.037328 0.032129
0 0.436031 0.960078 0.035437 0.030078
0 0.945484 0.475547 0.033063 0.031484
0 0.460477 0.098584 0.038516 0.034707
0 0.063258 0.884580 0.032078 0.029160
0 0.996867 0.103389 0.006266 0.034355