0 0.527383 0.312090 0.036953 0.033711
0 0.208312 0.384033 0.035344 0.030957
0 0.617539 0.774473 0.033953 0.032539
0 0.364680 0.356279 0.035859 0.035176
0 0.251445 0.868906 0.035422 0.030625
0 0.710445 0.213760 0.034609 0.032949
0 0.312820 0.631797 0.034891 0.030312
0 0.699812 0.543213 0.035656 0.036191
0 0.453219 0.600928 0.034844 0.032520
0 0.628773 0.505898 0.036484 0.034102
0 0.786047 0.270879 0.034625 0.033945
0 0.254617 0.077578 0.038578 0.034531
0 0.091320 0.111826 0.039859 0.034629
0 0.054305 0.411318 0.033734 0.034473
0 0.166117 0.648770 0.035078 0.033867
0 0.388570 0.850566 0.033953 0.029492
0 0.868641 0.331797 0.036063 0.033789
0 0.542133 0.750283 0.035359 0.032559
0 0.772914 0.589033 0.037328 0.032129
0 0.476234 0.972383 0.035438 0.030078
0 0.947547 0.398770 0.034813 0.031484
0 0.426945 0.065342 0.040141 0.035684
0 0.116133 0.883574 0.032078 0.029141
0 0.016711 0.672217 0.029422 0.025762
0 0.975336 0.024248 0.036641 0.034355