0 0.460852 0.302754 0.036953 0.033711
0 0.267250 0.307568 0.034563 0.033301
0 0.699930 0.708574 0.032328 0.030430
0 0.365242 0.308652 0.035859 0.029961
0 0.401516 0.855000 0.033000 0.030625
0 0.595164 0.184385 0.034609 0.034082
0 0.380211 0.600273 0.034891 0.031484
0 0.701945 0.457119 0.035641 0.036191
0 0.466117 0.605371 0.034828 0.032500
0 0.605992 0.484160 0.036484 0.034102
0 0.700266 0.173330 0.034625 0.033965
0 0.238195 0.004795 0.033266 0.009590
0 0.141742 0.013682 0.039859 0.027363
0 0.181047 0.315273 0.034500 0.030391
0 0.301055 0.589375 0.035078 0.029062
0 0.479242 0.870264 0.033953 0.028691
0 0.807477 0.171543 0.037609 0.033789
0 0.607180 0.738877 0.035359 0.032559
0 0.791406 0.441279 0.037313 0.032129
0 0.611484 0.963535 0.035438 0.030078
0 0.908500 0.173691 0.036500 0.031484
0 0.334023 0.011455 0.041672 0.022910
0 0.321641 0.831240 0.032094 0.029160
0 0.237078 0.793477 0.031844 0.027695
0 0.214500 0.578242 0.033563 0.028281
0 0.102969 0.310439 0.030844 0.029590
0 0.143617 0.563740 0.034484 0.027598
0 0.245031 0.956758 0.031344 0.026328
0 0.059094 0.854678 0.032156 0.025098
0 0.058430 0.691963 0.031047 0.027676
0 0.053906 0.548320 0.032813 0.024414
0 0.032914 0.307969 0.029297 0.027969
0 0.053961 0.016914 0.039609 0.033828