0 0.470570 0.304395 0.036953 0.033711
0 0.256508 0.322734 0.035891 0.030977
0 0.687758 0.721523 0.032734 0.030977
0 0.365625 0.316387 0.035875 0.031641
0 0.374203 0.863027 0.033000 0.030625
0 0.615664 0.188369 0.034609 0.034082
0 0.367539 0.607920 0.034891 0.034512
0 0.700844 0.472607 0.035656 0.036191
0 0.464133 0.606426 0.034828 0.032500
0 0.609984 0.486895 0.036469 0.034102
0 0.715844 0.188975 0.034625 0.033965
0 0.238867 0.011211 0.040359 0.022422
0 0.130547 0.024287 0.039844 0.032012
0 0.158062 0.332715 0.034500 0.031562
0 0.276914 0.600586 0.035078 0.033086
0 0.462828 0.869746 0.033937 0.028672
0 0.818031 0.199160 0.037625 0.033789
0 0.596742 0.743662 0.035359 0.032559
0 0.790055 0.465967 0.037328 0.032129
0 0.587633 0.966484 0.035422 0.030078
0 0.916719 0.211582 0.036500 0.031484
0 0.350633 0.015605 0.041672 0.031211
0 0.284695 0.846631 0.032078 0.029160
0 0.194016 0.810283 0.031844 0.027676
0 0.179734 0.598184 0.033562 0.028281
0 0.070367 0.330762 0.029766 0.030430
0 0.098625 0.586240 0.034500 0.027598
0 0.206937 0.969697 0.031344 0.024512
0 0.022148 0.880117 0.032141 0.025078
0 0.013172 0.718135 0.026344 0.022832
0 0.007758 0.573594 0.014734 0.020898
0 0.029563 0.037178 0.039594 0.034316