0 0.523664 0.311016 0.036953 0.033711
0 0.210383 0.380479 0.034891 0.030645
0 0.622070 0.771660 0.033953 0.032539
0 0.364414 0.353574 0.035859 0.035195
0 0.257086 0.870391 0.035422 0.030625
0 0.704570 0.210947 0.034609 0.033145
0 0.316430 0.631807 0.034891 0.029668
0 0.699820 0.539492 0.035641 0.036211
0 0.453422 0.602441 0.034844 0.032500
0 0.627492 0.504844 0.036484 0.034102
0 0.783109 0.264902 0.034625 0.033945
0 0.252289 0.071621 0.038859 0.034531
0 0.092367 0.105361 0.039859 0.034629
0 0.059766 0.406846 0.033875 0.034395
0 0.173773 0.647305 0.035078 0.033867
0 0.392383 0.853721 0.033953 0.029355
0 0.866398 0.322441 0.036328 0.033789
0 0.545398 0.750508 0.035359 0.032539
0 0.775211 0.581475 0.037328 0.032129
0 0.482578 0.974316 0.035438 0.030078
0 0.947203 0.386309 0.035094 0.031484
0 0.421648 0.060088 0.040391 0.035840
0 0.124484 0.883408 0.032094 0.029160
0 0.003781 0.871133 0.006875 0.023320
0 0.026648 0.669883 0.033578 0.025781
0 0.970922 0.014111 0.036656 0.028223