0 0.500758 0.305684 0.036953 0.033711
0 0.229422 0.355244 0.038656 0.033301
0 0.653312 0.752207 0.033750 0.032266
0 0.364914 0.335918 0.035859 0.035195
0 0.308070 0.872422 0.035422 0.030625
0 0.666891 0.198340 0.034594 0.034102
0 0.339922 0.624248 0.034906 0.035098
0 0.698078 0.511338 0.035656 0.036191
0 0.458344 0.606680 0.034844 0.032500
0 0.618898 0.496445 0.036484 0.034102
0 0.754813 0.228086 0.034625 0.033945
0 0.245641 0.041211 0.040344 0.034531
0 0.101828 0.069922 0.039844 0.034648
0 0.101859 0.375938 0.034500 0.033984
0 0.219148 0.633311 0.035078 0.033887
0 0.425742 0.867168 0.033953 0.028672
0 0.844406 0.268184 0.037625 0.033789
0 0.568398 0.751709 0.035359 0.032559
0 0.786680 0.527705 0.037328 0.032129
0 0.528000 0.973848 0.035438 0.030078
0 0.937273 0.306309 0.036484 0.031484
0 0.390539 0.032822 0.041672 0.036621
0 0.191898 0.874658 0.032078 0.029160
0 0.082266 0.849258 0.031844 0.027695
0 0.100320 0.639629 0.033578 0.028281