0 0.509977 0.307109 0.036953 0.033711
0 0.220070 0.365947 0.037391 0.032402
0 0.638664 0.761367 0.033953 0.032539
0 0.363398 0.343652 0.035859 0.035195
0 0.284445 0.872783 0.035422 0.030605
0 0.684375 0.203027 0.034594 0.033828
0 0.329656 0.628799 0.034906 0.033301
0 0.698234 0.524600 0.035656 0.036191
0 0.455820 0.605039 0.034828 0.032500
0 0.622203 0.500918 0.036469 0.034102
0 0.768313 0.243613 0.034625 0.033945
0 0.247531 0.053418 0.039938 0.034531
0 0.096195 0.084805 0.039859 0.034648
0 0.083180 0.390244 0.034328 0.034082
0 0.201867 0.641904 0.035078 0.033887
0 0.411227 0.861484 0.033953 0.028867
0 0.854367 0.292520 0.037266 0.033789
0 0.557414 0.751357 0.035359 0.032559
0 0.783156 0.551250 0.037312 0.032109
0 0.507062 0.975410 0.035438 0.030078
0 0.943102 0.341484 0.036109 0.031484
0 0.403914 0.045029 0.041328 0.036426
0 0.159930 0.881318 0.032078 0.029160
0 0.038727 0.856982 0.031859 0.027676
0 0.071320 0.655156 0.033578 0.025781