0 0.445852 0.302754 0.036953 0.033711
0 0.281109 0.292451 0.032375 0.031621
0 0.715430 0.687285 0.032328 0.030430
0 0.362695 0.301074 0.035859 0.029961
0 0.441477 0.839492 0.032984 0.030625
0 0.569320 0.183193 0.034609 0.034082
0 0.398078 0.589512 0.034875 0.031484
0 0.700984 0.438936 0.035656 0.036191
0 0.468695 0.604023 0.034828 0.032500
0 0.599672 0.478184 0.036469 0.034102
0 0.680734 0.158730 0.034625 0.033945
0 0.210406 0.293535 0.034500 0.029180
0 0.332633 0.569043 0.035078 0.029062
0 0.508289 0.865938 0.033953 0.028672
0 0.791211 0.142207 0.037609 0.033789
0 0.617477 0.728438 0.035359 0.032539
0 0.794273 0.411045 0.037328 0.032129
0 0.638609 0.952363 0.035438 0.030078
0 0.896820 0.132305 0.036484 0.031484
0 0.315430 0.007158 0.034297 0.014316
0 0.368461 0.808125 0.032078 0.029141
0 0.294047 0.768389 0.031844 0.027676
0 0.257891 0.552725 0.033562 0.028301
0 0.146359 0.283887 0.030844 0.027539
0 0.196898 0.532627 0.034484 0.027598
0 0.288773 0.932578 0.031328 0.027813
0 0.101641 0.822783 0.032156 0.025098
0 0.116281 0.660059 0.031062 0.027695
0 0.123141 0.516016 0.032813 0.024414
0 0.087789 0.275264 0.029297 0.027988
0 0.084414 0.005869 0.024922 0.011738
0 0.033062 0.270088 0.025687 0.023535
0 0.027000 0.008252 0.028344 0.016504
0 0.087008 0.980723 0.031953 0.027461