0 0.458539 0.302754 0.036953 0.033711
0 0.269383 0.305244 0.034234 0.033027
0 0.702320 0.705303 0.032328 0.030449
0 0.364852 0.307490 0.035859 0.029941
0 0.407656 0.852617 0.033000 0.030625
0 0.591195 0.184199 0.034609 0.034102
0 0.382961 0.598613 0.034891 0.031484
0 0.701797 0.454326 0.035656 0.036191
0 0.466516 0.605166 0.034844 0.032520
0 0.605023 0.483242 0.036484 0.034102
0 0.697266 0.171084 0.034625 0.033965
0 0.239180 0.002959 0.033266 0.005918
0 0.143703 0.011641 0.039844 0.023281
0 0.185563 0.311924 0.034500 0.030215
0 0.305914 0.586250 0.035078 0.029062
0 0.483711 0.869600 0.033953 0.028691
0 0.804969 0.167031 0.037625 0.033789
0 0.608773 0.737275 0.035359 0.032559
0 0.791852 0.436631 0.037328 0.032129
0 0.615656 0.961816 0.035438 0.030078
0 0.906703 0.167324 0.036500 0.031484
0 0.330305 0.010840 0.041672 0.021680
0 0.328844 0.827686 0.032094 0.029160
0 0.245844 0.789619 0.031844 0.027676
0 0.221180 0.574316 0.033578 0.028281
0 0.109641 0.306357 0.030844 0.029277
0 0.151812 0.558955 0.034500 0.027598
0 0.251766 0.953037 0.031344 0.026543
0 0.065641 0.849775 0.032156 0.025098
0 0.067328 0.687061 0.031063 0.027676
0 0.064562 0.543359 0.032813 0.024414
0 0.041352 0.302930 0.029297 0.027969
0 0.059523 0.014463 0.039609 0.028926
0 0.002977 0.023877 0.005953 0.022090