0 0.480781 0.304883 0.036937 0.033711
0 0.247906 0.333506 0.036937 0.031855
0 0.678023 0.731885 0.033047 0.031387
0 0.365930 0.322578 0.035859 0.033008
0 0.352742 0.867832 0.035422 0.030625
0 0.632055 0.191562 0.034609 0.034102
0 0.358461 0.613311 0.034891 0.035098
0 0.699953 0.485010 0.035656 0.036191
0 0.462547 0.607256 0.034844 0.032520
0 0.613187 0.489102 0.036469 0.034102
0 0.728313 0.201494 0.034625 0.033965
0 0.241297 0.018467 0.040344 0.031816
0 0.120898 0.039336 0.039859 0.033008
0 0.139664 0.346670 0.034516 0.032480
0 0.258273 0.610781 0.035078 0.033867
0 0.450961 0.869512 0.033953 0.028672
0 0.826469 0.221250 0.037625 0.033789
0 0.588383 0.747490 0.035359 0.032559
0 0.788977 0.485732 0.037328 0.032129
0 0.568547 0.968828 0.035438 0.030078
0 0.923297 0.241895 0.036500 0.031484
0 0.363680 0.020010 0.041672 0.033262
0 0.255445 0.855000 0.032078 0.029141
0 0.158250 0.822754 0.031844 0.027695
0 0.153883 0.611953 0.033578 0.028281
0 0.044281 0.347021 0.028906 0.031113
0 0.061953 0.604873 0.035687 0.027598
0 0.176469 0.980049 0.031344 0.023066
0 0.004914 0.898887 0.009828 0.023555
0 0.015539 0.053525 0.031078 0.034512