0 0.479508 0.304824 0.036953 0.033711
0 0.248984 0.332158 0.036813 0.031738
0 0.679242 0.730586 0.033016 0.031328
0 0.365891 0.321807 0.035875 0.032832
0 0.355375 0.867383 0.035406 0.030625
0 0.630008 0.191162 0.034609 0.034082
0 0.359547 0.612666 0.034906 0.035098
0 0.700070 0.483457 0.035641 0.036211
0 0.462742 0.607148 0.034828 0.032500
0 0.612781 0.488828 0.036469 0.034102
0 0.726766 0.199922 0.034625 0.033945
0 0.241000 0.017080 0.040344 0.031582
0 0.122102 0.037461 0.039859 0.032891
0 0.141969 0.344922 0.034500 0.032344
0 0.260586 0.609453 0.035078 0.033867
0 0.452281 0.869512 0.033937 0.028672
0 0.825414 0.218477 0.037609 0.033789
0 0.589430 0.747021 0.035359 0.032559
0 0.789109 0.483252 0.037313 0.032129
0 0.570937 0.968535 0.035438 0.030078
0 0.922477 0.238105 0.036484 0.031484
0 0.362039 0.019463 0.041672 0.033027
0 0.259180 0.853838 0.032078 0.029160
0 0.162719 0.821201 0.031844 0.027676
0 0.157023 0.610313 0.033578 0.028281
0 0.047539 0.344990 0.029016 0.031035
0 0.066562 0.602520 0.035500 0.027617
0 0.180281 0.978750 0.031344 0.023242
0 0.006773 0.896309 0.012766 0.023555
0 0.016602 0.051475 0.033203 0.034512