0 0.466742 0.304219 0.036953 0.033711
0 0.259727 0.318691 0.035484 0.030664
0 0.691414 0.717637 0.032609 0.030820
0 0.365508 0.314063 0.035859 0.031133
0 0.382391 0.860625 0.033000 0.030625
0 0.609508 0.187178 0.034609 0.034082
0 0.371336 0.605625 0.034891 0.033594
0 0.701172 0.467959 0.035656 0.036191
0 0.464727 0.606104 0.034828 0.032520
0 0.608789 0.486074 0.036484 0.034102
0 0.711172 0.184277 0.034625 0.033945
0 0.240578 0.009795 0.040344 0.019590
0 0.133023 0.017861 0.039859 0.031582
0 0.164953 0.327480 0.034500 0.031211
0 0.284164 0.597227 0.035078 0.031875
0 0.467750 0.869902 0.033938 0.028672
0 0.814859 0.190879 0.037625 0.033789
0 0.599883 0.742227 0.035359 0.032539
0 0.790461 0.458564 0.037328 0.032129
0 0.594789 0.965586 0.035422 0.030078
0 0.914258 0.200215 0.036484 0.031484
0 0.345727 0.014590 0.041672 0.029180
0 0.295773 0.842012 0.032078 0.029141
0 0.207422 0.805605 0.031844 0.027695
0 0.190164 0.592207 0.033578 0.028281
0 0.080141 0.324668 0.030094 0.030195
0 0.112125 0.579482 0.034500 0.027598
0 0.218375 0.965820 0.031344 0.025039
0 0.033234 0.872490 0.032156 0.025098
0 0.027078 0.709707 0.031062 0.023438
0 0.018500 0.565508 0.025562 0.024414
0 0.008773 0.326748 0.017547 0.023535
0 0.036883 0.031104 0.039609 0.034160