0 0.501617 0.305684 0.036953 0.033711
0 0.228289 0.356309 0.038641 0.033281
0 0.651586 0.753291 0.033797 0.032324
0 0.364539 0.336758 0.035859 0.035195
0 0.305445 0.872617 0.035422 0.030625
0 0.668945 0.198740 0.034609 0.034082
0 0.338828 0.624893 0.034906 0.035098
0 0.697969 0.512891 0.035656 0.036211
0 0.458039 0.606494 0.034828 0.032520
0 0.619164 0.497051 0.036484 0.034102
0 0.756375 0.229648 0.034625 0.033945
0 0.245734 0.042402 0.040344 0.034531
0 0.100977 0.071455 0.039859 0.034629
0 0.099883 0.377588 0.034516 0.033965
0 0.216836 0.634639 0.035078 0.033887
0 0.424289 0.866543 0.033953 0.028672
0 0.845469 0.270937 0.037625 0.033789
0 0.567086 0.751709 0.035359 0.032559
0 0.786547 0.530186 0.037313 0.032129
0 0.525609 0.974141 0.035438 0.030078
0 0.938094 0.310098 0.036500 0.031484
0 0.391945 0.034248 0.041672 0.036621
0 0.188164 0.875811 0.032078 0.029160
0 0.077797 0.850820 0.031844 0.027695
0 0.097172 0.641250 0.033563 0.028281