0 0.444711 0.302754 0.036953 0.033711
0 0.282172 0.291289 0.032219 0.031484
0 0.716633 0.685645 0.032328 0.030430
0 0.362492 0.300488 0.035859 0.029961
0 0.444547 0.838301 0.033000 0.030625
0 0.567336 0.183096 0.034609 0.034082
0 0.399453 0.588672 0.034875 0.031484
0 0.700914 0.437539 0.035641 0.036211
0 0.468891 0.603916 0.034844 0.032520
0 0.599187 0.477715 0.036469 0.034102
0 0.679234 0.157617 0.034625 0.033945
0 0.212656 0.291855 0.034500 0.029102
0 0.335070 0.567480 0.035078 0.029062
0 0.510531 0.865605 0.033938 0.028672
0 0.789953 0.139941 0.037625 0.033789
0 0.618273 0.727627 0.035359 0.032559
0 0.794492 0.408721 0.037328 0.032129
0 0.640687 0.951504 0.035438 0.030078
0 0.895922 0.129121 0.036500 0.031484
0 0.313398 0.006846 0.032703 0.013691
0 0.372063 0.806338 0.032094 0.029160
0 0.298422 0.766455 0.031844 0.027676
0 0.261227 0.550762 0.033578 0.028281
0 0.149703 0.281846 0.030844 0.027402
0 0.201000 0.530244 0.034500 0.027598
0 0.292141 0.930723 0.031344 0.027930
0 0.104906 0.820322 0.032156 0.025098
0 0.120734 0.657607 0.031062 0.027676
0 0.128469 0.513535 0.032813 0.024414
0 0.092008 0.272744 0.029297 0.027988
0 0.088836 0.003721 0.024922 0.007441
0 0.038023 0.267070 0.025984 0.023906
0 0.031172 0.006719 0.028344 0.013437
0 0.089219 0.978887 0.031969 0.027461