0 0.522414 0.310664 0.036953 0.033711
0 0.211078 0.379287 0.034750 0.030527
0 0.623570 0.770723 0.033953 0.032539
0 0.364320 0.352676 0.035859 0.035195
0 0.258977 0.870879 0.035422 0.030625
0 0.702617 0.210010 0.034609 0.033223
0 0.317633 0.631797 0.034891 0.029453
0 0.699820 0.538252 0.035641 0.036191
0 0.453484 0.602949 0.034844 0.032500
0 0.627062 0.504492 0.036469 0.034102
0 0.782125 0.262910 0.034625 0.033945
0 0.251516 0.069629 0.038969 0.034531
0 0.092711 0.103213 0.039859 0.034629
0 0.061594 0.405361 0.033906 0.034355
0 0.176328 0.646807 0.035094 0.033887
0 0.393664 0.854766 0.033953 0.029297
0 0.865656 0.319336 0.036406 0.033789
0 0.546492 0.750586 0.035359 0.032539
0 0.775977 0.578955 0.037328 0.032129
0 0.484695 0.974980 0.035422 0.030078
0 0.947094 0.382148 0.035187 0.031484
0 0.419883 0.058340 0.040484 0.035898
0 0.127266 0.883359 0.032094 0.029141
0 0.006031 0.868672 0.011719 0.023320
0 0.030711 0.668545 0.033578 0.025762
0 0.967484 0.011973 0.036656 0.023945