0 0.543555 0.316699 0.036953 0.033711
0 0.199320 0.399463 0.037297 0.032324
0 0.597914 0.786631 0.033953 0.032559
0 0.370789 0.366328 0.035859 0.035195
0 0.226961 0.862500 0.035422 0.030625
0 0.731273 0.227256 0.034609 0.032129
0 0.297187 0.631777 0.034906 0.033164
0 0.693891 0.560264 0.035656 0.036191
0 0.454406 0.593740 0.034844 0.032520
0 0.628422 0.509590 0.036469 0.034102
0 0.798781 0.296797 0.034625 0.033945
0 0.264703 0.103418 0.037281 0.034531
0 0.086797 0.139854 0.039844 0.034629
0 0.035531 0.429893 0.033188 0.034824
0 0.137352 0.655156 0.035078 0.033867
0 0.372008 0.836924 0.033953 0.030059
0 0.872750 0.374277 0.034938 0.033789
0 0.527930 0.749287 0.035359 0.032559
0 0.762922 0.621777 0.037312 0.032109
0 0.448719 0.963965 0.035438 0.030078
0 0.946492 0.451484 0.033609 0.031484
0 0.449883 0.088096 0.039016 0.035020
0 0.079961 0.884258 0.032078 0.029141
0 0.993195 0.081611 0.013609 0.034355