0 0.443555 0.302754 0.036953 0.033711
0 0.283234 0.290117 0.032031 0.031367
0 0.717820 0.684004 0.032328 0.030430
0 0.362305 0.299912 0.035859 0.029941
0 0.447625 0.837109 0.033000 0.030625
0 0.565352 0.183008 0.034609 0.034102
0 0.400820 0.587852 0.034891 0.031484
0 0.700844 0.436143 0.035656 0.036191
0 0.469094 0.603809 0.034844 0.032500
0 0.598703 0.477266 0.036469 0.034102
0 0.677734 0.156484 0.034625 0.033945
0 0.214922 0.290186 0.034500 0.029004
0 0.337492 0.565908 0.035078 0.029043
0 0.512766 0.865264 0.033937 0.028691
0 0.788703 0.137676 0.037625 0.033789
0 0.619055 0.726826 0.035359 0.032559
0 0.794719 0.406396 0.037312 0.032129
0 0.642781 0.950645 0.035438 0.030078
0 0.895023 0.125938 0.036484 0.031484
0 0.311367 0.006543 0.031078 0.013086
0 0.375664 0.804561 0.032078 0.029160
0 0.302813 0.764521 0.031844 0.027676
0 0.264570 0.548799 0.033578 0.028301
0 0.153031 0.279805 0.030844 0.027227
0 0.205094 0.527842 0.034500 0.027598
0 0.295500 0.928867 0.031344 0.028047
0 0.108180 0.817871 0.032141 0.025078
0 0.125188 0.655146 0.031062 0.027676
0 0.133797 0.511055 0.032813 0.024414
0 0.096227 0.270234 0.029297 0.027969
0 0.042984 0.264072 0.026281 0.024277
0 0.035344 0.005186 0.028344 0.010371
0 0.091430 0.977041 0.031953 0.027441