0 0.483336 0.305020 0.036953 0.033711
0 0.245766 0.336191 0.037188 0.032070
0 0.675586 0.734473 0.033141 0.031484
0 0.366008 0.324121 0.035859 0.033320
0 0.347492 0.868730 0.035422 0.030625
0 0.636148 0.192363 0.034609 0.034102
0 0.356281 0.614600 0.034906 0.035098
0 0.699734 0.488105 0.035656 0.036211
0 0.462148 0.607461 0.034828 0.032500
0 0.613984 0.489648 0.036469 0.034102
0 0.731437 0.204619 0.034625 0.033965
0 0.241906 0.021240 0.040344 0.032207
0 0.118484 0.043096 0.039844 0.033262
0 0.135063 0.350156 0.034500 0.032695
0 0.253680 0.613428 0.035078 0.033887
0 0.448305 0.869502 0.033953 0.028691
0 0.828578 0.226777 0.037625 0.033789
0 0.586305 0.748447 0.035359 0.032559
0 0.788711 0.490664 0.037328 0.032109
0 0.563781 0.969414 0.035438 0.030078
0 0.924945 0.249473 0.036484 0.031484
0 0.366937 0.021113 0.041656 0.033789
0 0.247969 0.857314 0.032094 0.029160
0 0.149313 0.825879 0.031844 0.027695
0 0.147578 0.615205 0.033563 0.028301
0 0.037758 0.351094 0.028703 0.031289
0 0.052734 0.609580 0.036094 0.027598
0 0.168844 0.982637 0.031344 0.022695
0 0.013148 0.058096 0.026297 0.033613