0 0.437789 0.302754 0.036953 0.033711
0 0.288570 0.284307 0.031203 0.030723
0 0.723789 0.675811 0.032328 0.030449
0 0.361320 0.296992 0.035859 0.029961
0 0.460523 0.830195 0.032984 0.030625
0 0.555414 0.182549 0.034609 0.034082
0 0.407695 0.583711 0.034891 0.031484
0 0.700469 0.429141 0.035656 0.036211
0 0.470086 0.603291 0.034828 0.032520
0 0.596273 0.474961 0.036484 0.034102
0 0.670234 0.150879 0.034625 0.033945
0 0.226203 0.281826 0.034500 0.028535
0 0.349648 0.558086 0.035078 0.029062
0 0.521477 0.862178 0.033953 0.028691
0 0.782453 0.126387 0.037625 0.033789
0 0.622445 0.723525 0.035359 0.032559
0 0.795820 0.394775 0.037328 0.032129
0 0.653211 0.944219 0.035422 0.030078
0 0.890531 0.110020 0.036500 0.031484
0 0.301969 0.005928 0.023094 0.011855
0 0.392727 0.795908 0.032078 0.029160
0 0.323344 0.755156 0.031844 0.027695
0 0.281258 0.538984 0.033578 0.028281
0 0.169719 0.269590 0.030844 0.026445
0 0.225594 0.515889 0.034500 0.027598
0 0.312328 0.919561 0.031344 0.028613
0 0.125805 0.807441 0.032141 0.025508
0 0.143437 0.643613 0.031062 0.027695
0 0.160422 0.498633 0.032813 0.024414
0 0.117336 0.257656 0.029297 0.027969
0 0.067547 0.249502 0.027469 0.025723
0 0.006313 0.257363 0.012625 0.017617
0 0.102156 0.966826 0.031969 0.027441