0 0.393492 0.309473 0.036953 0.033711
0 0.333898 0.248818 0.031203 0.030723
0 0.768062 0.614395 0.032312 0.030430
0 0.364461 0.276289 0.035859 0.029961
0 0.547250 0.778008 0.033000 0.030625
0 0.482016 0.177959 0.034594 0.034082
0 0.458492 0.543965 0.034891 0.031484
0 0.695406 0.378584 0.035656 0.033770
0 0.489617 0.585254 0.034828 0.032500
0 0.577242 0.455703 0.036484 0.034102
0 0.613859 0.117451 0.034625 0.033965
0 0.303539 0.227100 0.033109 0.028535
0 0.428977 0.501309 0.034391 0.027305
0 0.577961 0.827529 0.033953 0.028691
0 0.737688 0.059160 0.037625 0.033789
0 0.654133 0.687900 0.035359 0.031504
0 0.804258 0.315566 0.037328 0.031016
0 0.728914 0.898438 0.031703 0.026602
0 0.856875 0.010283 0.036500 0.020566
0 0.250617 0.003438 0.021484 0.006875
0 0.505312 0.732891 0.032094 0.029141
0 0.468922 0.688896 0.031844 0.027676
0 0.393437 0.469590 0.030250 0.025820
0 0.281969 0.203633 0.030844 0.026445
0 0.366078 0.436162 0.030688 0.024629
0 0.429117 0.855410 0.031328 0.028789
0 0.237922 0.728135 0.032156 0.027637
0 0.286484 0.563301 0.031062 0.027695
0 0.328094 0.417422 0.029750 0.024414
0 0.256555 0.180752 0.029297 0.027988
0 0.233094 0.162334 0.027469 0.025723
0 0.195328 0.164971 0.026562 0.024629
0 0.146406 0.293652 0.029125 0.024258
0 0.100789 0.436855 0.028922 0.025156
0 0.042984 0.592549 0.028531 0.025645
0 0.184117 0.892656 0.031953 0.027461
0 0.614039 0.981621 0.029828 0.024688
0 0.017195 0.035303 0.024078 0.023105