0 0.424164 0.304082 0.036953 0.033711
0 0.299766 0.275674 0.031188 0.030723
0 0.734523 0.661074 0.032328 0.030430
0 0.361617 0.293926 0.035859 0.029961
0 0.482633 0.817324 0.032984 0.030625
0 0.537523 0.181719 0.034609 0.034102
0 0.421961 0.575078 0.034891 0.031484
0 0.699812 0.416553 0.035656 0.036191
0 0.474375 0.601367 0.034844 0.032500
0 0.591898 0.470820 0.036484 0.034102
0 0.656703 0.140771 0.034625 0.033965
0 0.245688 0.268408 0.034500 0.028535
0 0.369586 0.542617 0.035078 0.029062
0 0.536023 0.855967 0.033953 0.028691
0 0.771188 0.106074 0.037625 0.033789
0 0.628289 0.717900 0.035359 0.032559
0 0.797813 0.373857 0.037312 0.032129
0 0.671984 0.931660 0.035438 0.030078
0 0.882445 0.081367 0.036484 0.031484
0 0.289391 0.003164 0.021500 0.006328
0 0.423000 0.780449 0.032094 0.029141
0 0.359703 0.738428 0.031844 0.027676
0 0.308711 0.522109 0.033578 0.028281
0 0.198094 0.253105 0.030844 0.026445
0 0.260781 0.495186 0.032781 0.025684
0 0.342609 0.902822 0.031344 0.029668
0 0.153313 0.786748 0.032156 0.026465
0 0.180109 0.623184 0.031062 0.027695
0 0.202687 0.477539 0.031438 0.024414
0 0.152617 0.237324 0.029297 0.027969
0 0.109742 0.226836 0.027484 0.025742
0 0.048906 0.231670 0.026562 0.024629
0 0.018531 0.359746 0.028219 0.024258
0 0.007062 0.508184 0.014125 0.024844
0 0.121336 0.947969 0.031953 0.027461