0 0.386992 0.311133 0.036953 0.033711
0 0.342992 0.241572 0.031203 0.030723
0 0.777133 0.601660 0.032328 0.030430
0 0.365562 0.270127 0.035875 0.029941
0 0.565312 0.767187 0.033000 0.030625
0 0.467070 0.176748 0.034609 0.034082
0 0.466992 0.534824 0.034891 0.031484
0 0.693805 0.368535 0.035641 0.032695
0 0.494063 0.579131 0.034844 0.032520
0 0.573109 0.451230 0.036469 0.034102
0 0.602172 0.112578 0.034625 0.033945
0 0.318664 0.216025 0.032484 0.028535
0 0.444148 0.490889 0.034859 0.028496
0 0.588016 0.820127 0.033937 0.028691
0 0.727609 0.048789 0.037625 0.033789
0 0.659555 0.680303 0.035359 0.031035
0 0.806055 0.299941 0.037328 0.030547
0 0.743602 0.887422 0.031703 0.026602
0 0.241242 0.004795 0.021484 0.009590
0 0.527313 0.720312 0.032094 0.029141
0 0.497781 0.674902 0.031844 0.027695
0 0.414312 0.456797 0.032531 0.027500
0 0.303828 0.190605 0.030844 0.026445
0 0.393766 0.421172 0.030687 0.025234
0 0.451125 0.843428 0.031344 0.027832
0 0.260578 0.713311 0.032156 0.027637
0 0.313852 0.547783 0.031047 0.027676
0 0.360867 0.402148 0.029766 0.024414
0 0.283594 0.166650 0.029312 0.027988
0 0.265617 0.145781 0.027484 0.025742
0 0.233328 0.147646 0.026562 0.024629
0 0.179984 0.277402 0.029125 0.024258
0 0.127633 0.423770 0.028922 0.025156
0 0.064484 0.578066 0.027250 0.025625
0 0.201602 0.878320 0.031953 0.027461
0 0.637008 0.969980 0.031297 0.025508
0 0.007383 0.745879 0.014766 0.029844
0 0.008648 0.151045 0.017297 0.022129
0 0.052734 0.020039 0.024844 0.024961