0 0.407320 0.305937 0.036953 0.033711
0 0.314586 0.264229 0.031203 0.030723
0 0.748773 0.641455 0.032328 0.030449
0 0.362133 0.289414 0.035859 0.029961
0 0.508891 0.800986 0.033000 0.030605
0 0.513781 0.180547 0.034594 0.034102
0 0.440461 0.563398 0.034891 0.031484
0 0.698797 0.399912 0.035656 0.036074
0 0.480188 0.598262 0.034844 0.032500
0 0.586039 0.465195 0.036484 0.034102
0 0.638719 0.127812 0.034625 0.033945
0 0.271391 0.250615 0.034438 0.028535
0 0.395898 0.525557 0.035047 0.028965
0 0.556570 0.843262 0.033953 0.028672
0 0.759094 0.081172 0.037625 0.033789
0 0.642617 0.704063 0.035359 0.032500
0 0.800461 0.348760 0.037328 0.032051
0 0.697586 0.920332 0.035203 0.029844
0 0.871852 0.047656 0.036484 0.031367
0 0.275648 0.002754 0.021484 0.005508
0 0.458555 0.759619 0.032078 0.029160
0 0.407578 0.718613 0.031844 0.027695
0 0.345117 0.499717 0.033391 0.028145
0 0.235516 0.231318 0.030844 0.026426
0 0.307250 0.468018 0.030688 0.023379
0 0.382359 0.880859 0.031344 0.030820
0 0.189766 0.759600 0.032156 0.027637
0 0.228344 0.596270 0.031063 0.027695
0 0.258430 0.449844 0.029766 0.024414
0 0.199117 0.210723 0.029297 0.027969
0 0.163992 0.197510 0.027484 0.025723
0 0.114562 0.201826 0.026562 0.024629
0 0.075047 0.328184 0.029125 0.024258
0 0.042430 0.476348 0.028922 0.025156
0 0.006844 0.626992 0.013688 0.023945
0 0.146945 0.923135 0.031953 0.027441