0 0.389430 0.310508 0.036953 0.033711
0 0.339586 0.244287 0.031203 0.030723
0 0.773742 0.606445 0.032328 0.030430
0 0.365148 0.272441 0.035859 0.029961
0 0.558539 0.771250 0.032984 0.030625
0 0.472680 0.177197 0.034609 0.034082
0 0.463805 0.538252 0.034891 0.031465
0 0.694406 0.372305 0.035656 0.033086
0 0.492391 0.581426 0.034844 0.032500
0 0.574656 0.452910 0.036469 0.034102
0 0.606547 0.114404 0.034625 0.033965
0 0.312992 0.220186 0.032734 0.028535
0 0.438477 0.494746 0.034641 0.027930
0 0.584242 0.822900 0.033953 0.028691
0 0.731391 0.052676 0.037625 0.033789
0 0.657523 0.683145 0.035359 0.031211
0 0.805383 0.305801 0.037328 0.030703
0 0.738086 0.891563 0.031703 0.026602
0 0.851953 0.005264 0.036500 0.010527
0 0.244625 0.004229 0.021500 0.008457
0 0.519063 0.725029 0.032094 0.029160
0 0.486961 0.680146 0.031859 0.027676
0 0.406586 0.461514 0.031484 0.026738
0 0.295641 0.195488 0.030844 0.026445
0 0.383391 0.426797 0.030687 0.025000
0 0.442875 0.847920 0.031344 0.028184
0 0.252078 0.718877 0.032156 0.027637
0 0.303594 0.553604 0.031062 0.027676
0 0.348586 0.407871 0.029766 0.024414
0 0.273461 0.171934 0.029297 0.027969
0 0.253422 0.151992 0.027469 0.025742
0 0.219078 0.154150 0.026562 0.024629
0 0.167391 0.283496 0.029125 0.024258
0 0.117602 0.428379 0.028922 0.025156
0 0.056305 0.583496 0.027984 0.025625
0 0.195047 0.883701 0.031969 0.027441
0 0.628391 0.974346 0.030750 0.025215
0 0.005617 0.752275 0.011234 0.026777
0 0.003516 0.159658 0.007031 0.015957
0 0.039406 0.025762 0.024562 0.024258