0 0.395117 0.309063 0.036953 0.033711
0 0.331633 0.250635 0.031203 0.030723
0 0.765789 0.617578 0.032328 0.030430
0 0.364195 0.277832 0.035859 0.029961
0 0.542742 0.780713 0.032984 0.030605
0 0.485758 0.178271 0.034609 0.034082
0 0.456383 0.546250 0.034891 0.031484
0 0.695805 0.381084 0.035641 0.034043
0 0.488508 0.586787 0.034828 0.032520
0 0.578281 0.456816 0.036469 0.034102
0 0.616781 0.118672 0.034625 0.033945
0 0.299758 0.229873 0.033266 0.028535
0 0.425086 0.504160 0.034453 0.027500
0 0.575445 0.829375 0.033953 0.028672
0 0.740203 0.061738 0.037625 0.033789
0 0.652773 0.689805 0.035359 0.031602
0 0.803820 0.319463 0.037328 0.031152
0 0.725242 0.901191 0.031703 0.026602
0 0.859375 0.013252 0.036500 0.026504
0 0.253563 0.003350 0.021500 0.006699
0 0.499805 0.736035 0.032078 0.029141
0 0.461703 0.692393 0.031844 0.027676
0 0.387750 0.473135 0.030625 0.026113
0 0.276500 0.206895 0.030844 0.026445
0 0.359156 0.439902 0.030688 0.024492
0 0.423617 0.858398 0.031328 0.029023
0 0.232250 0.731826 0.032156 0.027637
0 0.279648 0.567178 0.031047 0.027676
0 0.319898 0.421230 0.029766 0.024414
0 0.249805 0.184277 0.029297 0.027969
0 0.224969 0.166475 0.027469 0.025723
0 0.185828 0.169307 0.026562 0.024629
0 0.138008 0.297715 0.029141 0.024258
0 0.093930 0.441504 0.028922 0.025156
0 0.038164 0.596162 0.027734 0.025645
0 0.179742 0.896240 0.031953 0.027441
0 0.608297 0.984541 0.029469 0.024473
0 0.010367 0.039121 0.019766 0.022656