0 0.431727 0.303340 0.036953 0.033711
0 0.293547 0.280479 0.031188 0.030723
0 0.728555 0.669258 0.032328 0.030430
0 0.361453 0.295635 0.035875 0.029941
0 0.470352 0.824482 0.032984 0.030605
0 0.547461 0.182178 0.034609 0.034082
0 0.414039 0.579863 0.034891 0.031484
0 0.700180 0.423545 0.035641 0.036191
0 0.471992 0.602441 0.034828 0.032500
0 0.594328 0.473115 0.036469 0.034121
0 0.664219 0.146387 0.034625 0.033945
0 0.234867 0.275869 0.034516 0.028535
0 0.358508 0.551211 0.035078 0.029063
0 0.527945 0.859414 0.033953 0.028672
0 0.777445 0.117363 0.037609 0.033789
0 0.625039 0.721025 0.035359 0.032559
0 0.796711 0.385479 0.037328 0.032129
0 0.661555 0.938633 0.035422 0.030078
0 0.886938 0.097285 0.036500 0.031484
0 0.296266 0.003779 0.021500 0.007559
0 0.406180 0.789043 0.032078 0.029141
0 0.339508 0.747725 0.031859 0.027676
0 0.293461 0.531484 0.033578 0.028281
0 0.182328 0.262266 0.030844 0.026445
0 0.241227 0.506689 0.033734 0.026738
0 0.325781 0.912119 0.031344 0.029082
0 0.138031 0.798242 0.032156 0.025937
0 0.159734 0.634531 0.031062 0.027695
0 0.179203 0.489258 0.032187 0.024414
0 0.133016 0.248623 0.029313 0.027988
0 0.086445 0.239385 0.027484 0.025723
0 0.022047 0.244795 0.024469 0.023145
0 0.003617 0.374443 0.007234 0.012520
0 0.110680 0.958438 0.031953 0.027461