0 0.412211 0.305273 0.036953 0.033711
0 0.309719 0.268018 0.031187 0.030723
0 0.744063 0.647969 0.032313 0.030430
0 0.361898 0.291201 0.035859 0.029941
0 0.500086 0.806426 0.032984 0.030625
0 0.521617 0.180977 0.034609 0.034102
0 0.434648 0.567402 0.034891 0.031484
0 0.699219 0.405361 0.035656 0.036191
0 0.478203 0.599668 0.034844 0.032500
0 0.588016 0.467129 0.036469 0.034102
0 0.644688 0.131787 0.034625 0.033965
0 0.263000 0.256475 0.034500 0.028535
0 0.387305 0.531250 0.035078 0.029062
0 0.550055 0.847402 0.033953 0.028672
0 0.763312 0.088906 0.037625 0.033789
0 0.638211 0.708525 0.035359 0.032559
0 0.799578 0.357021 0.037312 0.032129
0 0.689266 0.924355 0.035438 0.030078
0 0.875266 0.058555 0.036500 0.031484
0 0.281539 0.002598 0.021484 0.005195
0 0.446852 0.766436 0.032078 0.029160
0 0.391891 0.725293 0.031844 0.027695
0 0.333117 0.507109 0.033578 0.028281
0 0.223328 0.238447 0.030844 0.026426
0 0.292063 0.476787 0.031250 0.023926
0 0.369516 0.887939 0.031344 0.030605
0 0.177758 0.768350 0.032141 0.027324
0 0.212703 0.605020 0.031062 0.027695
0 0.240250 0.458789 0.030219 0.024414
0 0.183977 0.219258 0.029297 0.027969
0 0.146242 0.207012 0.027484 0.025742
0 0.093203 0.211533 0.026563 0.024629
0 0.056617 0.338184 0.029141 0.024258
0 0.028727 0.486924 0.026766 0.025137
0 0.138375 0.931211 0.031969 0.027461