0 0.430211 0.303496 0.036953 0.033711
0 0.294789 0.279521 0.031203 0.030723
0 0.729750 0.667617 0.032313 0.030430
0 0.361492 0.295293 0.035859 0.029961
0 0.472813 0.823047 0.033000 0.030625
0 0.545469 0.182080 0.034594 0.034082
0 0.415617 0.578906 0.034891 0.031484
0 0.700109 0.422148 0.035656 0.036211
0 0.472469 0.602227 0.034844 0.032500
0 0.593844 0.472656 0.036469 0.034102
0 0.662719 0.145254 0.034625 0.033945
0 0.237031 0.274365 0.034500 0.028535
0 0.360727 0.549492 0.035078 0.029062
0 0.529555 0.858721 0.033953 0.028691
0 0.776195 0.115098 0.037609 0.033789
0 0.625695 0.720400 0.035359 0.032559
0 0.796930 0.383154 0.037328 0.032129
0 0.663641 0.937246 0.035438 0.030078
0 0.886039 0.094102 0.036484 0.031484
0 0.295281 0.003574 0.021500 0.007148
0 0.409539 0.787324 0.032078 0.029141
0 0.343547 0.745859 0.031844 0.027695
0 0.296508 0.529609 0.033578 0.028281
0 0.185484 0.260430 0.030844 0.026445
0 0.245141 0.504385 0.033531 0.026543
0 0.329141 0.910264 0.031344 0.029199
0 0.141086 0.795947 0.032141 0.026035
0 0.163812 0.632256 0.031062 0.027676
0 0.183898 0.486914 0.032047 0.024414
0 0.136930 0.246357 0.029297 0.027988
0 0.091172 0.236855 0.027469 0.025742
0 0.027305 0.242109 0.025172 0.023633
0 0.006070 0.371514 0.012141 0.016426
0 0.112805 0.956348 0.031953 0.027461