0 0.396742 0.308633 0.036953 0.033711
0 0.329359 0.252451 0.031188 0.030723
0 0.763523 0.620762 0.032328 0.030430
0 0.363914 0.279375 0.035859 0.029961
0 0.538227 0.783418 0.032984 0.030625
0 0.489492 0.178574 0.034609 0.034102
0 0.454258 0.548535 0.034891 0.031484
0 0.696203 0.383604 0.035656 0.034316
0 0.487398 0.588320 0.034828 0.032500
0 0.579313 0.457930 0.036469 0.034102
0 0.619719 0.119883 0.034625 0.033945
0 0.295977 0.232627 0.033422 0.028535
0 0.421195 0.507012 0.034547 0.027695
0 0.572930 0.831230 0.033953 0.028672
0 0.742719 0.064336 0.037625 0.033789
0 0.651414 0.691709 0.035359 0.031738
0 0.803367 0.323369 0.037328 0.031270
0 0.721555 0.903750 0.032172 0.027031
0 0.862516 0.017129 0.036500 0.029688
0 0.256508 0.003271 0.021484 0.006543
0 0.494305 0.739180 0.032078 0.029141
0 0.454484 0.695889 0.031844 0.027676
0 0.382070 0.476680 0.030984 0.026367
0 0.271047 0.210156 0.030844 0.026445
0 0.352234 0.443652 0.030687 0.024336
0 0.418109 0.861396 0.031344 0.029277
0 0.226586 0.735537 0.032141 0.027637
0 0.272805 0.571064 0.031047 0.027676
0 0.311703 0.425039 0.029750 0.024414
0 0.243039 0.187803 0.029297 0.027988
0 0.216836 0.170615 0.027484 0.025723
0 0.176328 0.173643 0.026562 0.024629
0 0.129617 0.301777 0.029141 0.024258
0 0.087063 0.446152 0.028906 0.025156
0 0.033344 0.599785 0.026969 0.025625
0 0.175367 0.899824 0.031953 0.027461
0 0.599750 0.985938 0.028281 0.023398
0 0.005797 0.044619 0.011281 0.020645