0 0.384555 0.311758 0.036953 0.033711
0 0.346398 0.238857 0.031203 0.030723
0 0.780539 0.596895 0.032328 0.030430
0 0.365977 0.267813 0.035859 0.029961
0 0.572078 0.763145 0.033000 0.030625
0 0.461461 0.176289 0.034609 0.034102
0 0.470172 0.531387 0.034875 0.031484
0 0.693203 0.364775 0.035656 0.032285
0 0.495719 0.576836 0.034844 0.032500
0 0.571555 0.449570 0.036484 0.034102
0 0.597781 0.110742 0.034625 0.033945
0 0.324336 0.211885 0.032266 0.028535
0 0.449820 0.487031 0.035078 0.029063
0 0.591789 0.817344 0.033953 0.028672
0 0.723836 0.044902 0.037609 0.033789
0 0.661586 0.677461 0.035359 0.030859
0 0.806719 0.294082 0.037312 0.030352
0 0.749102 0.883301 0.031703 0.026602
0 0.237852 0.005361 0.021484 0.010723
0 0.535570 0.715596 0.032078 0.029160
0 0.508609 0.669658 0.031844 0.027676
0 0.422039 0.452070 0.033578 0.028281
0 0.312031 0.185723 0.030844 0.026445
0 0.404156 0.415557 0.030688 0.025449
0 0.459375 0.838926 0.031344 0.027461
0 0.269078 0.707764 0.032156 0.027637
0 0.324109 0.541963 0.031062 0.027676
0 0.373164 0.396426 0.029766 0.024414
0 0.293727 0.161357 0.029297 0.027988
0 0.277813 0.139580 0.027469 0.025723
0 0.247578 0.141143 0.026562 0.024629
0 0.192578 0.271309 0.029125 0.024258
0 0.137664 0.419160 0.028922 0.025156
0 0.072664 0.572637 0.026547 0.025625
0 0.208164 0.872939 0.031953 0.027441
0 0.645617 0.965605 0.031859 0.025820
0 0.011484 0.741113 0.022969 0.025586
0 0.013125 0.145527 0.026250 0.025820
0 0.066070 0.014307 0.025141 0.025645