0 0.401617 0.307383 0.036953 0.033711
0 0.322539 0.257881 0.031203 0.030723
0 0.756711 0.630313 0.032328 0.030430
0 0.363102 0.284004 0.035859 0.029961
0 0.524687 0.791523 0.033000 0.030625
0 0.500703 0.179482 0.034594 0.034082
0 0.447883 0.555391 0.034891 0.031484
0 0.697406 0.391133 0.035656 0.035117
0 0.484070 0.592910 0.034828 0.032500
0 0.582414 0.461289 0.036484 0.034102
0 0.628484 0.123545 0.034625 0.033965
0 0.284625 0.240928 0.033875 0.028535
0 0.409523 0.515566 0.034766 0.028281
0 0.565383 0.836787 0.033953 0.028691
0 0.750281 0.072109 0.037625 0.033789
0 0.647352 0.697412 0.035359 0.032090
0 0.802023 0.335098 0.037328 0.031641
0 0.710492 0.911396 0.033578 0.028340
0 0.866820 0.031221 0.036484 0.030449
0 0.265336 0.003037 0.021484 0.006074
0 0.477805 0.748604 0.032078 0.029160
0 0.432828 0.706377 0.031844 0.027676
0 0.365016 0.487314 0.032094 0.027207
0 0.254641 0.219922 0.030844 0.026445
0 0.331484 0.454893 0.030687 0.023887
0 0.401609 0.870381 0.031344 0.029980
0 0.209594 0.746641 0.032156 0.027656
0 0.252281 0.582695 0.031062 0.027695
0 0.287117 0.436504 0.029766 0.024414
0 0.222766 0.198379 0.029312 0.027969
0 0.192445 0.183027 0.027484 0.025742
0 0.147812 0.186650 0.026562 0.024629
0 0.104430 0.313965 0.029141 0.024258
0 0.066461 0.460088 0.028922 0.025137
0 0.017148 0.611963 0.027016 0.025645
0 0.162258 0.910586 0.031953 0.027461
0 0.580359 0.989941 0.027688 0.017227