0 0.390242 0.310312 0.036953 0.033711
0 0.338445 0.245205 0.031203 0.030723
0 0.772602 0.608027 0.032328 0.030430
0 0.365016 0.273203 0.035875 0.029961
0 0.556281 0.772598 0.033000 0.030625
0 0.474539 0.177354 0.034609 0.034082
0 0.462742 0.539395 0.034891 0.031484
0 0.694602 0.373564 0.035641 0.033223
0 0.491844 0.582197 0.034844 0.032520
0 0.575180 0.453477 0.036484 0.034102
0 0.608016 0.115010 0.034625 0.033965
0 0.311102 0.221572 0.032797 0.028535
0 0.436594 0.496025 0.034563 0.027754
0 0.582992 0.823828 0.033953 0.028672
0 0.732648 0.053965 0.037609 0.033789
0 0.656836 0.684111 0.035359 0.031270
0 0.805156 0.307754 0.037312 0.030781
0 0.736258 0.892930 0.031703 0.026602
0 0.853719 0.006738 0.036500 0.013477
0 0.245758 0.004043 0.021484 0.008086
0 0.516312 0.726602 0.032094 0.029141
0 0.483352 0.681895 0.031859 0.027695
0 0.404016 0.463096 0.031125 0.026465
0 0.292906 0.197129 0.030844 0.026445
0 0.379922 0.428662 0.030687 0.024941
0 0.440125 0.849414 0.031344 0.028320
0 0.249250 0.720723 0.032156 0.027656
0 0.300172 0.555537 0.031063 0.027676
0 0.344477 0.409785 0.029766 0.024414
0 0.270078 0.173701 0.029312 0.027988
0 0.249359 0.154053 0.027469 0.025723
0 0.214328 0.156318 0.026562 0.024629
0 0.163195 0.285527 0.029141 0.024258
0 0.114258 0.429922 0.028922 0.025156
0 0.053578 0.585303 0.028219 0.025645
0 0.192867 0.885488 0.031953 0.027461
0 0.625516 0.975811 0.030563 0.025098
0 0.005031 0.754404 0.010063 0.025762
0 0.034969 0.027666 0.024469 0.024043