0 0.385367 0.311562 0.036953 0.033711
0 0.345266 0.239766 0.031187 0.030742
0 0.779414 0.598477 0.032328 0.030430
0 0.365836 0.268584 0.035859 0.029941
0 0.569820 0.764492 0.032984 0.030625
0 0.463336 0.176436 0.034609 0.034082
0 0.469117 0.532539 0.034891 0.031484
0 0.693406 0.366035 0.035656 0.032422
0 0.495172 0.577598 0.034844 0.032500
0 0.572078 0.450117 0.036469 0.034102
0 0.599234 0.111357 0.034625 0.033965
0 0.322445 0.213271 0.032328 0.028535
0 0.447930 0.488320 0.035016 0.028867
0 0.590531 0.818271 0.033938 0.028691
0 0.725094 0.046211 0.037625 0.033789
0 0.660906 0.678408 0.035344 0.030918
0 0.806492 0.296025 0.037328 0.030410
0 0.747273 0.884668 0.031703 0.026602
0 0.238984 0.005166 0.021500 0.010332
0 0.532813 0.717168 0.032094 0.029141
0 0.505000 0.671406 0.031844 0.027695
0 0.419469 0.453643 0.033219 0.028027
0 0.309297 0.187354 0.030844 0.026426
0 0.400687 0.417422 0.030687 0.025391
0 0.456625 0.840430 0.031344 0.027578
0 0.266242 0.709619 0.032141 0.027637
0 0.320688 0.543906 0.031062 0.027695
0 0.369070 0.398340 0.029766 0.024414
0 0.290352 0.163125 0.029297 0.027969
0 0.273742 0.141641 0.027484 0.025742
0 0.242828 0.143311 0.026562 0.024629
0 0.188383 0.273340 0.029141 0.024258
0 0.134320 0.420703 0.028922 0.025156
0 0.069937 0.574443 0.026781 0.025645
0 0.205977 0.874736 0.031953 0.027441
0 0.642742 0.967070 0.031672 0.025703
0 0.009727 0.742432 0.019453 0.028223
0 0.011633 0.147363 0.023266 0.024570
0 0.061625 0.016221 0.025031 0.025410