0 0.398367 0.308223 0.036953 0.033711
0 0.327086 0.254268 0.031203 0.030723
0 0.761258 0.623945 0.032328 0.030430
0 0.363648 0.280918 0.035859 0.029961
0 0.533719 0.786113 0.033000 0.030625
0 0.493227 0.178877 0.034609 0.034082
0 0.452133 0.550820 0.034891 0.031484
0 0.696602 0.386104 0.035641 0.034590
0 0.486289 0.589844 0.034828 0.032500
0 0.580352 0.459053 0.036484 0.034121
0 0.622641 0.121104 0.034625 0.033965
0 0.292195 0.235400 0.033578 0.028535
0 0.417305 0.509863 0.034609 0.027891
0 0.570414 0.833086 0.033953 0.028672
0 0.745242 0.066914 0.037609 0.033789
0 0.650070 0.693604 0.035359 0.031855
0 0.802922 0.327275 0.037312 0.031387
0 0.717867 0.906299 0.032641 0.027480
0 0.863953 0.021826 0.036500 0.029941
0 0.259453 0.003193 0.021500 0.006387
0 0.488805 0.742314 0.032078 0.029160
0 0.447266 0.699385 0.031844 0.027676
0 0.376383 0.480225 0.031359 0.026660
0 0.265578 0.213408 0.030844 0.026426
0 0.345320 0.447402 0.030703 0.024180
0 0.412609 0.864385 0.031344 0.029512
0 0.220922 0.739229 0.032156 0.027637
0 0.265969 0.574932 0.031062 0.027676
0 0.303508 0.428867 0.029766 0.024414
0 0.236289 0.191328 0.029297 0.027969
0 0.208711 0.174746 0.027484 0.025742
0 0.166828 0.177979 0.026562 0.024629
0 0.121219 0.305840 0.029125 0.024258
0 0.080195 0.450801 0.028922 0.025156
0 0.027648 0.603838 0.027578 0.025645
0 0.171000 0.903418 0.031969 0.027461
0 0.592734 0.987363 0.027687 0.021875