0 0.416594 0.304824 0.036937 0.033711
0 0.305984 0.270889 0.031188 0.030723
0 0.740484 0.652881 0.032313 0.030449
0 0.361789 0.292227 0.035859 0.029961
0 0.493547 0.810518 0.033000 0.030605
0 0.527578 0.181260 0.034594 0.034082
0 0.429883 0.570293 0.034891 0.031484
0 0.699437 0.409561 0.035656 0.036191
0 0.476766 0.600313 0.034844 0.032500
0 0.589469 0.468516 0.036469 0.034102
0 0.649203 0.135156 0.034625 0.033945
0 0.256516 0.260947 0.034500 0.028535
0 0.380664 0.535508 0.035078 0.029062
0 0.544797 0.850615 0.033937 0.028691
0 0.766266 0.095332 0.037625 0.033789
0 0.634492 0.712041 0.035359 0.032559
0 0.798914 0.363330 0.037328 0.032129
0 0.682781 0.927090 0.035438 0.030078
0 0.877961 0.067109 0.036484 0.031484
0 0.283891 0.002676 0.021500 0.005352
0 0.437914 0.771689 0.032078 0.029160
0 0.379828 0.730215 0.031844 0.027695
0 0.323961 0.512734 0.033578 0.028281
0 0.213859 0.243945 0.030844 0.026445
0 0.280336 0.483682 0.031828 0.024590
0 0.359422 0.893525 0.031344 0.030254
0 0.168594 0.775244 0.032156 0.027012
0 0.200477 0.611826 0.031047 0.027676
0 0.226164 0.465820 0.030672 0.024414
0 0.172211 0.226035 0.029297 0.027969
0 0.132555 0.214443 0.027484 0.025723
0 0.076594 0.219092 0.026562 0.024629
0 0.042383 0.346152 0.029141 0.024258
0 0.018453 0.495166 0.024625 0.025137
0 0.131977 0.937490 0.031953 0.027441