0 0.410852 0.305430 0.036953 0.033711
0 0.310961 0.267061 0.031203 0.030723
0 0.745258 0.646328 0.032328 0.030430
0 0.361930 0.290859 0.035859 0.029961
0 0.502266 0.805059 0.033000 0.030625
0 0.519633 0.180889 0.034609 0.034082
0 0.436227 0.566445 0.034891 0.031484
0 0.699148 0.403965 0.035641 0.036211
0 0.478672 0.599453 0.034844 0.032500
0 0.587523 0.466680 0.036484 0.034102
0 0.643188 0.130664 0.034625 0.033945
0 0.265172 0.254990 0.034500 0.028535
0 0.389523 0.529824 0.035078 0.029062
0 0.551805 0.846328 0.033953 0.028672
0 0.762328 0.086758 0.037625 0.033789
0 0.639461 0.707354 0.035359 0.032559
0 0.799805 0.354922 0.037328 0.032109
0 0.691422 0.923438 0.035438 0.030078
0 0.874367 0.055703 0.036484 0.031484
0 0.280062 0.002637 0.021500 0.005273
0 0.449836 0.764687 0.032078 0.029141
0 0.395922 0.723652 0.031844 0.027695
0 0.336164 0.505234 0.033578 0.028281
0 0.226469 0.236611 0.030844 0.026426
0 0.295969 0.474482 0.031063 0.023730
0 0.372875 0.886074 0.031344 0.030703
0 0.180812 0.766055 0.032156 0.027422
0 0.216773 0.602744 0.031047 0.027676
0 0.244945 0.456445 0.030078 0.024414
0 0.187898 0.217002 0.029297 0.027988
0 0.150805 0.204531 0.027484 0.025742
0 0.098734 0.209014 0.026562 0.024629
0 0.061359 0.335527 0.029125 0.024258
0 0.032148 0.484170 0.027484 0.025137
0 0.003930 0.635283 0.007859 0.017168
0 0.140508 0.929111 0.031953 0.027441