0 0.433242 0.303184 0.036953 0.033711
0 0.292297 0.281436 0.031188 0.030723
0 0.727367 0.670898 0.032328 0.030430
0 0.361414 0.295977 0.035859 0.029961
0 0.467891 0.825918 0.033000 0.030625
0 0.549445 0.182266 0.034609 0.034102
0 0.412461 0.580840 0.034891 0.031484
0 0.700250 0.424951 0.035656 0.036191
0 0.471516 0.602646 0.034844 0.032520
0 0.594812 0.473574 0.036469 0.034102
0 0.665719 0.147500 0.034625 0.033945
0 0.232703 0.277354 0.034500 0.028535
0 0.356289 0.552930 0.035078 0.029062
0 0.526320 0.860107 0.033953 0.028691
0 0.778695 0.119629 0.037609 0.033789
0 0.624398 0.721650 0.035359 0.032559
0 0.796492 0.387803 0.037328 0.032129
0 0.659469 0.940029 0.035437 0.030098
0 0.887836 0.100469 0.036484 0.031484
0 0.297570 0.004492 0.021484 0.008984
0 0.402820 0.790762 0.032078 0.029141
0 0.335469 0.749580 0.031844 0.027676
0 0.290406 0.533359 0.033562 0.028281
0 0.179187 0.264102 0.030844 0.026445
0 0.237320 0.508984 0.033922 0.026953
0 0.322422 0.913984 0.031344 0.028984
0 0.134969 0.800537 0.032156 0.025840
0 0.155664 0.636807 0.031047 0.027676
0 0.174508 0.491602 0.032359 0.024414
0 0.129094 0.250879 0.029313 0.027969
0 0.081719 0.241914 0.027469 0.025742
0 0.016789 0.247490 0.023766 0.022637
0 0.108555 0.960537 0.031953 0.027441