0 0.418102 0.304688 0.036953 0.033711
0 0.304742 0.271846 0.031203 0.030723
0 0.739289 0.654512 0.032328 0.030430
0 0.361758 0.292559 0.035859 0.029961
0 0.491359 0.811875 0.033000 0.030625
0 0.529570 0.181348 0.034609 0.034102
0 0.428305 0.571250 0.034891 0.031484
0 0.699516 0.410957 0.035656 0.036211
0 0.476289 0.600518 0.034828 0.032520
0 0.589953 0.468965 0.036469 0.034102
0 0.650703 0.136279 0.034625 0.033965
0 0.254344 0.262432 0.034500 0.028535
0 0.378445 0.536934 0.035078 0.029062
0 0.543039 0.851680 0.033953 0.028672
0 0.767250 0.097480 0.037625 0.033789
0 0.633258 0.713213 0.035359 0.032559
0 0.798695 0.365439 0.037328 0.032129
0 0.680625 0.928008 0.035438 0.030078
0 0.878852 0.069961 0.036484 0.031484
0 0.284773 0.002803 0.021484 0.005605
0 0.434930 0.773447 0.032078 0.029160
0 0.375797 0.731855 0.031844 0.027695
0 0.320914 0.514609 0.033578 0.028281
0 0.210719 0.245771 0.030844 0.026426
0 0.276422 0.485986 0.032031 0.024785
0 0.356063 0.895381 0.031344 0.030137
0 0.165531 0.777549 0.032156 0.026895
0 0.196406 0.614102 0.031062 0.027695
0 0.221461 0.468164 0.030828 0.024414
0 0.168289 0.228301 0.029297 0.027969
0 0.127992 0.216924 0.027484 0.025723
0 0.071047 0.221611 0.026562 0.024629
0 0.037633 0.348818 0.029141 0.024277
0 0.015023 0.497910 0.023922 0.025156
0 0.129852 0.939590 0.031953 0.027461