0 0.395930 0.308848 0.036953 0.033711
0 0.330492 0.251553 0.031203 0.030723
0 0.764664 0.619170 0.032328 0.030449
0 0.364055 0.278613 0.035859 0.029961
0 0.540484 0.782070 0.033000 0.030625
0 0.487617 0.178418 0.034609 0.034102
0 0.455320 0.547402 0.034891 0.031484
0 0.696000 0.382344 0.035656 0.034180
0 0.487953 0.587549 0.034844 0.032520
0 0.578797 0.457383 0.036469 0.034102
0 0.618250 0.119277 0.034625 0.033945
0 0.297859 0.231240 0.033344 0.028535
0 0.423141 0.505586 0.034500 0.027578
0 0.574180 0.830303 0.033953 0.028691
0 0.741469 0.063047 0.037625 0.033789
0 0.652102 0.690762 0.035359 0.031680
0 0.803594 0.321426 0.037312 0.031211
0 0.723398 0.902471 0.031922 0.026816
0 0.861797 0.014785 0.036500 0.029570
0 0.255031 0.003311 0.021500 0.006621
0 0.497055 0.737607 0.032078 0.029160
0 0.458094 0.694141 0.031844 0.027695
0 0.384914 0.474902 0.030797 0.026250
0 0.273781 0.208516 0.030844 0.026445
0 0.355703 0.441777 0.030687 0.024414
0 0.420859 0.859902 0.031344 0.029141
0 0.229422 0.733682 0.032156 0.027637
0 0.276227 0.569121 0.031047 0.027695
0 0.315805 0.423145 0.029766 0.024414
0 0.246422 0.186045 0.029312 0.027988
0 0.220898 0.168545 0.027484 0.025723
0 0.181078 0.171475 0.026562 0.024629
0 0.133812 0.299746 0.029125 0.024258
0 0.090492 0.443828 0.028922 0.025156
0 0.035758 0.597979 0.027359 0.025645
0 0.177555 0.898037 0.031953 0.027441
0 0.604023 0.985234 0.028859 0.023945
0 0.008086 0.041865 0.015516 0.021660