0 0.397555 0.308438 0.036953 0.033711
0 0.328219 0.253350 0.031187 0.030723
0 0.762391 0.622354 0.032313 0.030449
0 0.363781 0.280156 0.035875 0.029961
0 0.535969 0.784766 0.033000 0.030625
0 0.491359 0.178721 0.034594 0.034082
0 0.453195 0.549687 0.034891 0.031484
0 0.696406 0.384854 0.035656 0.034434
0 0.486844 0.589082 0.034844 0.032500
0 0.579828 0.458496 0.036469 0.034102
0 0.621172 0.120498 0.034625 0.033965
0 0.294078 0.234014 0.033500 0.028535
0 0.419250 0.508437 0.034594 0.027773
0 0.571664 0.832158 0.033953 0.028691
0 0.743984 0.065625 0.037625 0.033789
0 0.650742 0.692656 0.035359 0.031797
0 0.803148 0.325332 0.037328 0.031328
0 0.719711 0.905020 0.032391 0.027266
0 0.863234 0.019482 0.036500 0.029824
0 0.257977 0.003232 0.021484 0.006465
0 0.491555 0.740752 0.032078 0.029160
0 0.450875 0.697637 0.031844 0.027695
0 0.379227 0.478447 0.031172 0.026504
0 0.268313 0.211777 0.030844 0.026445
0 0.348781 0.445527 0.030687 0.024258
0 0.415359 0.862891 0.031344 0.029375
0 0.223750 0.737383 0.032156 0.027656
0 0.269383 0.572998 0.031047 0.027676
0 0.307602 0.426953 0.029766 0.024414
0 0.239664 0.189570 0.029297 0.027969
0 0.212773 0.172686 0.027484 0.025723
0 0.171578 0.175811 0.026562 0.024629
0 0.125414 0.303809 0.029141 0.024258
0 0.083633 0.448477 0.028922 0.025156
0 0.030492 0.601816 0.027266 0.025625
0 0.173180 0.901621 0.031953 0.027461
0 0.595477 0.986631 0.027672 0.022871
0 0.003516 0.047373 0.007031 0.019629