0 0.392680 0.309688 0.036953 0.033711
0 0.335039 0.247920 0.031203 0.030723
0 0.769195 0.612812 0.032328 0.030430
0 0.364602 0.275527 0.035859 0.029961
0 0.549516 0.776660 0.033000 0.030625
0 0.480148 0.177812 0.034609 0.034102
0 0.459555 0.542822 0.034891 0.031465
0 0.695203 0.377324 0.035656 0.033633
0 0.490172 0.584492 0.034844 0.032500
0 0.576727 0.455137 0.036484 0.034102
0 0.612406 0.116836 0.034625 0.033945
0 0.305422 0.225713 0.033031 0.028535
0 0.430922 0.499883 0.034344 0.027187
0 0.579211 0.826602 0.033953 0.028672
0 0.736430 0.057852 0.037609 0.033789
0 0.654805 0.686953 0.035359 0.031445
0 0.804492 0.313604 0.037328 0.030957
0 0.730742 0.897070 0.031703 0.026602
0 0.855820 0.009033 0.036484 0.018066
0 0.249141 0.003477 0.021500 0.006953
0 0.508062 0.731318 0.032094 0.029160
0 0.472531 0.687148 0.031844 0.027695
0 0.396289 0.467812 0.030078 0.025703
0 0.284703 0.202012 0.030844 0.026445
0 0.369547 0.434287 0.030688 0.024707
0 0.431875 0.853906 0.031344 0.028672
0 0.240750 0.726279 0.032156 0.027637
0 0.289906 0.561357 0.031062 0.027676
0 0.332195 0.415508 0.029766 0.024414
0 0.259938 0.178994 0.029313 0.027988
0 0.237164 0.160264 0.027484 0.025723
0 0.200078 0.162812 0.026563 0.024609
0 0.150602 0.291621 0.029141 0.024258
0 0.104227 0.434531 0.028922 0.025156
0 0.045398 0.590732 0.028922 0.025645
0 0.186305 0.890869 0.031953 0.027441
0 0.616914 0.980166 0.030016 0.024785
0 0.021633 0.033389 0.024172 0.023340