0 0.394305 0.309258 0.036953 0.033711
0 0.332766 0.249736 0.031187 0.030723
0 0.766930 0.615986 0.032328 0.030449
0 0.364328 0.277070 0.035875 0.029961
0 0.545000 0.779355 0.033000 0.030625
0 0.483883 0.178115 0.034609 0.034082
0 0.457437 0.545117 0.034875 0.031484
0 0.695602 0.379834 0.035641 0.033887
0 0.489063 0.586016 0.034844 0.032500
0 0.577766 0.456270 0.036469 0.034102
0 0.615328 0.118057 0.034625 0.033965
0 0.301641 0.228486 0.033187 0.028535
0 0.427031 0.502734 0.034438 0.027383
0 0.576695 0.828457 0.033953 0.028672
0 0.738945 0.060449 0.037609 0.033789
0 0.653461 0.688848 0.035359 0.031562
0 0.804039 0.317520 0.037328 0.031094
0 0.727070 0.899814 0.031703 0.026582
0 0.858125 0.011768 0.036500 0.023535
0 0.252086 0.003389 0.021484 0.006777
0 0.502555 0.734463 0.032078 0.029160
0 0.465313 0.690645 0.031844 0.027695
0 0.390594 0.471357 0.030438 0.025957
0 0.279234 0.205264 0.030844 0.026426
0 0.362625 0.438037 0.030688 0.024551
0 0.426367 0.856895 0.031328 0.028906
0 0.235086 0.729980 0.032141 0.027656
0 0.283062 0.565244 0.031062 0.027676
0 0.323992 0.419316 0.029766 0.024414
0 0.253180 0.182520 0.029297 0.027969
0 0.229031 0.164404 0.027469 0.025723
0 0.190578 0.167139 0.026562 0.024629
0 0.142211 0.295684 0.029141 0.024258
0 0.097367 0.439180 0.028922 0.025156
0 0.040578 0.594355 0.028125 0.025625
0 0.181930 0.894453 0.031953 0.027461
0 0.611164 0.983086 0.029641 0.024570
0 0.013781 0.037207 0.021906 0.022891