0 0.403250 0.306973 0.036937 0.033711
0 0.320266 0.259697 0.031187 0.030723
0 0.754445 0.633496 0.032328 0.030430
0 0.362820 0.285547 0.035859 0.029961
0 0.520172 0.794229 0.033000 0.030605
0 0.504445 0.179795 0.034609 0.034082
0 0.445766 0.557676 0.034875 0.031484
0 0.697797 0.393633 0.035656 0.035391
0 0.482953 0.594434 0.034844 0.032500
0 0.583453 0.462402 0.036469 0.034102
0 0.631406 0.124766 0.034625 0.033945
0 0.280844 0.243701 0.034031 0.028535
0 0.405633 0.518418 0.034859 0.028477
0 0.562867 0.838633 0.033953 0.028672
0 0.752797 0.074688 0.037625 0.033789
0 0.646008 0.699307 0.035359 0.032207
0 0.801586 0.339004 0.037328 0.031758
0 0.706813 0.913955 0.034031 0.028770
0 0.868258 0.035918 0.036484 0.030703
0 0.268281 0.002949 0.021500 0.005898
0 0.472305 0.751748 0.032078 0.029160
0 0.425617 0.709873 0.031859 0.027676
0 0.359328 0.490859 0.032469 0.027461
0 0.249172 0.223184 0.030844 0.026445
0 0.324562 0.458643 0.030687 0.023730
0 0.396109 0.873369 0.031344 0.030215
0 0.203922 0.750342 0.032156 0.027637
0 0.245445 0.586572 0.031047 0.027676
0 0.278922 0.440312 0.029750 0.024414
0 0.216008 0.201914 0.029297 0.027969
0 0.184320 0.187158 0.027484 0.025723
0 0.138313 0.190986 0.026562 0.024629
0 0.096031 0.318027 0.029125 0.024258
0 0.059602 0.464736 0.028922 0.025137
0 0.013242 0.616006 0.024047 0.025645
0 0.157883 0.914170 0.031953 0.027441
0 0.573484 0.991055 0.027687 0.014492