0 0.425680 0.303945 0.036953 0.033711
0 0.298523 0.276631 0.031203 0.030723
0 0.733328 0.662705 0.032313 0.030449
0 0.361586 0.294277 0.035859 0.029961
0 0.480172 0.818760 0.033000 0.030605
0 0.539508 0.181807 0.034609 0.034082
0 0.420383 0.576035 0.034891 0.031484
0 0.699883 0.417949 0.035641 0.036211
0 0.473906 0.601582 0.034844 0.032500
0 0.592383 0.471270 0.036484 0.034102
0 0.658211 0.141895 0.034609 0.033945
0 0.243523 0.269893 0.034516 0.028535
0 0.367367 0.544336 0.035078 0.029062
0 0.534414 0.856660 0.033953 0.028672
0 0.772437 0.108340 0.037625 0.033789
0 0.627633 0.718525 0.035359 0.032559
0 0.797586 0.376182 0.037328 0.032129
0 0.669898 0.933066 0.035422 0.030078
0 0.883344 0.084551 0.036500 0.031484
0 0.291352 0.003164 0.021484 0.006328
0 0.419633 0.782168 0.032078 0.029141
0 0.355672 0.740283 0.031844 0.027676
0 0.305664 0.523984 0.033578 0.028281
0 0.194953 0.254941 0.030844 0.026445
0 0.256875 0.497490 0.032969 0.025879
0 0.339234 0.904678 0.031344 0.029551
0 0.150250 0.789043 0.032156 0.026367
0 0.176031 0.625459 0.031062 0.027676
0 0.197984 0.479883 0.031594 0.024414
0 0.148695 0.239590 0.029297 0.027969
0 0.105180 0.229307 0.027484 0.025723
0 0.043359 0.234189 0.026562 0.024629
0 0.013648 0.362686 0.027297 0.024277
0 0.005195 0.511260 0.010391 0.023105
0 0.119195 0.950059 0.031953 0.027461