0 0.428695 0.303633 0.036953 0.033711
0 0.296031 0.278564 0.031188 0.030723
0 0.730945 0.665986 0.032328 0.030449
0 0.361523 0.294951 0.035859 0.029941
0 0.475266 0.821621 0.033000 0.030625
0 0.543477 0.181992 0.034609 0.034102
0 0.417211 0.577949 0.034891 0.031484
0 0.700031 0.420752 0.035656 0.036191
0 0.472953 0.602012 0.034844 0.032500
0 0.593359 0.472187 0.036469 0.034102
0 0.661219 0.144141 0.034625 0.033945
0 0.239195 0.272881 0.034516 0.028535
0 0.362945 0.547773 0.035078 0.029062
0 0.531180 0.858037 0.033953 0.028691
0 0.774945 0.112852 0.037609 0.033789
0 0.626336 0.719775 0.035359 0.032559
0 0.797148 0.380830 0.037328 0.032129
0 0.665727 0.935840 0.035422 0.030078
0 0.885141 0.090918 0.036500 0.031484
0 0.294297 0.003369 0.021500 0.006738
0 0.412906 0.785605 0.032094 0.029141
0 0.347594 0.744004 0.031844 0.027695
0 0.299555 0.527734 0.033578 0.028281
0 0.188641 0.258594 0.030844 0.026445
0 0.249055 0.502080 0.033359 0.026309
0 0.332516 0.908398 0.031344 0.029336
0 0.144141 0.793643 0.032156 0.026152
0 0.167883 0.629990 0.031047 0.027676
0 0.188594 0.484570 0.031906 0.024414
0 0.140852 0.244102 0.029297 0.027969
0 0.095898 0.234326 0.027484 0.025723
0 0.032570 0.239404 0.025859 0.024121
0 0.008531 0.368574 0.017063 0.020352
0 0.114945 0.954248 0.031953 0.027441