0 0.419617 0.304531 0.036953 0.033711
0 0.303500 0.272803 0.031188 0.030723
0 0.738102 0.656152 0.032328 0.030430
0 0.361727 0.292910 0.035859 0.029961
0 0.489180 0.813242 0.032984 0.030625
0 0.531555 0.181436 0.034609 0.034082
0 0.426719 0.572207 0.034875 0.031484
0 0.699594 0.412354 0.035656 0.036191
0 0.475812 0.600732 0.034844 0.032520
0 0.590445 0.469434 0.036484 0.034102
0 0.652203 0.137402 0.034625 0.033945
0 0.252188 0.263936 0.034500 0.028535
0 0.376227 0.538359 0.035078 0.029062
0 0.541289 0.852754 0.033953 0.028672
0 0.768234 0.099629 0.037625 0.033789
0 0.632008 0.714385 0.035359 0.032559
0 0.798477 0.367549 0.037328 0.032129
0 0.678469 0.928926 0.035438 0.030078
0 0.879758 0.072813 0.036484 0.031484
0 0.285664 0.002920 0.021484 0.005840
0 0.431945 0.775195 0.032078 0.029141
0 0.371781 0.733506 0.031844 0.027676
0 0.317867 0.516484 0.033578 0.028281
0 0.207563 0.247607 0.030844 0.026426
0 0.272508 0.488291 0.032203 0.025020
0 0.352695 0.897236 0.031328 0.030020
0 0.162477 0.779844 0.032141 0.026797
0 0.192328 0.616377 0.031062 0.027676
0 0.216773 0.470508 0.030984 0.024414
0 0.164375 0.230557 0.029313 0.027988
0 0.123430 0.219404 0.027484 0.025723
0 0.065516 0.224131 0.026562 0.024629
0 0.032891 0.351484 0.029125 0.024258
0 0.011602 0.500664 0.023203 0.025156
0 0.127727 0.941680 0.031953 0.027461