0 0.409492 0.305586 0.036953 0.033711
0 0.312203 0.266094 0.031187 0.030742
0 0.746445 0.644688 0.032328 0.030430
0 0.361961 0.290527 0.035859 0.029961
0 0.504453 0.803701 0.033000 0.030605
0 0.517633 0.180791 0.034609 0.034082
0 0.437820 0.565488 0.034891 0.031484
0 0.699078 0.402568 0.035656 0.036191
0 0.479156 0.599238 0.034844 0.032500
0 0.587039 0.466211 0.036484 0.034102
0 0.641687 0.129541 0.034625 0.033965
0 0.267328 0.253486 0.034500 0.028535
0 0.391742 0.528398 0.035078 0.029062
0 0.553562 0.845264 0.033937 0.028691
0 0.761336 0.084609 0.037609 0.033789
0 0.640695 0.706182 0.035359 0.032559
0 0.800023 0.352822 0.037328 0.032129
0 0.693586 0.922520 0.035422 0.030078
0 0.873469 0.052852 0.036500 0.031484
0 0.278594 0.002676 0.021500 0.005352
0 0.452820 0.762939 0.032078 0.029160
0 0.399937 0.722012 0.031844 0.027695
0 0.339219 0.503359 0.033562 0.028281
0 0.229625 0.234785 0.030844 0.026445
0 0.299875 0.472187 0.030875 0.023516
0 0.376250 0.884219 0.031344 0.030820
0 0.183875 0.763750 0.032156 0.027539
0 0.220844 0.600479 0.031062 0.027676
0 0.249641 0.454102 0.029906 0.024414
0 0.191812 0.214746 0.029312 0.027969
0 0.155367 0.202061 0.027484 0.025723
0 0.104281 0.206504 0.026562 0.024609
0 0.066102 0.332871 0.029141 0.024258
0 0.035570 0.481426 0.028203 0.025156
0 0.004898 0.632510 0.009797 0.019434
0 0.142633 0.927021 0.031953 0.027441