0 0.408133 0.305723 0.036953 0.033711
0 0.313445 0.265127 0.031203 0.030723
0 0.747641 0.643047 0.032313 0.030430
0 0.361992 0.290176 0.035859 0.029961
0 0.506633 0.802344 0.032984 0.030625
0 0.515648 0.180703 0.034609 0.034102
0 0.439398 0.564531 0.034891 0.031484
0 0.699000 0.401162 0.035656 0.036191
0 0.479625 0.599023 0.034844 0.032500
0 0.586555 0.465762 0.036484 0.034102
0 0.640188 0.128418 0.034625 0.033945
0 0.269500 0.252002 0.034500 0.028535
0 0.393961 0.526982 0.035078 0.029043
0 0.555320 0.844189 0.033953 0.028691
0 0.760352 0.082461 0.037609 0.033789
0 0.641930 0.705010 0.035359 0.032559
0 0.800242 0.350713 0.037328 0.032129
0 0.695750 0.921602 0.035438 0.030078
0 0.872570 0.050000 0.036484 0.031484
0 0.277117 0.002715 0.021484 0.005430
0 0.455805 0.761182 0.032078 0.029160
0 0.403969 0.720361 0.031844 0.027676
0 0.342273 0.501484 0.033578 0.028281
0 0.232781 0.232949 0.030844 0.026445
0 0.303797 0.469893 0.030687 0.023301
0 0.379609 0.882363 0.031344 0.030937
0 0.186930 0.761455 0.032141 0.027637
0 0.224922 0.598213 0.031062 0.027676
0 0.254336 0.451758 0.029766 0.024414
0 0.195734 0.212490 0.029313 0.027988
0 0.159930 0.199580 0.027484 0.025723
0 0.109813 0.203994 0.026562 0.024629
0 0.070852 0.330215 0.029141 0.024258
0 0.039000 0.478672 0.028906 0.025156
0 0.005875 0.629756 0.011750 0.021699
0 0.144766 0.924922 0.031969 0.027461