0 0.399992 0.307812 0.036953 0.033711
0 0.324813 0.256074 0.031188 0.030742
0 0.758992 0.627129 0.032328 0.030430
0 0.363367 0.282461 0.035859 0.029961
0 0.529203 0.788828 0.033000 0.030625
0 0.496961 0.179180 0.034609 0.034102
0 0.450008 0.553105 0.034891 0.031484
0 0.697000 0.388613 0.035656 0.034844
0 0.485180 0.591377 0.034828 0.032520
0 0.581383 0.460176 0.036484 0.034102
0 0.625563 0.122324 0.034625 0.033945
0 0.288414 0.238174 0.033734 0.028535
0 0.413414 0.512715 0.034703 0.028086
0 0.567898 0.834932 0.033953 0.028691
0 0.747758 0.069512 0.037609 0.033789
0 0.648711 0.695508 0.035359 0.031953
0 0.802477 0.331182 0.037328 0.031504
0 0.714180 0.908848 0.033109 0.027891
0 0.865391 0.026523 0.036500 0.030195
0 0.262398 0.003115 0.021484 0.006230
0 0.483305 0.745459 0.032078 0.029160
0 0.440047 0.702881 0.031844 0.027676
0 0.370695 0.483770 0.031734 0.026914
0 0.260109 0.216660 0.030844 0.026445
0 0.338398 0.451143 0.030703 0.024043
0 0.407109 0.867383 0.031344 0.029727
0 0.215258 0.742939 0.032141 0.027637
0 0.259125 0.578818 0.031062 0.027676
0 0.295312 0.432676 0.029750 0.024414
0 0.229523 0.194863 0.029297 0.027969
0 0.200578 0.178887 0.027469 0.025742
0 0.157313 0.182314 0.026562 0.024629
0 0.112828 0.309902 0.029125 0.024258
0 0.073336 0.455439 0.028922 0.025137
0 0.021945 0.607900 0.028203 0.025645
0 0.166633 0.907002 0.031953 0.027441
0 0.587234 0.988828 0.027687 0.019922