0 0.421133 0.304385 0.036953 0.033730
0 0.302250 0.273760 0.031187 0.030723
0 0.736906 0.657793 0.032313 0.030430
0 0.361695 0.293242 0.035859 0.029961
0 0.487000 0.814609 0.033000 0.030625
0 0.533539 0.181533 0.034609 0.034082
0 0.425133 0.573164 0.034891 0.031484
0 0.699664 0.413760 0.035641 0.036191
0 0.475328 0.600947 0.034844 0.032520
0 0.590930 0.469902 0.036484 0.034102
0 0.653703 0.138525 0.034625 0.033965
0 0.250016 0.265420 0.034500 0.028535
0 0.374023 0.539775 0.035078 0.029043
0 0.539539 0.853828 0.033953 0.028672
0 0.769219 0.101777 0.037625 0.033789
0 0.630773 0.715557 0.035359 0.032559
0 0.798258 0.369639 0.037328 0.032129
0 0.676305 0.929844 0.035422 0.030078
0 0.880648 0.075664 0.036484 0.031484
0 0.286547 0.003047 0.021500 0.006094
0 0.428961 0.776943 0.032078 0.029160
0 0.367750 0.735146 0.031844 0.027676
0 0.314813 0.518359 0.033562 0.028281
0 0.204406 0.249434 0.030844 0.026445
0 0.268602 0.490586 0.032391 0.025234
0 0.349328 0.899092 0.031344 0.029902
0 0.159422 0.782148 0.032156 0.026680
0 0.188250 0.618643 0.031062 0.027676
0 0.212070 0.472852 0.031141 0.024414
0 0.160453 0.232813 0.029312 0.027969
0 0.118867 0.221885 0.027484 0.025723
0 0.059969 0.226641 0.026563 0.024609
0 0.028148 0.354141 0.029141 0.024258
0 0.010266 0.502881 0.020531 0.025879
0 0.125586 0.943779 0.031953 0.027441