0 0.386180 0.311348 0.036953 0.033711
0 0.344125 0.240674 0.031188 0.030723
0 0.778273 0.600078 0.032328 0.030430
0 0.365695 0.269355 0.035859 0.029961
0 0.567562 0.765840 0.033000 0.030625
0 0.465195 0.176592 0.034609 0.034082
0 0.468055 0.533672 0.034891 0.031484
0 0.693609 0.367285 0.035656 0.032539
0 0.494609 0.578369 0.034844 0.032520
0 0.572594 0.450684 0.036469 0.034102
0 0.600703 0.111963 0.034625 0.033965
0 0.320555 0.214639 0.032422 0.028535
0 0.446039 0.489609 0.034922 0.028672
0 0.589273 0.819199 0.033953 0.028672
0 0.726352 0.047500 0.037609 0.033789
0 0.660227 0.679355 0.035359 0.030977
0 0.806273 0.297988 0.037328 0.030469
0 0.745430 0.886055 0.031703 0.026602
0 0.240109 0.004980 0.021500 0.009961
0 0.530062 0.718740 0.032094 0.029160
0 0.501391 0.673154 0.031844 0.027676
0 0.416891 0.455225 0.032875 0.027754
0 0.306562 0.188984 0.030844 0.026445
0 0.397234 0.419297 0.030688 0.025313
0 0.453875 0.841924 0.031344 0.027715
0 0.263414 0.711465 0.032141 0.027656
0 0.317273 0.545850 0.031047 0.027676
0 0.364969 0.400254 0.029750 0.024414
0 0.286977 0.164883 0.029297 0.027969
0 0.269680 0.143711 0.027484 0.025742
0 0.238078 0.145479 0.026562 0.024629
0 0.184180 0.275371 0.029141 0.024258
0 0.130977 0.422236 0.028922 0.025137
0 0.067211 0.576260 0.027016 0.025645
0 0.203789 0.876523 0.031953 0.027461
0 0.639867 0.968525 0.031484 0.025605
0 0.007969 0.743750 0.015938 0.030859
0 0.010141 0.149209 0.020281 0.023340
0 0.057188 0.018135 0.024937 0.025176