0 0.406508 0.306152 0.036953 0.033711
0 0.315719 0.263330 0.031187 0.030723
0 0.749914 0.639863 0.032328 0.030430
0 0.362273 0.288633 0.035859 0.029961
0 0.511148 0.799629 0.032984 0.030625
0 0.511914 0.180400 0.034609 0.034082
0 0.441523 0.562246 0.034891 0.031484
0 0.698602 0.398652 0.035641 0.035938
0 0.480734 0.597500 0.034844 0.032500
0 0.585523 0.464629 0.036484 0.034102
0 0.637266 0.127197 0.034625 0.033965
0 0.273281 0.249229 0.034344 0.028535
0 0.397844 0.524131 0.035000 0.028848
0 0.557836 0.842344 0.033953 0.028672
0 0.757836 0.079863 0.037609 0.033789
0 0.643289 0.703115 0.035359 0.032441
0 0.800688 0.346807 0.037312 0.032012
0 0.699437 0.919063 0.034969 0.029648
0 0.871133 0.045303 0.036484 0.031230
0 0.274172 0.002793 0.021500 0.005586
0 0.461305 0.758037 0.032078 0.029160
0 0.411188 0.716865 0.031844 0.027676
0 0.347961 0.497949 0.033203 0.028008
0 0.238250 0.229687 0.030844 0.026445
0 0.310719 0.466143 0.030688 0.023457
0 0.385109 0.879355 0.031344 0.030703
0 0.192594 0.757744 0.032156 0.027637
0 0.231766 0.594326 0.031063 0.027676
0 0.262531 0.447949 0.029750 0.024414
0 0.202492 0.208965 0.029297 0.027969
0 0.168055 0.195439 0.027484 0.025723
0 0.119313 0.199658 0.026562 0.024629
0 0.079242 0.326152 0.029141 0.024258
0 0.045867 0.474033 0.028922 0.025137
0 0.007953 0.624746 0.015906 0.024375
0 0.149133 0.921338 0.031953 0.027441