0 0.405695 0.306348 0.036953 0.033711
0 0.316859 0.262412 0.031188 0.030723
0 0.751039 0.638271 0.032328 0.030449
0 0.362414 0.287871 0.035859 0.029961
0 0.513406 0.798281 0.033000 0.030625
0 0.510039 0.180244 0.034609 0.034082
0 0.442586 0.561113 0.034891 0.031484
0 0.698398 0.397402 0.035641 0.035781
0 0.481297 0.596738 0.034844 0.032500
0 0.585000 0.464082 0.036469 0.034102
0 0.635797 0.126592 0.034625 0.033965
0 0.275172 0.247842 0.034281 0.028535
0 0.399797 0.522705 0.034969 0.028770
0 0.559086 0.841416 0.033953 0.028691
0 0.756578 0.078574 0.037625 0.033789
0 0.643977 0.702158 0.035359 0.032363
0 0.800914 0.344854 0.037328 0.031934
0 0.701273 0.917783 0.034734 0.029434
0 0.870414 0.042959 0.036484 0.031113
0 0.272703 0.002832 0.021500 0.005664
0 0.464055 0.756475 0.032078 0.029160
0 0.414789 0.715117 0.031859 0.027695
0 0.350797 0.496172 0.033031 0.027891
0 0.240984 0.228066 0.030844 0.026445
0 0.314172 0.464268 0.030687 0.023535
0 0.387859 0.877871 0.031344 0.030586
0 0.195422 0.755889 0.032156 0.027637
0 0.235180 0.592393 0.031047 0.027676
0 0.266633 0.446035 0.029766 0.024414
0 0.205867 0.207197 0.029297 0.027988
0 0.172125 0.193369 0.027469 0.025723
0 0.124063 0.197490 0.026562 0.024629
0 0.083445 0.324121 0.029141 0.024258
0 0.049305 0.471709 0.028922 0.025137
0 0.009062 0.622510 0.018125 0.024785
0 0.151320 0.919551 0.031953 0.027461