0 0.438930 0.302754 0.036953 0.033711
0 0.287500 0.285469 0.031375 0.030859
0 0.722594 0.677451 0.032313 0.030449
0 0.361508 0.297578 0.035859 0.029961
0 0.458070 0.831631 0.032984 0.030605
0 0.557398 0.182637 0.034609 0.034102
0 0.406320 0.584531 0.034891 0.031484
0 0.700547 0.430537 0.035656 0.036191
0 0.469891 0.603389 0.034844 0.032520
0 0.596758 0.475410 0.036484 0.034102
0 0.671734 0.151992 0.034625 0.033945
0 0.223953 0.283496 0.034500 0.028633
0 0.347211 0.559648 0.035078 0.029062
0 0.519852 0.862861 0.033953 0.028691
0 0.783703 0.128652 0.037625 0.033789
0 0.621805 0.724150 0.035359 0.032559
0 0.795602 0.397100 0.037328 0.032129
0 0.651125 0.945605 0.035438 0.030078
0 0.891430 0.113203 0.036484 0.031484
0 0.303750 0.005928 0.024688 0.011855
0 0.389359 0.797627 0.032094 0.029160
0 0.319312 0.757021 0.031844 0.027676
0 0.277914 0.540947 0.033578 0.028301
0 0.166391 0.271641 0.030844 0.026602
0 0.221492 0.518271 0.034484 0.027598
0 0.308953 0.921426 0.031344 0.028516
0 0.122750 0.809736 0.032156 0.025410
0 0.139367 0.645889 0.031047 0.027676
0 0.155094 0.501113 0.032813 0.024414
0 0.113117 0.260166 0.029297 0.027988
0 0.062820 0.252041 0.027484 0.025723
0 0.003711 0.260947 0.007422 0.015332
0 0.100023 0.968916 0.031953 0.027441