0 0.422648 0.304238 0.036953 0.033711
0 0.301008 0.274717 0.031203 0.030723
0 0.735711 0.659434 0.032328 0.030430
0 0.361656 0.293594 0.035875 0.029961
0 0.484812 0.815967 0.033000 0.030605
0 0.535531 0.181621 0.034594 0.034102
0 0.423555 0.574121 0.034891 0.031484
0 0.699734 0.415156 0.035656 0.036211
0 0.474859 0.601162 0.034844 0.032520
0 0.591414 0.470352 0.036484 0.034102
0 0.655203 0.139648 0.034625 0.033945
0 0.247852 0.266904 0.034516 0.028535
0 0.371805 0.541191 0.035078 0.029062
0 0.537789 0.854893 0.033953 0.028691
0 0.770203 0.103926 0.037625 0.033789
0 0.629523 0.716729 0.035359 0.032559
0 0.798031 0.371748 0.037312 0.032129
0 0.674141 0.930742 0.035438 0.030078
0 0.881555 0.078516 0.036484 0.031484
0 0.287430 0.003164 0.021484 0.006328
0 0.425977 0.778701 0.032078 0.029160
0 0.363734 0.736787 0.031844 0.027676
0 0.311758 0.520234 0.033578 0.028281
0 0.201250 0.251270 0.030844 0.026445
0 0.264688 0.492881 0.032594 0.025449
0 0.345969 0.900967 0.031344 0.029785
0 0.156367 0.784443 0.032141 0.026582
0 0.184180 0.620908 0.031047 0.027676
0 0.207375 0.475195 0.031281 0.024414
0 0.156539 0.235068 0.029297 0.027988
0 0.114305 0.224355 0.027484 0.025742
0 0.054438 0.229150 0.026563 0.024629
0 0.023398 0.356797 0.029141 0.024258
0 0.008937 0.505098 0.017875 0.026563
0 0.123461 0.945869 0.031953 0.027441