0 0.391867 0.309883 0.036953 0.033711
0 0.336172 0.247021 0.031188 0.030723
0 0.770336 0.611211 0.032328 0.030430
0 0.364742 0.274746 0.035859 0.029961
0 0.551766 0.775303 0.033000 0.030605
0 0.478273 0.177656 0.034609 0.034102
0 0.460617 0.541680 0.034891 0.031484
0 0.695000 0.376064 0.035656 0.033496
0 0.490734 0.583721 0.034844 0.032520
0 0.576211 0.454590 0.036484 0.034102
0 0.610938 0.116230 0.034625 0.033945
0 0.307320 0.224326 0.032953 0.028535
0 0.432812 0.498594 0.034406 0.027383
0 0.580477 0.825684 0.033953 0.028672
0 0.735172 0.056563 0.037625 0.033789
0 0.655492 0.686006 0.035359 0.031387
0 0.804711 0.311660 0.037328 0.030898
0 0.732586 0.895684 0.031703 0.026602
0 0.854773 0.007793 0.036484 0.015586
0 0.248016 0.003662 0.021500 0.007324
0 0.510812 0.729746 0.032094 0.029141
0 0.476133 0.685400 0.031859 0.027676
0 0.398867 0.466240 0.030422 0.025957
0 0.287438 0.200381 0.030844 0.026426
0 0.373000 0.432412 0.030687 0.024785
0 0.434625 0.852402 0.031344 0.028555
0 0.243578 0.724424 0.032156 0.027637
0 0.293328 0.559424 0.031062 0.027676
0 0.336289 0.413594 0.029766 0.024414
0 0.263320 0.177227 0.029297 0.027969
0 0.241227 0.158193 0.027484 0.025723
0 0.204828 0.160654 0.026562 0.024629
0 0.154805 0.289590 0.029141 0.024258
0 0.107570 0.432998 0.028922 0.025137
0 0.048125 0.588926 0.028687 0.025625
0 0.188492 0.889072 0.031953 0.027441
0 0.619781 0.978721 0.030187 0.024902
0 0.026086 0.031475 0.024266 0.023574