0 0.413570 0.305137 0.036953 0.033711
0 0.308477 0.268975 0.031203 0.030723
0 0.742867 0.649600 0.032328 0.030449
0 0.361867 0.291543 0.035859 0.029961
0 0.497906 0.807793 0.033000 0.030625
0 0.523602 0.181074 0.034609 0.034102
0 0.433055 0.568359 0.034891 0.031484
0 0.699297 0.406758 0.035656 0.036211
0 0.477719 0.599883 0.034844 0.032500
0 0.588500 0.467598 0.036469 0.034102
0 0.646188 0.132910 0.034625 0.033945
0 0.260844 0.257959 0.034500 0.028535
0 0.385102 0.532666 0.035078 0.029043
0 0.548305 0.848477 0.033953 0.028672
0 0.764297 0.091055 0.037625 0.033789
0 0.636977 0.709697 0.035359 0.032559
0 0.799359 0.359131 0.037312 0.032129
0 0.687109 0.925273 0.035437 0.030078
0 0.876164 0.061406 0.036484 0.031484
0 0.283008 0.002549 0.021484 0.005098
0 0.443875 0.768193 0.032094 0.029160
0 0.387875 0.726934 0.031844 0.027695
0 0.330070 0.508984 0.033578 0.028281
0 0.220172 0.240273 0.030844 0.026445
0 0.288148 0.479092 0.031453 0.024160
0 0.366156 0.889795 0.031344 0.030488
0 0.174703 0.770645 0.032156 0.027227
0 0.208625 0.607295 0.031063 0.027676
0 0.235555 0.461133 0.030359 0.024414
0 0.180055 0.221523 0.029297 0.027969
0 0.141680 0.209492 0.027484 0.025742
0 0.087656 0.214053 0.026562 0.024629
0 0.051867 0.340840 0.029141 0.024258
0 0.025297 0.489668 0.026062 0.025156
0 0.136242 0.933301 0.031953 0.027461