0 0.427195 0.303789 0.036953 0.033711
0 0.297273 0.277588 0.031203 0.030723
0 0.732133 0.664346 0.032328 0.030449
0 0.361555 0.294609 0.035859 0.029961
0 0.477719 0.820195 0.033000 0.030625
0 0.541492 0.181904 0.034609 0.034082
0 0.418789 0.576992 0.034891 0.031484
0 0.699953 0.419346 0.035656 0.036191
0 0.473422 0.601797 0.034844 0.032500
0 0.592875 0.471738 0.036469 0.034102
0 0.659719 0.143008 0.034625 0.033945
0 0.241359 0.271387 0.034500 0.028555
0 0.365148 0.546055 0.035078 0.029062
0 0.532789 0.857344 0.033953 0.028672
0 0.773687 0.110586 0.037625 0.033789
0 0.626992 0.719150 0.035359 0.032559
0 0.797367 0.378506 0.037328 0.032129
0 0.667812 0.934453 0.035438 0.030078
0 0.884242 0.087734 0.036484 0.031484
0 0.293320 0.003164 0.021484 0.006328
0 0.416273 0.783887 0.032078 0.029141
0 0.351625 0.742148 0.031844 0.027695
0 0.302609 0.525859 0.033562 0.028281
0 0.191797 0.256768 0.030844 0.026426
0 0.252961 0.499785 0.033172 0.026094
0 0.335875 0.906533 0.031344 0.029434
0 0.147203 0.791348 0.032156 0.026250
0 0.171961 0.627725 0.031047 0.027676
0 0.193289 0.482227 0.031734 0.024414
0 0.144773 0.241846 0.029297 0.027988
0 0.100617 0.231787 0.027484 0.025723
0 0.037828 0.236709 0.026562 0.024629
0 0.010984 0.365625 0.021969 0.024258
0 0.003320 0.514336 0.006641 0.021367
0 0.117070 0.952158 0.031953 0.027441