0 0.388617 0.310723 0.036953 0.033711
0 0.340719 0.243389 0.031187 0.030723
0 0.774867 0.604844 0.032328 0.030430
0 0.365289 0.271660 0.035859 0.029961
0 0.560797 0.769902 0.033000 0.030625
0 0.470805 0.177051 0.034609 0.034102
0 0.464867 0.537109 0.034891 0.031484
0 0.694203 0.371055 0.035656 0.032969
0 0.492953 0.580664 0.034844 0.032500
0 0.574141 0.452344 0.036469 0.034102
0 0.605094 0.113789 0.034625 0.033945
0 0.314883 0.218799 0.032641 0.028535
0 0.440375 0.493457 0.034719 0.028125
0 0.585508 0.821973 0.033953 0.028672
0 0.730133 0.051387 0.037609 0.033789
0 0.658195 0.682197 0.035359 0.031152
0 0.805602 0.303848 0.037328 0.030664
0 0.739930 0.890176 0.031703 0.026602
0 0.851164 0.004160 0.036484 0.008320
0 0.243500 0.004414 0.021500 0.008828
0 0.521813 0.723457 0.032094 0.029141
0 0.490562 0.678398 0.031844 0.027695
0 0.409164 0.459941 0.031828 0.026992
0 0.298375 0.193867 0.030844 0.026445
0 0.386844 0.424922 0.030687 0.025078
0 0.445625 0.846416 0.031344 0.028066
0 0.254914 0.717021 0.032141 0.027637
0 0.307008 0.551670 0.031047 0.027676
0 0.352680 0.405977 0.029766 0.024414
0 0.276836 0.170176 0.029297 0.027969
0 0.257484 0.149922 0.027469 0.025742
0 0.223828 0.151982 0.026562 0.024629
0 0.171594 0.281465 0.029125 0.024258
0 0.120945 0.426846 0.028922 0.025137
0 0.059039 0.581689 0.027734 0.025645
0 0.197234 0.881904 0.031969 0.027441
0 0.631266 0.972891 0.030938 0.025313
0 0.006211 0.750146 0.012422 0.027793
0 0.005227 0.156777 0.010453 0.018008
0 0.043852 0.023848 0.024641 0.024492