0 0.399180 0.308008 0.036953 0.033711
0 0.325945 0.255166 0.031203 0.030723
0 0.760117 0.625537 0.032328 0.030449
0 0.363508 0.281699 0.035859 0.029961
0 0.531453 0.787471 0.033000 0.030605
0 0.495102 0.179033 0.034609 0.034082
0 0.451070 0.551973 0.034891 0.031484
0 0.696805 0.387363 0.035641 0.034727
0 0.485734 0.590605 0.034844 0.032500
0 0.580867 0.459609 0.036484 0.034102
0 0.624094 0.121719 0.034625 0.033945
0 0.290297 0.236787 0.033656 0.028535
0 0.415359 0.511289 0.034656 0.027969
0 0.569148 0.834004 0.033953 0.028672
0 0.746500 0.068223 0.037625 0.033789
0 0.649383 0.694551 0.035359 0.031914
0 0.802695 0.329238 0.037328 0.031445
0 0.716023 0.907568 0.032859 0.027676
0 0.864672 0.024180 0.036500 0.030078
0 0.260922 0.003154 0.021500 0.006309
0 0.486055 0.743896 0.032078 0.029160
0 0.443656 0.701133 0.031844 0.027695
0 0.373539 0.481992 0.031547 0.026797
0 0.262844 0.215039 0.030844 0.026445
0 0.341859 0.449277 0.030688 0.024102
0 0.409859 0.865889 0.031344 0.029629
0 0.218086 0.741084 0.032141 0.027637
0 0.262547 0.576875 0.031062 0.027695
0 0.299414 0.430781 0.029766 0.024414
0 0.232906 0.193096 0.029312 0.027988
0 0.204641 0.176816 0.027469 0.025742
0 0.162078 0.180146 0.026562 0.024629
0 0.117023 0.307871 0.029141 0.024258
0 0.076758 0.453115 0.028922 0.025137
0 0.024797 0.605869 0.027875 0.025645
0 0.168812 0.905205 0.031969 0.027441
0 0.589984 0.988096 0.027687 0.020918