0 0.400805 0.307598 0.036953 0.033711
0 0.323672 0.256982 0.031188 0.030723
0 0.757852 0.628721 0.032328 0.030449
0 0.363227 0.283242 0.035859 0.029961
0 0.526945 0.790176 0.032984 0.030625
0 0.498836 0.179336 0.034609 0.034102
0 0.448945 0.554258 0.034891 0.031484
0 0.697203 0.389873 0.035656 0.034980
0 0.484625 0.592139 0.034844 0.032520
0 0.581898 0.460723 0.036484 0.034102
0 0.627031 0.122930 0.034625 0.033945
0 0.286516 0.239541 0.033812 0.028535
0 0.411461 0.514141 0.034734 0.028164
0 0.566633 0.835859 0.033953 0.028672
0 0.749016 0.070801 0.037625 0.033789
0 0.648039 0.696465 0.035359 0.032031
0 0.802258 0.333135 0.037328 0.031582
0 0.712336 0.910117 0.033328 0.028125
0 0.866102 0.028877 0.036484 0.030332
0 0.263867 0.003076 0.021484 0.006152
0 0.480555 0.747041 0.032078 0.029160
0 0.436437 0.704629 0.031844 0.027695
0 0.367859 0.485537 0.031906 0.027051
0 0.257375 0.218291 0.030844 0.026426
0 0.334937 0.453018 0.030688 0.023965
0 0.404359 0.868877 0.031344 0.029863
0 0.212422 0.744795 0.032156 0.027637
0 0.255703 0.580752 0.031062 0.027676
0 0.291211 0.434590 0.029766 0.024414
0 0.226148 0.196621 0.029297 0.027969
0 0.196516 0.180957 0.027469 0.025742
0 0.152562 0.184482 0.026562 0.024629
0 0.108625 0.311934 0.029125 0.024258
0 0.069898 0.457764 0.028922 0.025137
0 0.019094 0.609932 0.028500 0.025645
0 0.164445 0.908789 0.031953 0.027461
0 0.583797 0.989385 0.027688 0.018574