0 0.415086 0.304980 0.036953 0.033711
0 0.307227 0.269932 0.031203 0.030723
0 0.741680 0.651240 0.032328 0.030449
0 0.361828 0.291885 0.035875 0.029941
0 0.495719 0.809160 0.033000 0.030625
0 0.525586 0.181162 0.034609 0.034082
0 0.431477 0.569336 0.034891 0.031484
0 0.699367 0.408154 0.035641 0.036191
0 0.477242 0.600098 0.034828 0.032500
0 0.588984 0.468047 0.036469 0.034102
0 0.647703 0.134033 0.034625 0.033965
0 0.258672 0.259463 0.034500 0.028535
0 0.382883 0.534082 0.035078 0.029062
0 0.546555 0.849541 0.033953 0.028691
0 0.765281 0.093203 0.037625 0.033789
0 0.635727 0.710869 0.035359 0.032559
0 0.799133 0.361230 0.037328 0.032109
0 0.684945 0.926172 0.035422 0.030078
0 0.877055 0.064258 0.036484 0.031484
0 0.283008 0.002549 0.021484 0.005098
0 0.440891 0.769941 0.032094 0.029141
0 0.383844 0.728574 0.031844 0.027695
0 0.327016 0.510859 0.033562 0.028281
0 0.217016 0.242109 0.030844 0.026445
0 0.284242 0.481387 0.031641 0.024375
0 0.362789 0.891660 0.031328 0.030352
0 0.171648 0.772949 0.032141 0.027109
0 0.204547 0.609561 0.031062 0.027676
0 0.230859 0.463477 0.030531 0.024414
0 0.176133 0.223779 0.029297 0.027988
0 0.137117 0.211963 0.027484 0.025723
0 0.082125 0.216572 0.026562 0.024629
0 0.047125 0.343496 0.029125 0.024258
0 0.021875 0.492422 0.025344 0.025156
0 0.134117 0.935400 0.031953 0.027441