0 0.391055 0.310098 0.036953 0.033711
0 0.337313 0.246104 0.031188 0.030723
0 0.771461 0.609629 0.032328 0.030430
0 0.364883 0.273984 0.035859 0.029961
0 0.554023 0.773955 0.032984 0.030605
0 0.476414 0.177510 0.034609 0.034082
0 0.461680 0.540537 0.034891 0.031465
0 0.694805 0.374814 0.035641 0.033379
0 0.491281 0.582959 0.034844 0.032520
0 0.575695 0.454023 0.036484 0.034102
0 0.609484 0.115625 0.034625 0.033945
0 0.309211 0.222939 0.032891 0.028535
0 0.434703 0.497314 0.034500 0.027559
0 0.581727 0.824756 0.033953 0.028691
0 0.733906 0.055273 0.037625 0.033789
0 0.656164 0.685059 0.035359 0.031328
0 0.804930 0.309697 0.037328 0.030840
0 0.734414 0.894316 0.031703 0.026602
0 0.855484 0.008213 0.036500 0.016426
0 0.246883 0.003848 0.021484 0.007695
0 0.513563 0.728174 0.032094 0.029160
0 0.479742 0.683652 0.031859 0.027695
0 0.401437 0.464668 0.030781 0.026211
0 0.290172 0.198750 0.030844 0.026445
0 0.376469 0.430537 0.030687 0.024863
0 0.437375 0.850908 0.031344 0.028418
0 0.246414 0.722568 0.032141 0.027637
0 0.296750 0.557490 0.031063 0.027676
0 0.340383 0.411699 0.029766 0.024414
0 0.266695 0.175469 0.029297 0.027969
0 0.245289 0.156123 0.027484 0.025723
0 0.209578 0.158486 0.026562 0.024629
0 0.159000 0.287559 0.029125 0.024258
0 0.110914 0.431455 0.028922 0.025137
0 0.050852 0.587119 0.028453 0.025645
0 0.190680 0.887285 0.031953 0.027461
0 0.622648 0.977266 0.030391 0.025000
0 0.004445 0.756543 0.008891 0.024727
0 0.030523 0.029580 0.024359 0.023809