0 0.434758 0.303047 0.036953 0.033711
0 0.291055 0.282393 0.031203 0.030723
0 0.726172 0.672539 0.032312 0.030430
0 0.361383 0.296309 0.035859 0.029961
0 0.465438 0.827344 0.033000 0.030625
0 0.551430 0.182363 0.034609 0.034102
0 0.410867 0.581797 0.034891 0.031484
0 0.700328 0.426348 0.035656 0.036211
0 0.471039 0.602861 0.034828 0.032520
0 0.595305 0.474043 0.036484 0.034102
0 0.667219 0.148633 0.034625 0.033945
0 0.230531 0.278838 0.034500 0.028535
0 0.354070 0.554648 0.035078 0.029062
0 0.524711 0.860791 0.033953 0.028691
0 0.779953 0.121875 0.037625 0.033789
0 0.623742 0.722275 0.035359 0.032559
0 0.796266 0.390127 0.037312 0.032129
0 0.657383 0.941426 0.035422 0.030078
0 0.888734 0.103652 0.036500 0.031484
0 0.298883 0.005215 0.021484 0.010430
0 0.399445 0.792480 0.032078 0.029141
0 0.331430 0.751445 0.031859 0.027695
0 0.287352 0.535234 0.033578 0.028281
0 0.176031 0.265928 0.030844 0.026426
0 0.233414 0.511279 0.034109 0.027168
0 0.319047 0.915840 0.031344 0.028867
0 0.131922 0.802842 0.032156 0.025723
0 0.151594 0.639072 0.031062 0.027676
0 0.169813 0.493945 0.032500 0.024414
0 0.125180 0.253135 0.029297 0.027988
0 0.077000 0.244443 0.027469 0.025723
0 0.011531 0.250186 0.023062 0.022129
0 0.106414 0.962627 0.031953 0.027441