0 0.387805 0.310937 0.036953 0.033711
0 0.341852 0.242490 0.031203 0.030723
0 0.776008 0.603262 0.032328 0.030430
0 0.365430 0.270898 0.035859 0.029961
0 0.563047 0.768545 0.033000 0.030605
0 0.468938 0.176895 0.034594 0.034102
0 0.465930 0.535957 0.034891 0.031484
0 0.694000 0.369795 0.035656 0.032832
0 0.493500 0.579902 0.034844 0.032500
0 0.573625 0.451797 0.036469 0.034102
0 0.603625 0.113184 0.034625 0.033945
0 0.316773 0.217412 0.032578 0.028535
0 0.442266 0.492178 0.034781 0.028301
0 0.586758 0.821055 0.033953 0.028672
0 0.728875 0.050098 0.037625 0.033789
0 0.658867 0.681250 0.035359 0.031094
0 0.805820 0.301895 0.037328 0.030586
0 0.741758 0.888809 0.031703 0.026602
0 0.850383 0.003057 0.036484 0.006113
0 0.242367 0.004600 0.021484 0.009199
0 0.524563 0.721885 0.032094 0.029160
0 0.494172 0.676650 0.031844 0.027676
0 0.411742 0.458369 0.032172 0.027246
0 0.301102 0.192236 0.030828 0.026426
0 0.390313 0.423047 0.030688 0.025156
0 0.448375 0.844912 0.031344 0.027949
0 0.257750 0.715166 0.032156 0.027637
0 0.310430 0.549727 0.031047 0.027695
0 0.356773 0.404062 0.029766 0.024414
0 0.280211 0.168408 0.029297 0.027988
0 0.261555 0.147852 0.027484 0.025742
0 0.228578 0.149814 0.026562 0.024629
0 0.175789 0.279434 0.029141 0.024258
0 0.124289 0.425312 0.028922 0.025156
0 0.061758 0.579873 0.027484 0.025645
0 0.199414 0.880107 0.031953 0.027441
0 0.634133 0.971436 0.031109 0.025410
0 0.006797 0.748018 0.013594 0.028809
0 0.006938 0.153916 0.013875 0.020059
0 0.048297 0.021943 0.024750 0.024707