0 0.404063 0.306777 0.036938 0.033711
0 0.319133 0.260596 0.031203 0.030723
0 0.753313 0.635088 0.032313 0.030449
0 0.362680 0.286328 0.035859 0.029961
0 0.517922 0.795586 0.033000 0.030625
0 0.506305 0.179941 0.034609 0.034102
0 0.444711 0.558828 0.034891 0.031484
0 0.698000 0.394893 0.035656 0.035527
0 0.482406 0.595205 0.034844 0.032520
0 0.583969 0.462969 0.036469 0.034102
0 0.632875 0.125371 0.034625 0.033945
0 0.278953 0.245088 0.034125 0.028535
0 0.403680 0.519854 0.034891 0.028574
0 0.561602 0.839561 0.033953 0.028691
0 0.754055 0.075977 0.037609 0.033789
0 0.645320 0.700254 0.035359 0.032266
0 0.801359 0.340947 0.037312 0.031816
0 0.704961 0.915225 0.034266 0.029004
0 0.868977 0.038271 0.036484 0.030840
0 0.269758 0.002910 0.021484 0.005820
0 0.469555 0.753330 0.032078 0.029160
0 0.422008 0.711621 0.031859 0.027695
0 0.356484 0.492627 0.032656 0.027598
0 0.246453 0.224805 0.030844 0.026445
0 0.321094 0.460527 0.030687 0.023672
0 0.393359 0.874873 0.031344 0.030332
0 0.201094 0.752197 0.032156 0.027637
0 0.242023 0.588516 0.031047 0.027695
0 0.274820 0.442227 0.029766 0.024414
0 0.212633 0.203672 0.029297 0.027969
0 0.180258 0.189229 0.027484 0.025723
0 0.133563 0.193154 0.026562 0.024629
0 0.091836 0.320059 0.029141 0.024258
0 0.056164 0.467061 0.028922 0.025137
0 0.011281 0.618037 0.022562 0.025645
0 0.155695 0.915957 0.031953 0.027461
0 0.570047 0.991611 0.027687 0.013145