0 0.402430 0.307188 0.036953 0.033711
0 0.321406 0.258799 0.031188 0.030723
0 0.755586 0.631904 0.032328 0.030449
0 0.362961 0.284785 0.035859 0.029961
0 0.522430 0.792871 0.032984 0.030625
0 0.502570 0.179639 0.034609 0.034082
0 0.446820 0.556543 0.034891 0.031484
0 0.697602 0.392373 0.035641 0.035254
0 0.483516 0.593672 0.034844 0.032500
0 0.582938 0.461836 0.036469 0.034102
0 0.629953 0.124150 0.034625 0.033965
0 0.282734 0.242314 0.033969 0.028535
0 0.407578 0.517002 0.034813 0.028379
0 0.564117 0.837715 0.033953 0.028672
0 0.751539 0.073398 0.037609 0.033789
0 0.646680 0.698359 0.035359 0.032148
0 0.801805 0.337041 0.037328 0.031699
0 0.708648 0.912676 0.033797 0.028555
0 0.867539 0.033574 0.036484 0.030586
0 0.266813 0.002998 0.021500 0.005996
0 0.475055 0.750186 0.032078 0.029160
0 0.429219 0.708125 0.031844 0.027695
0 0.362172 0.489082 0.032281 0.027344
0 0.251906 0.221543 0.030844 0.026445
0 0.328016 0.456768 0.030687 0.023809
0 0.398859 0.871875 0.031344 0.030117
0 0.206758 0.748486 0.032141 0.027637
0 0.248859 0.584639 0.031062 0.027676
0 0.283023 0.438398 0.029766 0.024414
0 0.219391 0.200146 0.029312 0.027988
0 0.188383 0.185098 0.027484 0.025742
0 0.143063 0.188818 0.026562 0.024629
0 0.100234 0.315996 0.029125 0.024258
0 0.063031 0.462412 0.028906 0.025137
0 0.015188 0.613984 0.025531 0.025625
0 0.160070 0.912373 0.031953 0.027441
0 0.576922 0.990508 0.027687 0.015859