0 0.404875 0.306563 0.036937 0.033711
0 0.317992 0.261514 0.031203 0.030723
0 0.752180 0.636680 0.032328 0.030430
0 0.362547 0.287090 0.035875 0.029961
0 0.515656 0.796934 0.033000 0.030625
0 0.508180 0.180098 0.034609 0.034102
0 0.443648 0.559961 0.034891 0.031484
0 0.698203 0.396143 0.035656 0.035645
0 0.481844 0.595967 0.034844 0.032520
0 0.584484 0.463516 0.036469 0.034102
0 0.634344 0.125977 0.034625 0.033945
0 0.277062 0.246475 0.034187 0.028535
0 0.401742 0.521279 0.034922 0.028652
0 0.560352 0.840488 0.033953 0.028672
0 0.755312 0.077285 0.037625 0.033789
0 0.644648 0.701201 0.035359 0.032324
0 0.801133 0.342900 0.037328 0.031895
0 0.703125 0.916504 0.034500 0.029219
0 0.869695 0.040605 0.036484 0.030977
0 0.271227 0.002871 0.021484 0.005742
0 0.466805 0.754893 0.032078 0.029160
0 0.418398 0.713369 0.031859 0.027676
0 0.353641 0.494395 0.032844 0.027734
0 0.243719 0.226436 0.030844 0.026426
0 0.317641 0.462393 0.030688 0.023613
0 0.390609 0.876367 0.031344 0.030469
0 0.198258 0.754043 0.032141 0.027656
0 0.238602 0.590459 0.031047 0.027676
0 0.270727 0.444121 0.029766 0.024414
0 0.209250 0.205439 0.029313 0.027988
0 0.176187 0.191299 0.027469 0.025723
0 0.128812 0.195322 0.026562 0.024629
0 0.087641 0.322090 0.029125 0.024258
0 0.052727 0.469385 0.028922 0.025137
0 0.010172 0.620283 0.020344 0.025215
0 0.153508 0.917754 0.031953 0.027461
0 0.566617 0.992178 0.027672 0.011777