0 0.436273 0.302891 0.036953 0.033711
0 0.289813 0.283350 0.031188 0.030723
0 0.724977 0.674180 0.032328 0.030430
0 0.361352 0.296660 0.035859 0.029961
0 0.462984 0.828770 0.033000 0.030625
0 0.553422 0.182451 0.034594 0.034082
0 0.409289 0.582754 0.034891 0.031484
0 0.700398 0.427744 0.035641 0.036191
0 0.470562 0.603076 0.034844 0.032520
0 0.595789 0.474492 0.036484 0.034102
0 0.668719 0.149746 0.034625 0.033945
0 0.228375 0.280342 0.034500 0.028535
0 0.351867 0.556367 0.035078 0.029062
0 0.523086 0.861484 0.033953 0.028672
0 0.781203 0.124141 0.037625 0.033789
0 0.623102 0.722900 0.035359 0.032559
0 0.796039 0.392451 0.037328 0.032129
0 0.655297 0.942813 0.035438 0.030078
0 0.889633 0.106836 0.036484 0.031484
0 0.300195 0.005928 0.021484 0.011855
0 0.396086 0.794199 0.032078 0.029141
0 0.327391 0.753301 0.031844 0.027695
0 0.284305 0.537109 0.033578 0.028281
0 0.172875 0.267754 0.030844 0.026445
0 0.229500 0.513584 0.034313 0.027402
0 0.315688 0.917695 0.031344 0.028750
0 0.128859 0.805137 0.032156 0.025625
0 0.147516 0.641338 0.031062 0.027676
0 0.165109 0.496289 0.032656 0.024414
0 0.121258 0.255391 0.029297 0.027969
0 0.072273 0.246973 0.027484 0.025742
0 0.008922 0.253779 0.017844 0.019863
0 0.104289 0.964727 0.031953 0.027461